time	Ix(x1:VP)
0.000000000000000e+00	0.000000e+00
7.245000045389008e-06	3.391244e-11
1.449000009077802e-05	5.989703e-11
2.173500013616702e-05	7.795376e-11
2.898000018155603e-05	8.808264e-11
3.622500022694504e-05	9.028366e-11
4.347000027233404e-05	8.455683e-11
5.071500031772304e-05	7.090214e-11
5.950406281772305e-05	7.032713e-11
6.243375031772305e-05	7.015953e-11
6.536343781772305e-05	7.001123e-11
6.829312531772305e-05	6.989008e-11
7.122281281772306e-05	6.980792e-11
7.415250031772306e-05	6.978237e-11
7.708218781772306e-05	6.983951e-11
8.001187531772307e-05	7.001756e-11
8.294156281772307e-05	7.037167e-11
8.587125031772307e-05	7.097976e-11
8.880093781772307e-05	7.194857e-11
9.173062531772308e-05	7.341727e-11
9.466031281772308e-05	7.555384e-11
9.759000031772308e-05	7.853664e-11
1.005196878177231e-04	8.251391e-11
1.034493753177231e-04	8.754299e-11
1.063790628177231e-04	9.353065e-11
1.093087503177231e-04	1.002150e-10
1.122384378177231e-04	1.072211e-10
1.151681253177231e-04	1.141749e-10
1.180978128177231e-04	1.208148e-10
1.210275003177231e-04	1.270405e-10
1.239571878177231e-04	1.328902e-10
1.268868753177231e-04	1.384805e-10
1.298165628177231e-04	1.439493e-10
1.327462503177231e-04	1.494179e-10
1.356759378177231e-04	1.549751e-10
1.386056253177231e-04	1.606711e-10
1.415353128177231e-04	1.665069e-10
1.444650003177231e-04	1.723815e-10
1.473946878177231e-04	1.779097e-10
1.503243753177231e-04	1.821859e-10
1.523707149890264e-04	1.834269e-10
1.538746997458623e-04	1.827410e-10
1.552342471905041e-04	1.808006e-10
1.568932529161607e-04	1.772573e-10
1.584726894095182e-04	1.731943e-10
1.609572896634603e-04	1.658371e-10
1.638869771634603e-04	1.549547e-10
1.668166646634603e-04	1.394379e-10
1.697463521634603e-04	1.206311e-10
1.726760396634603e-04	1.065903e-10
1.752322285102274e-04	1.010178e-10
1.781619160102274e-04	9.460391e-11
1.802841183709564e-04	7.834276e-11
1.825647535707252e-04	4.051180e-11
1.854113833904075e-04	2.638600e-12
1.883410708904075e-04	3.940381e-12
1.912707583904075e-04	2.444706e-11
1.942004458904075e-04	4.214121e-11
1.971301333904075e-04	5.224932e-11
2.000598208904075e-04	5.702418e-11
2.029895083904075e-04	5.889159e-11
2.059191958904075e-04	5.913194e-11
2.088488833904075e-04	5.860433e-11
2.117785708904075e-04	5.780743e-11
2.205676333904075e-04	5.534764e-11
2.285196423189789e-04	5.397915e-11
2.364716512475504e-04	5.280024e-11
2.444236601761218e-04	5.181091e-11
2.523756691046933e-04	5.101116e-11
2.603276780332647e-04	5.040099e-11
2.682796869618361e-04	4.998040e-11
2.762316958904075e-04	4.974938e-11
2.954839280332647e-04	4.894077e-11
3.147361601761219e-04	4.828244e-11
3.339883923189790e-04	4.777439e-11
3.532406244618362e-04	4.741663e-11
3.724928566046934e-04	4.720916e-11
3.917450887475505e-04	4.715196e-11
4.109973208904076e-04	4.724506e-11
4.147640619618362e-04	4.726851e-11
4.185308030332648e-04	4.742915e-11
4.222975441046933e-04	4.772700e-11
4.260642851761220e-04	4.816204e-11
4.298310262475505e-04	4.873427e-11
4.335977673189791e-04	4.944370e-11
4.373645083904077e-04	5.029033e-11
4.432238833904077e-04	5.268676e-11
4.461535708904077e-04	5.438875e-11
4.490832583904077e-04	5.649461e-11
4.549426333904077e-04	6.217645e-11
4.578723208904077e-04	6.596495e-11
4.608020083904077e-04	7.062792e-11
4.637316958904077e-04	7.644992e-11
4.666613833904077e-04	8.376706e-11
4.695910708904077e-04	9.279704e-11
4.725207583904077e-04	1.033736e-10
4.754504458904077e-04	1.147901e-10
4.783801333904077e-04	1.259673e-10
4.813098208904077e-04	1.358143e-10
4.842395083904077e-04	1.436183e-10
4.871691958904077e-04	1.492128e-10
4.900988833904077e-04	1.528816e-10
4.930285708904077e-04	1.550979e-10
4.959582583904077e-04	1.564016e-10
4.977758917808154e-04	1.567959e-10
5.000000000000000e-04	1.462914e-10
5.001411158561630e-04	-3.950747e-11
5.004233475684892e-04	-1.342665e-10
5.009878109931416e-04	-1.371700e-10
5.021167378424463e-04	-1.405383e-10
5.043745915410555e-04	-1.449707e-10
5.073042790410555e-04	-1.478836e-10
5.102339665410555e-04	-1.484499e-10
5.131636540410555e-04	-1.473116e-10
5.160933415410555e-04	-1.448118e-10
5.190230290410556e-04	-1.410371e-10
5.219527165410556e-04	-1.359930e-10
5.248824040410556e-04	-1.297180e-10
5.278120915410556e-04	-1.223332e-10
5.307417790410556e-04	-1.140283e-10
5.336714665410556e-04	-1.050508e-10
5.366011540410556e-04	-9.571453e-11
5.395308415410556e-04	-8.636913e-11
5.424605290410556e-04	-7.738181e-11
5.453902165410556e-04	-6.917414e-11
5.483199040410556e-04	-6.217649e-11
5.512495915410556e-04	-5.667839e-11
5.541792790410556e-04	-5.272144e-11
5.571089665410556e-04	-5.011868e-11
5.600386540410556e-04	-4.855824e-11
5.629683415410556e-04	-4.771145e-11
5.658980290410556e-04	-4.730080e-11
5.688277165410556e-04	-4.712546e-11
5.717574040410556e-04	-4.705876e-11
5.746870915410556e-04	-4.703169e-11
5.805464665410556e-04	-4.699208e-11
5.893355290410556e-04	-4.691993e-11
5.981245915410556e-04	-4.689215e-11
6.069136540410556e-04	-4.689950e-11
6.157027165410556e-04	-4.694197e-11
6.244917790410556e-04	-4.701956e-11
6.332808415410557e-04	-4.713228e-11
6.420699040410557e-04	-4.728012e-11
6.508589665410557e-04	-4.746308e-11
6.663444576124843e-04	-4.772103e-11
6.818299486839128e-04	-4.811037e-11
6.973154397553414e-04	-4.863109e-11
7.128009308267700e-04	-4.928319e-11
7.282864218981986e-04	-5.006667e-11
7.437719129696273e-04	-5.098153e-11
7.592574040410558e-04	-5.202778e-11
7.646982522553415e-04	-5.242844e-11
7.701391004696272e-04	-5.313350e-11
7.755799486839129e-04	-5.414297e-11
7.810207968981987e-04	-5.545684e-11
7.864616451124844e-04	-5.707511e-11
7.919024933267701e-04	-5.899779e-11
7.973433415410558e-04	-6.122487e-11
8.061324040410558e-04	-6.576076e-11
8.149214665410558e-04	-7.064173e-11
8.237105290410558e-04	-7.551908e-11
8.324995915410558e-04	-8.031781e-11
8.383589665410558e-04	-8.348937e-11
8.442183415410558e-04	-8.664519e-11
8.500777165410558e-04	-8.975639e-11
8.559370915410559e-04	-9.272032e-11
8.588667790410559e-04	-9.407788e-11
8.617964665410559e-04	-9.528844e-11
8.647261540410559e-04	-9.628034e-11
8.676558415410559e-04	-9.695961e-11
8.705855290410559e-04	-9.721117e-11
8.735152165410559e-04	-9.690770e-11
8.764449040410559e-04	-9.593088e-11
8.793745915410559e-04	-9.420655e-11
8.823042790410559e-04	-9.174744e-11
8.852339665410559e-04	-8.868494e-11
8.881636540410559e-04	-8.526573e-11
8.910933415410559e-04	-8.180131e-11
8.940230290410559e-04	-7.858812e-11
8.969527165410559e-04	-7.583716e-11
8.998824040410559e-04	-7.364447e-11
9.028120915410559e-04	-7.200507e-11
9.057417790410559e-04	-7.085010e-11
9.086714665410559e-04	-7.008455e-11
9.116011540410559e-04	-6.961365e-11
9.145308415410559e-04	-6.935622e-11
9.174605290410559e-04	-6.924870e-11
9.203902165410559e-04	-6.924423e-11
9.233199040410559e-04	-6.930957e-11
9.262495915410559e-04	-6.942184e-11
9.291792790410559e-04	-6.956562e-11
9.321089665410559e-04	-6.973069e-11
9.350386540410559e-04	-6.991042e-11
9.379683415410559e-04	-7.010052e-11
9.408980290410559e-04	-7.029832e-11
9.467574040410559e-04	-7.071101e-11
9.526167790410559e-04	-7.114201e-11
9.584761540410559e-04	-7.158972e-11
9.643355290410559e-04	-7.205458e-11
9.731245915410560e-04	-7.278682e-11
9.819136540410557e-04	-7.356590e-11
9.907027165410554e-04	-7.439809e-11
1.000000000000000e-03	-7.547078e-11
1.007106409767595e-03	-7.442370e-12
1.014212819535190e-03	4.488125e-11
1.021319229302784e-03	8.150007e-11
1.028425639070379e-03	1.024141e-10
1.035532048837974e-03	1.076234e-10
1.042638458605569e-03	9.712782e-11
1.049744868373164e-03	7.092749e-11
1.058533930873163e-03	7.032436e-11
1.064393305873163e-03	6.996142e-11
1.067322993373163e-03	6.979861e-11
1.070252680873163e-03	6.965456e-11
1.073182368373163e-03	6.953721e-11
1.076112055873163e-03	6.945867e-11
1.079041743373162e-03	6.943724e-11
1.081971430873162e-03	6.950026e-11
1.084901118373162e-03	6.968799e-11
1.087830805873162e-03	7.005845e-11
1.090760493373162e-03	7.069262e-11
1.093690180873162e-03	7.169804e-11
1.096619868373162e-03	7.320678e-11
1.099549555873162e-03	7.536101e-11
1.102479243373162e-03	7.827834e-11
1.105408930873162e-03	8.199542e-11
1.108338618373161e-03	8.640500e-11
1.111268305873161e-03	9.122346e-11
1.114197993373161e-03	9.602749e-11
1.117127680873161e-03	1.003599e-10
1.120057368373161e-03	1.038498e-10
1.122987055873161e-03	1.062770e-10
1.125916743373161e-03	1.075547e-10
1.128846430873161e-03	1.076603e-10
1.131776118373161e-03	1.065724e-10
1.134705805873160e-03	1.042785e-10
1.137635493373160e-03	1.008892e-10
1.140565180873160e-03	9.678536e-11
1.143494868373160e-03	9.260851e-11
1.146424555873160e-03	8.900373e-11
1.149354243373160e-03	8.631849e-11
1.155213618373160e-03	8.333096e-11
1.158143305873160e-03	8.244057e-11
1.161072993373160e-03	8.160991e-11
1.164002680873159e-03	8.070633e-11
1.166932368373159e-03	7.967892e-11
1.169862055873159e-03	7.852445e-11
1.172791743373159e-03	7.726066e-11
1.178651118373159e-03	7.449442e-11
1.187440180873159e-03	6.999792e-11
1.196229243373158e-03	6.535539e-11
1.205018305873158e-03	6.096067e-11
1.213807368373158e-03	5.737964e-11
1.220085270158872e-03	5.574165e-11
1.226363171944586e-03	5.433394e-11
1.232641073730300e-03	5.315650e-11
1.238918975516014e-03	5.220934e-11
1.245196877301728e-03	5.149246e-11
1.251474779087442e-03	5.100585e-11
1.257752680873156e-03	5.074952e-11
1.279516073730298e-03	4.965284e-11
1.301279466587440e-03	4.875368e-11
1.323042859444582e-03	4.805203e-11
1.344806252301724e-03	4.754790e-11
1.366569645158866e-03	4.724128e-11
1.388333038016009e-03	4.713218e-11
1.410096430873151e-03	4.722059e-11
1.413863171944579e-03	4.724359e-11
1.417629913016007e-03	4.739225e-11
1.421396654087436e-03	4.766658e-11
1.425163395158864e-03	4.806656e-11
1.428930136230293e-03	4.859221e-11
1.432696877301721e-03	4.924353e-11
1.436463618373150e-03	5.002050e-11
1.442322993373149e-03	5.223660e-11
1.445252680873149e-03	5.382483e-11
1.448182368373149e-03	5.580083e-11
1.451112055873149e-03	5.821935e-11
1.456971430873149e-03	6.471782e-11
1.459901118373149e-03	6.908546e-11
1.462830805873149e-03	7.451601e-11
1.465760493373149e-03	8.133957e-11
1.468690180873148e-03	8.983776e-11
1.471619868373148e-03	9.998872e-11
1.474549555873148e-03	1.112511e-10
1.477479243373148e-03	1.226254e-10
1.480408930873148e-03	1.329813e-10
1.483338618373148e-03	1.414568e-10
1.486268305873148e-03	1.477169e-10
1.489197993373148e-03	1.519311e-10
1.492127680873148e-03	1.545416e-10
1.495057368373147e-03	1.560602e-10
1.497070312500002e-03	1.566360e-10
1.500000000000002e-03	1.571635e-10
1.500292968750002e-03	-3.701662e-11
1.500878906250002e-03	-1.364288e-10
1.502050781250002e-03	-1.403615e-10
1.504394531250002e-03	-1.449650e-10
1.507324218750002e-03	-1.478968e-10
1.510253906250002e-03	-1.484459e-10
1.513183593750001e-03	-1.473005e-10
1.516113281250001e-03	-1.447896e-10
1.519042968750001e-03	-1.410079e-10
1.521972656250001e-03	-1.359538e-10
1.524902343750001e-03	-1.296718e-10
1.527832031250001e-03	-1.222792e-10
1.530761718750001e-03	-1.139695e-10
1.533691406250001e-03	-1.049878e-10
1.536621093750001e-03	-9.565071e-11
1.539550781250000e-03	-8.630619e-11
1.542480468750000e-03	-7.732288e-11
1.545410156250000e-03	-6.912190e-11
1.548339843750000e-03	-6.213385e-11
1.551269531250000e-03	-5.664631e-11
1.554199218750000e-03	-5.269949e-11
1.557128906250000e-03	-5.010491e-11
1.560058593750000e-03	-4.855043e-11
1.562988281250000e-03	-4.770744e-11
1.565917968749999e-03	-4.729899e-11
1.568847656249999e-03	-4.712474e-11
1.571777343749999e-03	-4.705850e-11
1.574707031249999e-03	-4.703155e-11
1.580566406249999e-03	-4.699193e-11
1.589355468749999e-03	-4.691978e-11
1.598144531249998e-03	-4.689212e-11
1.606933593749998e-03	-4.689957e-11
1.615722656249998e-03	-4.694213e-11
1.624511718749997e-03	-4.701980e-11
1.633300781249997e-03	-4.713258e-11
1.642089843749997e-03	-4.728048e-11
1.650878906249996e-03	-4.746349e-11
1.666364397321424e-03	-4.772143e-11
1.681849888392852e-03	-4.811082e-11
1.697335379464280e-03	-4.863168e-11
1.712820870535709e-03	-4.928400e-11
1.728306361607137e-03	-5.006778e-11
1.743791852678564e-03	-5.098301e-11
1.759277343749993e-03	-5.202971e-11
1.764718191964278e-03	-5.243078e-11
1.770159040178563e-03	-5.313647e-11
1.775599888392849e-03	-5.414679e-11
1.781040736607135e-03	-5.546174e-11
1.786481584821420e-03	-5.708131e-11
1.791922433035706e-03	-5.900551e-11
1.797363281249991e-03	-6.123434e-11
1.806152343749991e-03	-6.577164e-11
1.814941406249990e-03	-7.065287e-11
1.823730468749990e-03	-7.553005e-11
1.832519531249990e-03	-8.032863e-11
1.838378906249990e-03	-8.350014e-11
1.844238281249989e-03	-8.665588e-11
1.850097656249989e-03	-8.976681e-11
1.855957031249989e-03	-9.272993e-11
1.858886718749989e-03	-9.408668e-11
1.861816406249989e-03	-9.529602e-11
1.864746093749989e-03	-9.628614e-11
1.867675781249989e-03	-9.696292e-11
1.870605468749988e-03	-9.721113e-11
1.873535156249988e-03	-9.690344e-11
1.876464843749988e-03	-9.592172e-11
1.879394531249988e-03	-9.419222e-11
1.882324218749988e-03	-9.172841e-11
1.885253906249988e-03	-8.866254e-11
1.888183593749988e-03	-8.524194e-11
1.891113281249988e-03	-8.177829e-11
1.894042968749988e-03	-7.856766e-11
1.896972656249988e-03	-7.582030e-11
1.899902343749987e-03	-7.363148e-11
1.902832031249987e-03	-7.199567e-11
1.905761718749987e-03	-7.084368e-11
1.908691406249987e-03	-7.008045e-11
1.911621093749987e-03	-6.961126e-11
1.914550781249987e-03	-6.935504e-11
1.917480468749987e-03	-6.924836e-11
1.920410156249987e-03	-6.924447e-11
1.923339843749987e-03	-6.931020e-11
1.926269531249986e-03	-6.942272e-11
1.929199218749986e-03	-6.956667e-11
1.932128906249986e-03	-6.973187e-11
1.935058593749986e-03	-6.991169e-11
1.937988281249986e-03	-7.010185e-11
1.940917968749986e-03	-7.029968e-11
1.946777343749986e-03	-7.071245e-11
1.952636718749986e-03	-7.114351e-11
1.958496093749986e-03	-7.159127e-11
1.964355468749986e-03	-7.205619e-11
1.973144531249986e-03	-7.278853e-11
1.981933593749987e-03	-7.356772e-11
1.990722656249987e-03	-7.440005e-11
2.000000000000002e-03	-7.538241e-11
2.007114955357139e-03	-7.392443e-12
2.014229910714275e-03	4.490114e-11
2.021344866071413e-03	8.149833e-11
2.028459821428549e-03	1.023991e-10
2.035574776785686e-03	1.076035e-10
2.042689732142823e-03	9.711157e-11
2.049804687499960e-03	7.092320e-11
2.058593749999960e-03	7.032046e-11
2.064453124999960e-03	6.995794e-11
2.067382812499961e-03	6.979546e-11
2.070312499999961e-03	6.965186e-11
2.073242187499961e-03	6.953516e-11
2.076171874999961e-03	6.945759e-11
2.079101562499961e-03	6.943757e-11
2.082031249999961e-03	6.950268e-11
2.084960937499961e-03	6.969349e-11
2.087890624999961e-03	7.006844e-11
2.090820312499961e-03	7.070902e-11
2.093749999999962e-03	7.172333e-11
2.096679687499962e-03	7.324384e-11
2.099609374999962e-03	7.541263e-11
2.102539062499962e-03	7.834632e-11
2.105468749999962e-03	8.207919e-11
2.108398437499962e-03	8.650055e-11
2.111328124999962e-03	9.132328e-11
2.114257812499962e-03	9.612214e-11
2.117187499999962e-03	1.004406e-10
2.120117187499963e-03	1.039105e-10
2.123046874999963e-03	1.063147e-10
2.125976562499963e-03	1.075687e-10
2.128906249999963e-03	1.076502e-10
2.131835937499963e-03	1.065375e-10
2.134765624999963e-03	1.042195e-10
2.137695312499963e-03	1.008107e-10
2.140624999999963e-03	9.669837e-11
2.143554687499963e-03	9.252735e-11
2.146484374999964e-03	8.893922e-11
2.149414062499964e-03	8.627356e-11
2.155273437499964e-03	8.331079e-11
2.158203124999964e-03	8.242363e-11
2.161132812499964e-03	8.159248e-11
2.164062499999964e-03	8.068666e-11
2.166992187499964e-03	7.965658e-11
2.169921874999964e-03	7.849967e-11
2.175781249999965e-03	7.588209e-11
2.184570312499965e-03	7.149588e-11
2.193359374999965e-03	6.686814e-11
2.202148437499966e-03	6.233402e-11
2.210937499999966e-03	5.843016e-11
2.219726562499966e-03	5.559248e-11
2.227260044642824e-03	5.420534e-11
2.234793526785681e-03	5.301086e-11
2.242327008928539e-03	5.200905e-11
2.249860491071396e-03	5.119989e-11
2.257393973214253e-03	5.058340e-11
2.264927455357111e-03	5.015957e-11
2.272460937499968e-03	4.992840e-11
2.292131696428540e-03	4.907630e-11
2.311802455357113e-03	4.837936e-11
2.331473214285685e-03	4.783759e-11
2.351143973214257e-03	4.745099e-11
2.370814732142829e-03	4.721954e-11
2.390485491071401e-03	4.714326e-11
2.410156249999974e-03	4.722215e-11
2.413922991071402e-03	4.724518e-11
2.417689732142831e-03	4.739461e-11
2.421456473214260e-03	4.767043e-11
2.425223214285688e-03	4.807266e-11
2.428989955357117e-03	4.860128e-11
2.432756696428546e-03	4.925630e-11
2.436523437499975e-03	5.003772e-11
2.442382812499975e-03	5.226548e-11
2.445312499999975e-03	5.386113e-11
2.448242187499975e-03	5.584558e-11
2.451171874999975e-03	5.827382e-11
2.457031249999975e-03	6.479823e-11
2.459960937499975e-03	6.918468e-11
2.462890624999976e-03	7.464023e-11
2.465820312499976e-03	8.149570e-11
2.468749999999976e-03	9.002939e-11
2.471679687499976e-03	1.002103e-10
2.474609374999976e-03	1.114861e-10
2.477539062499976e-03	1.228507e-10
2.480468749999976e-03	1.331753e-10
2.483398437499976e-03	1.416069e-10
2.486328124999976e-03	1.478222e-10
2.489257812499977e-03	1.519988e-10
2.492187499999977e-03	1.545817e-10
2.495117187499977e-03	1.560836e-10
2.497070312500004e-03	1.566376e-10
2.500000000000004e-03	1.571659e-10
2.500292968750004e-03	-3.701615e-11
2.500878906250004e-03	-1.364289e-10
2.502050781250004e-03	-1.403614e-10
2.504394531250004e-03	-1.449650e-10
2.507324218750004e-03	-1.478967e-10
2.510253906250004e-03	-1.484459e-10
2.513183593750004e-03	-1.473005e-10
2.516113281250005e-03	-1.447896e-10
2.519042968750005e-03	-1.410079e-10
2.521972656250005e-03	-1.359538e-10
2.524902343750005e-03	-1.296718e-10
2.527832031250005e-03	-1.222792e-10
2.530761718750005e-03	-1.139695e-10
2.533691406250005e-03	-1.049878e-10
2.536621093750005e-03	-9.565071e-11
2.539550781250005e-03	-8.630619e-11
2.542480468750006e-03	-7.732288e-11
2.545410156250006e-03	-6.912191e-11
2.548339843750006e-03	-6.213385e-11
2.551269531250006e-03	-5.664631e-11
2.554199218750006e-03	-5.269949e-11
2.557128906250006e-03	-5.010491e-11
2.560058593750006e-03	-4.855043e-11
2.562988281250006e-03	-4.770744e-11
2.565917968750006e-03	-4.729899e-11
2.568847656250007e-03	-4.712474e-11
2.571777343750007e-03	-4.705850e-11
2.574707031250007e-03	-4.703155e-11
2.580566406250007e-03	-4.699193e-11
2.589355468750007e-03	-4.691978e-11
2.598144531250008e-03	-4.689212e-11
2.606933593750008e-03	-4.689957e-11
2.615722656250008e-03	-4.694213e-11
2.624511718750009e-03	-4.701980e-11
2.633300781250009e-03	-4.713258e-11
2.642089843750009e-03	-4.728048e-11
2.650878906250010e-03	-4.746349e-11
2.666364397321439e-03	-4.772142e-11
2.681849888392868e-03	-4.811082e-11
2.697335379464297e-03	-4.863168e-11
2.712820870535726e-03	-4.928399e-11
2.728306361607155e-03	-5.006777e-11
2.743791852678585e-03	-5.098301e-11
2.759277343750014e-03	-5.202971e-11
2.764718191964300e-03	-5.243078e-11
2.770159040178586e-03	-5.313647e-11
2.775599888392872e-03	-5.414679e-11
2.781040736607157e-03	-5.546174e-11
2.786481584821443e-03	-5.708131e-11
2.791922433035729e-03	-5.900551e-11
2.797363281250015e-03	-6.123434e-11
2.806152343750016e-03	-6.577164e-11
2.814941406250016e-03	-7.065287e-11
2.823730468750016e-03	-7.553005e-11
2.832519531250017e-03	-8.032863e-11
2.838378906250017e-03	-8.350014e-11
2.844238281250017e-03	-8.665588e-11
2.850097656250017e-03	-8.976681e-11
2.855957031250017e-03	-9.272992e-11
2.858886718750018e-03	-9.408668e-11
2.861816406250018e-03	-9.529602e-11
2.864746093750018e-03	-9.628614e-11
2.867675781250018e-03	-9.696291e-11
2.870605468750018e-03	-9.721112e-11
2.873535156250018e-03	-9.690344e-11
2.876464843750018e-03	-9.592172e-11
2.879394531250018e-03	-9.419222e-11
2.882324218750018e-03	-9.172841e-11
2.885253906250019e-03	-8.866254e-11
2.888183593750019e-03	-8.524194e-11
2.891113281250019e-03	-8.177829e-11
2.894042968750019e-03	-7.856766e-11
2.896972656250019e-03	-7.582029e-11
2.899902343750019e-03	-7.363149e-11
2.902832031250019e-03	-7.199567e-11
2.905761718750019e-03	-7.084368e-11
2.908691406250019e-03	-7.008046e-11
2.911621093750020e-03	-6.961126e-11
2.914550781250020e-03	-6.935504e-11
2.917480468750020e-03	-6.924836e-11
2.920410156250020e-03	-6.924447e-11
2.923339843750020e-03	-6.931020e-11
2.926269531250020e-03	-6.942272e-11
2.929199218750020e-03	-6.956667e-11
2.932128906250020e-03	-6.973187e-11
2.935058593750020e-03	-6.991169e-11
2.937988281250021e-03	-7.010185e-11
2.940917968750021e-03	-7.029968e-11
2.946777343750021e-03	-7.071245e-11
2.952636718750021e-03	-7.114350e-11
2.958496093750021e-03	-7.159127e-11
2.964355468750022e-03	-7.205619e-11
2.973144531250022e-03	-7.278853e-11
2.981933593750022e-03	-7.356772e-11
2.990722656250023e-03	-7.440005e-11
2.998046874999966e-03	-7.513829e-11
2.999999999999890e-03	-7.538253e-11
