time	Ix(x1:VOUT)
0.000000000000000e+00	-1.583136e-15
7.245000045389008e-06	3.066560e-10
1.449000009077802e-05	3.863831e-10
2.173500013616702e-05	2.391799e-10
2.898000018155603e-05	-1.349536e-10
3.622500022694504e-05	-7.360176e-10
4.347000027233404e-05	-1.564012e-09
5.071500031772304e-05	-2.618937e-09
5.950406281772305e-05	-9.110521e-09
6.243375031772305e-05	-1.371525e-08
6.536343781772305e-05	-2.056989e-08
6.829312531772305e-05	-3.072006e-08
7.122281281772306e-05	-4.566063e-08
7.415250031772306e-05	-6.750673e-08
7.708218781772306e-05	-9.921926e-08
8.001187531772307e-05	-1.448988e-07
8.294156281772307e-05	-2.101638e-07
8.587125031772307e-05	-3.026295e-07
8.880093781772307e-05	-4.324952e-07
9.173062531772308e-05	-6.132229e-07
9.466031281772308e-05	-8.622376e-07
9.759000031772308e-05	-1.201498e-06
1.005196878177231e-04	-1.657698e-06
1.034493753177231e-04	-2.261805e-06
1.063790628177231e-04	-3.047719e-06
1.093087503177231e-04	-4.050009e-06
1.122384378177231e-04	-5.301019e-06
1.151681253177231e-04	-6.827880e-06
1.180978128177231e-04	-8.650068e-06
1.210275003177231e-04	-1.077798e-05
1.239571878177231e-04	-1.321272e-05
1.268868753177231e-04	-1.594691e-05
1.298165628177231e-04	-1.896618e-05
1.327462503177231e-04	-2.225102e-05
1.356759378177231e-04	-2.577870e-05
1.386056253177231e-04	-2.952560e-05
1.415353128177231e-04	-3.347160e-05
1.444650003177231e-04	-3.761275e-05
1.473946878177231e-04	-4.199887e-05
1.503243753177231e-04	-4.675976e-05
1.523707149890264e-04	-5.047557e-05
1.538746997458623e-04	-5.353414e-05
1.552342471905041e-04	-5.657164e-05
1.568932529161607e-04	-6.054304e-05
1.584726894095182e-04	-6.450173e-05
1.609572896634603e-04	-7.098787e-05
1.638869771634603e-04	-7.914377e-05
1.668166646634603e-04	-8.826407e-05
1.697463521634603e-04	-9.811126e-05
1.726760396634603e-04	-1.071951e-04
1.752322285102274e-04	-1.138211e-04
1.781619160102274e-04	-1.201209e-04
1.802841183709564e-04	-1.214093e-04
1.825647535707252e-04	-1.131430e-04
1.854113833904075e-04	-8.938329e-05
1.883410708904075e-04	-6.154329e-05
1.912707583904075e-04	-4.044639e-05
1.942004458904075e-04	-2.796745e-05
1.971301333904075e-04	-2.139276e-05
2.000598208904075e-04	-1.807661e-05
2.029895083904075e-04	-1.645238e-05
2.059191958904075e-04	-1.567379e-05
2.088488833904075e-04	-1.529825e-05
2.117785708904075e-04	-1.511039e-05
2.205676333904075e-04	-1.492328e-05
2.285196423189789e-04	-1.488697e-05
2.364716512475504e-04	-1.485733e-05
2.444236601761218e-04	-1.483439e-05
2.523756691046933e-04	-1.481812e-05
2.603276780332647e-04	-1.480853e-05
2.682796869618361e-04	-1.480563e-05
2.762316958904075e-04	-1.480941e-05
2.954839280332647e-04	-1.479661e-05
3.147361601761219e-04	-1.479595e-05
3.339883923189790e-04	-1.480745e-05
3.532406244618362e-04	-1.483109e-05
3.724928566046934e-04	-1.486689e-05
3.917450887475505e-04	-1.491483e-05
4.109973208904076e-04	-1.497493e-05
4.147640619618362e-04	-1.498645e-05
4.185308030332648e-04	-1.501890e-05
4.222975441046933e-04	-1.507226e-05
4.260642851761220e-04	-1.514654e-05
4.298310262475505e-04	-1.524174e-05
4.335977673189791e-04	-1.535785e-05
4.373645083904077e-04	-1.549489e-05
4.432238833904077e-04	-1.588681e-05
4.461535708904077e-04	-1.617000e-05
4.490832583904077e-04	-1.652135e-05
4.549426333904077e-04	-1.742241e-05
4.578723208904077e-04	-1.794211e-05
4.608020083904077e-04	-1.845879e-05
4.637316958904077e-04	-1.889986e-05
4.666613833904077e-04	-1.915303e-05
4.695910708904077e-04	-1.907616e-05
4.725207583904077e-04	-1.854408e-05
4.754504458904077e-04	-1.751670e-05
4.783801333904077e-04	-1.607216e-05
4.813098208904077e-04	-1.437411e-05
4.842395083904077e-04	-1.260452e-05
4.871691958904077e-04	-1.091017e-05
4.900988833904077e-04	-9.382113e-06
4.930285708904077e-04	-8.059571e-06
4.959582583904077e-04	-6.917993e-06
4.977758917808154e-04	-6.317725e-06
5.000000000000000e-04	-5.684185e-06
5.001411158561630e-04	-5.424997e-06
5.004233475684892e-04	-4.886435e-06
5.009878109931416e-04	-3.848478e-06
5.021167378424463e-04	-2.109816e-06
5.043745915410555e-04	4.573130e-07
5.073042790410555e-04	2.725333e-06
5.102339665410555e-04	4.247339e-06
5.131636540410555e-04	5.397505e-06
5.160933415410555e-04	6.439765e-06
5.190230290410556e-04	7.522058e-06
5.219527165410556e-04	8.740711e-06
5.248824040410556e-04	1.016822e-05
5.278120915410556e-04	1.185754e-05
5.307417790410556e-04	1.382251e-05
5.336714665410556e-04	1.599313e-05
5.366011540410556e-04	1.817436e-05
5.395308415410556e-04	2.007356e-05
5.424605290410556e-04	2.141522e-05
5.453902165410556e-04	2.205882e-05
5.483199040410556e-04	2.203203e-05
5.512495915410556e-04	2.148549e-05
5.541792790410556e-04	2.062154e-05
5.571089665410556e-04	1.963321e-05
5.600386540410556e-04	1.866759e-05
5.629683415410556e-04	1.781429e-05
5.658980290410556e-04	1.711188e-05
5.688277165410556e-04	1.656262e-05
5.717574040410556e-04	1.614828e-05
5.746870915410556e-04	1.584266e-05
5.805464665410556e-04	1.545656e-05
5.893355290410556e-04	1.517786e-05
5.981245915410556e-04	1.507797e-05
6.069136540410556e-04	1.499502e-05
6.157027165410556e-04	1.492899e-05
6.244917790410556e-04	1.487990e-05
6.332808415410557e-04	1.484775e-05
6.420699040410557e-04	1.483252e-05
6.508589665410557e-04	1.483423e-05
6.663444576124843e-04	1.481769e-05
6.818299486839128e-04	1.480333e-05
6.973154397553414e-04	1.479113e-05
7.128009308267700e-04	1.478110e-05
7.282864218981986e-04	1.477325e-05
7.437719129696273e-04	1.476756e-05
7.592574040410558e-04	1.476404e-05
7.646982522553415e-04	1.476315e-05
7.701391004696272e-04	1.476023e-05
7.755799486839129e-04	1.475528e-05
7.810207968981987e-04	1.474830e-05
7.864616451124844e-04	1.473930e-05
7.919024933267701e-04	1.472827e-05
7.973433415410558e-04	1.471520e-05
8.061324040410558e-04	1.467807e-05
8.149214665410558e-04	1.462109e-05
8.237105290410558e-04	1.453664e-05
8.324995915410558e-04	1.441119e-05
8.383589665410558e-04	1.429378e-05
8.442183415410558e-04	1.413750e-05
8.500777165410558e-04	1.392748e-05
8.559370915410559e-04	1.364324e-05
8.588667790410559e-04	1.346507e-05
8.617964665410559e-04	1.325771e-05
8.647261540410559e-04	1.301690e-05
8.676558415410559e-04	1.273833e-05
8.705855290410559e-04	1.241801e-05
8.735152165410559e-04	1.205270e-05
8.764449040410559e-04	1.164060e-05
8.793745915410559e-04	1.118196e-05
8.823042790410559e-04	1.067975e-05
8.852339665410559e-04	1.014002e-05
8.881636540410559e-04	9.571736e-06
8.910933415410559e-04	8.986226e-06
8.940230290410559e-04	8.396024e-06
8.969527165410559e-04	7.813528e-06
8.998824040410559e-04	7.249733e-06
9.028120915410559e-04	6.713342e-06
9.057417790410559e-04	6.210387e-06
9.086714665410559e-04	5.744316e-06
9.116011540410559e-04	5.316391e-06
9.145308415410559e-04	4.926219e-06
9.174605290410559e-04	4.572267e-06
9.203902165410559e-04	4.252291e-06
9.233199040410559e-04	3.963661e-06
9.262495915410559e-04	3.703592e-06
9.291792790410559e-04	3.469303e-06
9.321089665410559e-04	3.258117e-06
9.350386540410559e-04	3.067524e-06
9.379683415410559e-04	2.895220e-06
9.408980290410559e-04	2.739117e-06
9.467574040410559e-04	2.468271e-06
9.526167790410559e-04	2.242517e-06
9.584761540410559e-04	2.052255e-06
9.643355290410559e-04	1.890166e-06
9.731245915410560e-04	1.688028e-06
9.819136540410557e-04	1.523388e-06
9.907027165410554e-04	1.386917e-06
1.000000000000000e-03	1.265521e-06
1.007106409767595e-03	1.189080e-06
1.014212819535190e-03	1.118615e-06
1.021319229302784e-03	1.054128e-06
1.028425639070379e-03	9.956167e-07
1.035532048837974e-03	9.430821e-07
1.042638458605569e-03	8.965241e-07
1.049744868373164e-03	8.559427e-07
1.058533930873163e-03	8.040479e-07
1.064393305873163e-03	7.665249e-07
1.067322993373163e-03	7.449729e-07
1.070252680873163e-03	7.200227e-07
1.073182368373163e-03	6.898994e-07
1.076112055873163e-03	6.520974e-07
1.079041743373162e-03	6.031128e-07
1.081971430873162e-03	5.380937e-07
1.084901118373162e-03	4.503891e-07
1.087830805873162e-03	3.309767e-07
1.090760493373162e-03	1.677561e-07
1.093690180873162e-03	-5.527519e-08
1.096619868373162e-03	-3.588856e-07
1.099549555873162e-03	-7.693290e-07
1.102479243373162e-03	-1.318612e-06
1.105408930873162e-03	-2.043899e-06
1.108338618373161e-03	-2.985662e-06
1.111268305873161e-03	-4.184334e-06
1.114197993373161e-03	-5.675519e-06
1.117127680873161e-03	-7.483963e-06
1.120057368373161e-03	-9.616426e-06
1.122987055873161e-03	-1.205302e-05
1.125916743373161e-03	-1.473587e-05
1.128846430873161e-03	-1.755404e-05
1.131776118373161e-03	-2.032702e-05
1.134705805873160e-03	-2.279920e-05
1.137635493373160e-03	-2.467086e-05
1.140565180873160e-03	-2.568488e-05
1.143494868373160e-03	-2.574058e-05
1.146424555873160e-03	-2.495439e-05
1.149354243373160e-03	-2.361211e-05
1.155213618373160e-03	-2.052937e-05
1.158143305873160e-03	-1.921765e-05
1.161072993373160e-03	-1.816884e-05
1.164002680873159e-03	-1.737325e-05
1.166932368373159e-03	-1.678952e-05
1.169862055873159e-03	-1.636840e-05
1.172791743373159e-03	-1.606523e-05
1.178651118373159e-03	-1.568015e-05
1.187440180873159e-03	-1.537126e-05
1.196229243373158e-03	-1.518696e-05
1.205018305873158e-03	-1.505609e-05
1.213807368373158e-03	-1.496182e-05
1.220085270158872e-03	-1.492136e-05
1.226363171944586e-03	-1.488756e-05
1.232641073730300e-03	-1.486043e-05
1.238918975516014e-03	-1.483996e-05
1.245196877301728e-03	-1.482616e-05
1.251474779087442e-03	-1.481903e-05
1.257752680873156e-03	-1.481855e-05
1.279516073730298e-03	-1.479956e-05
1.301279466587440e-03	-1.479407e-05
1.323042859444582e-03	-1.480208e-05
1.344806252301724e-03	-1.482359e-05
1.366569645158866e-03	-1.485860e-05
1.388333038016009e-03	-1.490711e-05
1.410096430873151e-03	-1.496913e-05
1.413863171944579e-03	-1.498079e-05
1.417629913016007e-03	-1.501153e-05
1.421396654087436e-03	-1.506134e-05
1.425163395158864e-03	-1.513021e-05
1.428930136230293e-03	-1.521816e-05
1.432696877301721e-03	-1.532517e-05
1.436463618373150e-03	-1.545125e-05
1.442322993373149e-03	-1.581250e-05
1.445252680873149e-03	-1.607588e-05
1.448182368373149e-03	-1.640586e-05
1.451112055873149e-03	-1.680533e-05
1.456971430873149e-03	-1.778018e-05
1.459901118373149e-03	-1.830387e-05
1.462830805873149e-03	-1.877822e-05
1.465760493373149e-03	-1.910347e-05
1.468690180873148e-03	-1.914352e-05
1.471619868373148e-03	-1.876086e-05
1.474549555873148e-03	-1.788289e-05
1.477479243373148e-03	-1.655193e-05
1.480408930873148e-03	-1.491199e-05
1.483338618373148e-03	-1.314643e-05
1.486268305873148e-03	-1.141659e-05
1.489197993373148e-03	-9.831058e-06
1.492127680873148e-03	-8.443680e-06
1.495057368373147e-03	-7.252946e-06
1.497070312500002e-03	-6.561616e-06
1.500000000000002e-03	-5.678007e-06
1.500292968750002e-03	-5.129631e-06
1.500878906250002e-03	-4.057760e-06
1.502050781250002e-03	-2.228424e-06
1.504394531250002e-03	4.650335e-07
1.507324218750002e-03	2.738966e-06
1.510253906250002e-03	4.256547e-06
1.513183593750001e-03	5.404904e-06
1.516113281250001e-03	6.446989e-06
1.519042968750001e-03	7.529832e-06
1.521972656250001e-03	8.749694e-06
1.524902343750001e-03	1.017879e-05
1.527832031250001e-03	1.187002e-05
1.530761718750001e-03	1.383673e-05
1.533691406250001e-03	1.600824e-05
1.536621093750001e-03	1.818860e-05
1.539550781250000e-03	2.008483e-05
1.542480468750000e-03	2.142202e-05
1.545410156250000e-03	2.206079e-05
1.548339843750000e-03	2.202985e-05
1.551269531250000e-03	2.148045e-05
1.554199218750000e-03	2.061503e-05
1.557128906250000e-03	1.962643e-05
1.560058593750000e-03	1.866133e-05
1.562988281250000e-03	1.780898e-05
1.565917968749999e-03	1.710763e-05
1.568847656249999e-03	1.655937e-05
1.571777343749999e-03	1.614587e-05
1.574707031249999e-03	1.584089e-05
1.580566406249999e-03	1.545561e-05
1.589355468749999e-03	1.517745e-05
1.598144531249998e-03	1.507769e-05
1.606933593749998e-03	1.499484e-05
1.615722656249998e-03	1.492890e-05
1.624511718749997e-03	1.487986e-05
1.633300781249997e-03	1.484774e-05
1.642089843749997e-03	1.483251e-05
1.650878906249996e-03	1.483420e-05
1.666364397321424e-03	1.481767e-05
1.681849888392852e-03	1.480331e-05
1.697335379464280e-03	1.479112e-05
1.712820870535709e-03	1.478109e-05
1.728306361607137e-03	1.477324e-05
1.743791852678564e-03	1.476755e-05
1.759277343749993e-03	1.476403e-05
1.764718191964278e-03	1.476314e-05
1.770159040178563e-03	1.476022e-05
1.775599888392849e-03	1.475527e-05
1.781040736607135e-03	1.474828e-05
1.786481584821420e-03	1.473926e-05
1.791922433035706e-03	1.472822e-05
1.797363281249991e-03	1.471514e-05
1.806152343749991e-03	1.467797e-05
1.814941406249990e-03	1.462093e-05
1.823730468749990e-03	1.453641e-05
1.832519531249990e-03	1.441084e-05
1.838378906249990e-03	1.429332e-05
1.844238281249989e-03	1.413688e-05
1.850097656249989e-03	1.392666e-05
1.855957031249989e-03	1.364211e-05
1.858886718749989e-03	1.346377e-05
1.861816406249989e-03	1.325619e-05
1.864746093749989e-03	1.301513e-05
1.867675781249989e-03	1.273630e-05
1.870605468749988e-03	1.241568e-05
1.873535156249988e-03	1.205006e-05
1.876464843749988e-03	1.163763e-05
1.879394531249988e-03	1.117868e-05
1.882324218749988e-03	1.067620e-05
1.885253906249988e-03	1.013623e-05
1.888183593749988e-03	9.567795e-06
1.891113281249988e-03	8.982211e-06
1.894042968749988e-03	8.392020e-06
1.896972656249988e-03	7.809616e-06
1.899902343749987e-03	7.245981e-06
1.902832031249987e-03	6.709801e-06
1.905761718749987e-03	6.207088e-06
1.908691406249987e-03	5.741274e-06
1.911621093749987e-03	5.313609e-06
1.914550781249987e-03	4.923690e-06
1.917480468749987e-03	4.569978e-06
1.920410156249987e-03	4.250224e-06
1.923339843749987e-03	3.961797e-06
1.926269531249986e-03	3.701914e-06
1.929199218749986e-03	3.467791e-06
1.932128906249986e-03	3.256753e-06
1.935058593749986e-03	3.066292e-06
1.937988281249986e-03	2.894105e-06
1.940917968749986e-03	2.738106e-06
1.946777343749986e-03	2.467432e-06
1.952636718749986e-03	2.241814e-06
1.958496093749986e-03	2.051659e-06
1.964355468749986e-03	1.889655e-06
1.973144531249986e-03	1.687616e-06
1.981933593749987e-03	1.523050e-06
1.990722656249987e-03	1.386634e-06
2.000000000000002e-03	1.265562e-06
2.007114955357139e-03	1.189022e-06
2.014229910714275e-03	1.118473e-06
2.021344866071413e-03	1.053915e-06
2.028459821428549e-03	9.953471e-07
2.035574776785686e-03	9.427702e-07
2.042689732142823e-03	8.961840e-07
2.049804687499960e-03	8.555886e-07
2.058593749999960e-03	8.036863e-07
2.064453124999960e-03	7.661098e-07
2.067382812499961e-03	7.445025e-07
2.070312499999961e-03	7.194665e-07
2.073242187499961e-03	6.892143e-07
2.076171874999961e-03	6.512230e-07
2.079101562499961e-03	6.019648e-07
2.082031249999961e-03	5.365560e-07
2.084960937499961e-03	4.483035e-07
2.087890624999961e-03	3.281294e-07
2.090820312499961e-03	1.638624e-07
2.093749999999962e-03	-6.058884e-08
2.096679687499962e-03	-3.660984e-07
2.099609374999962e-03	-7.790374e-07
2.102539062499962e-03	-1.331527e-06
2.105468749999962e-03	-2.060823e-06
2.108398437499962e-03	-3.007434e-06
2.111328124999962e-03	-4.211749e-06
2.114257812499962e-03	-5.709213e-06
2.117187499999962e-03	-7.524280e-06
2.120117187499963e-03	-9.663259e-06
2.123046874999963e-03	-1.210561e-05
2.125976562499963e-03	-1.479255e-05
2.128906249999963e-03	-1.761186e-05
2.131835937499963e-03	-2.038149e-05
2.134765624999963e-03	-2.284445e-05
2.137695312499963e-03	-2.470082e-05
2.140624999999963e-03	-2.569558e-05
2.143554687499963e-03	-2.573219e-05
2.146484374999964e-03	-2.493140e-05
2.149414062499964e-03	-2.358130e-05
2.155273437499964e-03	-2.050018e-05
2.158203124999964e-03	-1.919355e-05
2.161132812499964e-03	-1.815017e-05
2.164062499999964e-03	-1.735938e-05
2.166992187499964e-03	-1.677946e-05
2.169921874999964e-03	-1.636116e-05
2.175781249999965e-03	-1.584067e-05
2.184570312499965e-03	-1.545185e-05
2.193359374999965e-03	-1.523954e-05
2.202148437499966e-03	-1.509448e-05
2.210937499999966e-03	-1.498885e-05
2.219726562499966e-03	-1.491685e-05
2.227260044642824e-03	-1.488500e-05
2.234793526785681e-03	-1.485871e-05
2.242327008928539e-03	-1.483797e-05
2.249860491071396e-03	-1.482279e-05
2.257393973214253e-03	-1.481317e-05
2.264927455357111e-03	-1.480911e-05
2.272460937499968e-03	-1.481060e-05
2.292131696428540e-03	-1.479718e-05
2.311802455357113e-03	-1.479580e-05
2.331473214285685e-03	-1.480646e-05
2.351143973214257e-03	-1.482916e-05
2.370814732142829e-03	-1.486390e-05
2.390485491071401e-03	-1.491068e-05
2.410156249999974e-03	-1.496950e-05
2.413922991071402e-03	-1.498116e-05
2.417689732142831e-03	-1.501201e-05
2.421456473214260e-03	-1.506204e-05
2.425223214285688e-03	-1.513126e-05
2.428989955357117e-03	-1.521967e-05
2.432756696428546e-03	-1.532726e-05
2.436523437499975e-03	-1.545404e-05
2.442382812499975e-03	-1.581726e-05
2.445312499999975e-03	-1.608193e-05
2.448242187499975e-03	-1.641333e-05
2.451171874999975e-03	-1.681419e-05
2.457031249999975e-03	-1.779090e-05
2.459960937499975e-03	-1.831432e-05
2.462890624999976e-03	-1.878676e-05
2.465820312499976e-03	-1.910764e-05
2.468749999999976e-03	-1.914035e-05
2.471679687499976e-03	-1.874795e-05
2.474609374999976e-03	-1.785989e-05
2.477539062499976e-03	-1.652093e-05
2.480468749999976e-03	-1.487658e-05
2.483398437499976e-03	-1.311029e-05
2.486328124999976e-03	-1.138250e-05
2.489257812499977e-03	-9.800649e-06
2.492187499999977e-03	-8.417555e-06
2.495117187499977e-03	-7.230142e-06
2.497070312500004e-03	-6.560765e-06
2.500000000000004e-03	-5.678105e-06
2.500292968750004e-03	-5.129699e-06
2.500878906250004e-03	-4.057801e-06
2.502050781250004e-03	-2.228452e-06
2.504394531250004e-03	4.650158e-07
2.507324218750004e-03	2.738957e-06
2.510253906250004e-03	4.256542e-06
2.513183593750004e-03	5.404902e-06
2.516113281250005e-03	6.446988e-06
2.519042968750005e-03	7.529832e-06
2.521972656250005e-03	8.749694e-06
2.524902343750005e-03	1.017879e-05
2.527832031250005e-03	1.187002e-05
2.530761718750005e-03	1.383673e-05
2.533691406250005e-03	1.600824e-05
2.536621093750005e-03	1.818860e-05
2.539550781250005e-03	2.008483e-05
2.542480468750006e-03	2.142202e-05
2.545410156250006e-03	2.206079e-05
2.548339843750006e-03	2.202985e-05
2.551269531250006e-03	2.148045e-05
2.554199218750006e-03	2.061503e-05
2.557128906250006e-03	1.962643e-05
2.560058593750006e-03	1.866133e-05
2.562988281250006e-03	1.780898e-05
2.565917968750006e-03	1.710763e-05
2.568847656250007e-03	1.655937e-05
2.571777343750007e-03	1.614587e-05
2.574707031250007e-03	1.584089e-05
2.580566406250007e-03	1.545561e-05
2.589355468750007e-03	1.517745e-05
2.598144531250008e-03	1.507769e-05
2.606933593750008e-03	1.499484e-05
2.615722656250008e-03	1.492890e-05
2.624511718750009e-03	1.487986e-05
2.633300781250009e-03	1.484774e-05
2.642089843750009e-03	1.483251e-05
2.650878906250010e-03	1.483420e-05
2.666364397321439e-03	1.481767e-05
2.681849888392868e-03	1.480331e-05
2.697335379464297e-03	1.479112e-05
2.712820870535726e-03	1.478109e-05
2.728306361607155e-03	1.477324e-05
2.743791852678585e-03	1.476755e-05
2.759277343750014e-03	1.476403e-05
2.764718191964300e-03	1.476314e-05
2.770159040178586e-03	1.476022e-05
2.775599888392872e-03	1.475527e-05
2.781040736607157e-03	1.474828e-05
2.786481584821443e-03	1.473926e-05
2.791922433035729e-03	1.472822e-05
2.797363281250015e-03	1.471514e-05
2.806152343750016e-03	1.467797e-05
2.814941406250016e-03	1.462093e-05
2.823730468750016e-03	1.453641e-05
2.832519531250017e-03	1.441084e-05
2.838378906250017e-03	1.429332e-05
2.844238281250017e-03	1.413688e-05
2.850097656250017e-03	1.392666e-05
2.855957031250017e-03	1.364211e-05
2.858886718750018e-03	1.346377e-05
2.861816406250018e-03	1.325619e-05
2.864746093750018e-03	1.301513e-05
2.867675781250018e-03	1.273630e-05
2.870605468750018e-03	1.241568e-05
2.873535156250018e-03	1.205006e-05
2.876464843750018e-03	1.163763e-05
2.879394531250018e-03	1.117868e-05
2.882324218750018e-03	1.067620e-05
2.885253906250019e-03	1.013623e-05
2.888183593750019e-03	9.567795e-06
2.891113281250019e-03	8.982211e-06
2.894042968750019e-03	8.392020e-06
2.896972656250019e-03	7.809616e-06
2.899902343750019e-03	7.245981e-06
2.902832031250019e-03	6.709801e-06
2.905761718750019e-03	6.207088e-06
2.908691406250019e-03	5.741274e-06
2.911621093750020e-03	5.313609e-06
2.914550781250020e-03	4.923690e-06
2.917480468750020e-03	4.569978e-06
2.920410156250020e-03	4.250224e-06
2.923339843750020e-03	3.961797e-06
2.926269531250020e-03	3.701914e-06
2.929199218750020e-03	3.467791e-06
2.932128906250020e-03	3.256753e-06
2.935058593750020e-03	3.066292e-06
2.937988281250021e-03	2.894105e-06
2.940917968750021e-03	2.738106e-06
2.946777343750021e-03	2.467432e-06
2.952636718750021e-03	2.241814e-06
2.958496093750021e-03	2.051659e-06
2.964355468750022e-03	1.889655e-06
2.973144531250022e-03	1.687616e-06
2.981933593750022e-03	1.523050e-06
2.990722656250023e-03	1.386634e-06
2.998046874999966e-03	1.289314e-06
2.999999999999890e-03	1.265562e-06
