time	V(1+)	V(2+)	V(vost1)	V(x1:bus01)	V(x1:bus03)	-Ix(x1:x5:DRAIN)	Ix(x1:x1:OUT2)	Ix(x1:x1:OUT4)	Ix(x1:x2:DRAIN)	Ix(x1:x3:DRAIN)
0.000000000000000e+00	-3.532471e-09	4.511643e-01	1.585346e+00	1.965576e+00	5.299419e-04	3.740733e-04	6.241686e-07	3.745287e-04	4.182278e-07	-1.525540e-07
7.029190518710593e-09	2.895481e-05	4.511629e-01	1.585335e+00	1.963620e+00	3.728413e-04	3.741338e-04	4.963729e-07	3.743622e-04	4.254799e-07	-5.086532e-08
2.108757155613178e-08	9.707855e-05	4.511603e-01	1.585342e+00	1.961052e+00	2.936408e-04	3.741363e-04	4.315561e-07	3.742625e-04	4.301138e-07	-4.388418e-12
3.649635911225687e-08	1.755434e-04	4.511573e-01	1.585351e+00	1.959848e+00	2.934294e-04	3.741136e-04	4.312312e-07	3.742592e-04	4.308523e-07	-1.172828e-11
5.556086749166321e-08	2.698697e-04	4.511536e-01	1.585354e+00	1.959509e+00	2.933566e-04	3.741065e-04	4.311325e-07	3.742604e-04	4.310470e-07	-1.449238e-11
7.626045316739100e-06	3.812055e-02	4.496701e-01	1.585422e+00	1.961082e+00	2.830714e-04	3.739766e-04	4.160257e-07	3.741124e-04	4.162727e-07	-3.137453e-10
1.519652976598654e-05	7.597121e-02	4.482305e-01	1.585489e+00	1.962614e+00	2.734679e-04	3.738502e-04	4.019201e-07	3.739685e-04	4.022695e-07	-3.907622e-10
2.276701421523397e-05	1.138219e-01	4.468347e-01	1.585554e+00	1.964106e+00	2.645461e-04	3.737271e-04	3.888155e-07	3.738285e-04	3.890377e-07	-2.455431e-10
3.033749866448141e-05	1.516725e-01	4.454827e-01	1.585617e+00	1.965556e+00	2.563061e-04	3.736075e-04	3.767121e-07	3.736926e-04	3.765770e-07	1.219121e-10
3.790798311372885e-05	1.895231e-01	4.441745e-01	1.585678e+00	1.966965e+00	2.487477e-04	3.734913e-04	3.656099e-07	3.735607e-04	3.648877e-07	7.116033e-10
4.547846756297628e-05	2.273737e-01	4.429102e-01	1.585737e+00	1.968334e+00	2.418711e-04	3.733785e-04	3.555088e-07	3.734328e-04	3.539695e-07	1.523531e-09
5.304895201222370e-05	2.652242e-01	4.416897e-01	1.585795e+00	1.969661e+00	2.356762e-04	3.732692e-04	3.464088e-07	3.733089e-04	3.438226e-07	2.557694e-09
5.939660826222366e-05	2.969609e-01	4.406975e-01	1.585840e+00	1.970734e+00	2.326828e-04	3.731835e-04	3.420115e-07	3.732079e-04	3.356764e-07	6.306474e-09
6.257043638722363e-05	3.128288e-01	4.402157e-01	1.585861e+00	1.971256e+00	2.324392e-04	3.731440e-04	3.416536e-07	3.731587e-04	3.317738e-07	9.851211e-09
6.574426451222361e-05	3.286976e-01	4.397460e-01	1.585881e+00	1.971767e+00	2.335951e-04	3.731080e-04	3.433517e-07	3.731108e-04	3.279953e-07	1.532762e-08
6.891809263722358e-05	3.445655e-01	4.392916e-01	1.585898e+00	1.972265e+00	2.368453e-04	3.730773e-04	3.481262e-07	3.730643e-04	3.243564e-07	2.374098e-08
7.209192076222356e-05	3.604343e-01	4.388576e-01	1.585912e+00	1.972745e+00	2.432223e-04	3.730542e-04	3.574938e-07	3.730199e-04	3.208816e-07	3.658320e-08
7.526574888722353e-05	3.763022e-01	4.384515e-01	1.585921e+00	1.973201e+00	2.542420e-04	3.730424e-04	3.736807e-07	3.729783e-04	3.176097e-07	5.604190e-08
7.843957701222351e-05	3.921710e-01	4.380846e-01	1.585923e+00	1.973625e+00	2.721037e-04	3.730471e-04	3.999157e-07	3.729406e-04	3.145993e-07	8.528704e-08
8.161340513722349e-05	4.080389e-01	4.377737e-01	1.585914e+00	1.974002e+00	2.999570e-04	3.730760e-04	4.408212e-07	3.729087e-04	3.119382e-07	1.288533e-07
8.478723326222346e-05	4.239077e-01	4.375429e-01	1.585891e+00	1.974314e+00	3.422603e-04	3.731399e-04	5.029367e-07	3.728850e-04	3.097563e-07	1.931505e-07
8.796106138722344e-05	4.397756e-01	4.374271e-01	1.585845e+00	1.974532e+00	4.052468e-04	3.732537e-04	5.953967e-07	3.728731e-04	3.082435e-07	2.871232e-07
9.113488951222341e-05	4.556444e-01	4.374758e-01	1.585769e+00	1.974614e+00	4.975246e-04	3.734387e-04	7.307995e-07	3.728781e-04	3.076761e-07	4.230940e-07
9.430871763722339e-05	4.715123e-01	4.377586e-01	1.585649e+00	1.974503e+00	6.307967e-04	3.737233e-04	9.262409e-07	3.729072e-04	3.084554e-07	6.177582e-07
9.748254576222336e-05	4.873811e-01	4.383716e-01	1.585470e+00	1.974118e+00	8.206603e-04	3.741457e-04	1.204440e-06	3.729701e-04	3.111656e-07	8.932531e-07
1.006563738872233e-04	5.032490e-01	4.394456e-01	1.585210e+00	1.973345e+00	1.087314e-03	3.747556e-04	1.594700e-06	3.730800e-04	3.166625e-07	1.278028e-06
1.038302020122233e-04	5.191178e-01	4.411542e-01	1.584841e+00	1.972033e+00	1.455952e-03	3.756145e-04	2.133341e-06	3.732542e-04	3.262129e-07	1.807145e-06
1.070040301372233e-04	5.349857e-01	4.437221e-01	1.584333e+00	1.969980e+00	1.956504e-03	3.767956e-04	2.863118e-06	3.735146e-04	3.417213e-07	2.521461e-06
1.101778582622233e-04	5.508545e-01	4.474300e-01	1.583649e+00	1.966927e+00	2.622579e-03	3.783797e-04	3.831350e-06	3.738873e-04	3.661112e-07	3.465387e-06
1.133516863872232e-04	5.667223e-01	4.526147e-01	1.582754e+00	1.962554e+00	3.489631e-03	3.804488e-04	5.086867e-06	3.744026e-04	4.039898e-07	4.683164e-06
1.165255145122232e-04	5.825912e-01	4.596623e-01	1.581616e+00	1.956478e+00	4.592940e-03	3.830766e-04	6.676582e-06	3.750923e-04	4.628543e-07	6.214233e-06
1.196993426372232e-04	5.984591e-01	4.689921e-01	1.580210e+00	1.948273e+00	5.966201e-03	3.863166e-04	8.642960e-06	3.759880e-04	5.553236e-07	8.088480e-06
1.228731707622232e-04	6.143278e-01	4.810293e-01	1.578528e+00	1.937492e+00	7.641932e-03	3.901869e-04	1.102403e-05	3.771163e-04	7.033331e-07	1.032206e-05
1.260469988872231e-04	6.301957e-01	4.961632e-01	1.576583e+00	1.923718e+00	9.654816e-03	3.946504e-04	1.385746e-05	3.784955e-04	9.458597e-07	1.291375e-05
1.292208270122231e-04	6.460646e-01	5.146832e-01	1.574422e+00	1.906651e+00	1.204913e-02	3.995867e-04	1.718984e-05	3.801302e-04	1.352228e-06	1.584087e-05
1.323946551372231e-04	6.619324e-01	5.366833e-01	1.572143e+00	1.886240e+00	1.488985e-02	4.047533e-04	2.108998e-05	3.820056e-04	2.040881e-06	1.905360e-05
1.355684832622231e-04	6.778013e-01	5.619366e-01	1.569904e+00	1.862843e+00	1.827159e-02	4.097545e-04	2.565709e-05	3.840818e-04	3.193395e-06	2.246895e-05
1.387423113872230e-04	6.936691e-01	5.897790e-01	1.567912e+00	1.837358e+00	2.230891e-02	4.140747e-04	3.100222e-05	3.862900e-04	5.033853e-06	2.597330e-05
1.419161395122230e-04	7.095379e-01	6.191055e-01	1.566360e+00	1.811166e+00	2.709195e-02	4.172357e-04	3.718531e-05	3.885382e-04	7.743172e-06	2.944649e-05
1.450899676372230e-04	7.254058e-01	6.485710e-01	1.565341e+00	1.785811e+00	3.262435e-02	4.190305e-04	4.413839e-05	3.907284e-04	1.133858e-05	3.280526e-05
1.482637957622230e-04	7.412747e-01	6.769444e-01	1.564793e+00	1.762562e+00	3.879824e-02	4.196395e-04	5.164936e-05	3.927816e-04	1.562289e-05	3.603483e-05
1.514376238872230e-04	7.571425e-01	7.034206e-01	1.564551e+00	1.742106e+00	4.543735e-02	4.195154e-04	5.943594e-05	3.946542e-04	2.026691e-05	3.917971e-05
1.546114520122229e-04	7.730113e-01	7.277205e-01	1.564428e+00	1.724544e+00	5.237243e-02	4.191432e-04	6.724893e-05	3.963404e-04	2.495566e-05	4.230372e-05
1.577852801372229e-04	7.888792e-01	7.499812e-01	1.564290e+00	1.709577e+00	5.949197e-02	4.188656e-04	7.492930e-05	3.978608e-04	2.948402e-05	4.545347e-05
1.609591082622229e-04	8.047481e-01	7.705604e-01	1.564071e+00	1.696738e+00	6.674920e-02	4.188431e-04	8.240439e-05	3.992478e-04	3.376522e-05	4.864465e-05
1.641329363872229e-04	8.206159e-01	7.898672e-01	1.563755e+00	1.685563e+00	7.414233e-02	4.191021e-04	8.965432e-05	4.005343e-04	3.779076e-05	5.186691e-05
1.673067645122228e-04	8.364847e-01	8.082638e-01	1.563355e+00	1.675667e+00	8.169106e-02	4.196012e-04	9.667969e-05	4.017480e-04	4.158651e-05	5.509519e-05
1.704805926372228e-04	8.523526e-01	8.260307e-01	1.562892e+00	1.666766e+00	8.942035e-02	4.202788e-04	1.034822e-04	4.029099e-04	4.518416e-05	5.829930e-05
1.736544207622228e-04	8.682214e-01	8.433671e-01	1.562386e+00	1.658665e+00	9.735255e-02	4.210776e-04	1.100568e-04	4.040347e-04	4.860821e-05	6.144945e-05
1.800020770122227e-04	8.999581e-01	8.772390e-01	1.561303e+00	1.644393e+00	1.138907e-01	4.228764e-04	1.224647e-04	4.062091e-04	5.498199e-05	6.748335e-05
1.863497332622227e-04	9.316948e-01	9.104801e-01	1.560181e+00	1.632292e+00	1.313947e-01	4.247891e-04	1.337409e-04	4.083165e-04	6.072213e-05	7.301931e-05
1.926973895122226e-04	9.634315e-01	9.433398e-01	1.559051e+00	1.622139e+00	1.499086e-01	4.267317e-04	1.436954e-04	4.103773e-04	6.577226e-05	7.792367e-05
1.990450457622226e-04	9.951682e-01	9.759297e-01	1.557921e+00	1.613815e+00	1.694417e-01	4.286753e-04	1.521747e-04	4.124018e-04	7.006935e-05	8.210588e-05
2.053927020122225e-04	1.026905e+00	1.008310e+00	1.556794e+00	1.607189e+00	1.899569e-01	4.306122e-04	1.591244e-04	4.143966e-04	7.359053e-05	8.553427e-05
2.149141863872225e-04	1.074510e+00	1.056580e+00	1.555107e+00	1.599939e+00	2.223295e-01	4.335073e-04	1.669287e-04	4.173435e-04	7.754383e-05	8.938510e-05
2.212618426372224e-04	1.106246e+00	1.088577e+00	1.553983e+00	1.596792e+00	2.449268e-01	4.354362e-04	1.704081e-04	4.192790e-04	7.930312e-05	9.110510e-05
2.276094988872224e-04	1.137983e+00	1.120537e+00	1.552858e+00	1.593991e+00	2.677691e-01	4.373613e-04	1.735192e-04	4.212045e-04	8.087490e-05	9.264443e-05
2.339571551372223e-04	1.169720e+00	1.152461e+00	1.551731e+00	1.591535e+00	2.908563e-01	4.392827e-04	1.762622e-04	4.231198e-04	8.225919e-05	9.400310e-05
2.403048113872223e-04	1.201457e+00	1.184348e+00	1.550603e+00	1.589425e+00	3.141886e-01	4.412004e-04	1.786370e-04	4.250251e-04	8.345597e-05	9.518109e-05
2.466524676372222e-04	1.233193e+00	1.216198e+00	1.549473e+00	1.587660e+00	3.377659e-01	4.431143e-04	1.806437e-04	4.269204e-04	8.446526e-05	9.617842e-05
2.530001238872222e-04	1.264930e+00	1.248012e+00	1.548341e+00	1.586241e+00	3.615882e-01	4.450246e-04	1.822821e-04	4.288055e-04	8.528704e-05	9.699507e-05
2.593477801372221e-04	1.296666e+00	1.279789e+00	1.547209e+00	1.585167e+00	3.856556e-01	4.469311e-04	1.835524e-04	4.306806e-04	8.592133e-05	9.763106e-05
2.806577689765077e-04	1.403211e+00	1.386511e+00	1.543640e+00	1.581785e+00	4.670760e-01	4.532615e-04	1.875171e-04	4.369217e-04	8.790884e-05	9.960830e-05
3.019677578157932e-04	1.509756e+00	1.493147e+00	1.539800e+00	1.578655e+00	5.489657e-01	4.595950e-04	1.912234e-04	4.431534e-04	8.975823e-05	1.014651e-04
3.232777466550788e-04	1.616300e+00	1.599696e+00	1.535689e+00	1.575777e+00	6.313245e-01	4.659316e-04	1.946711e-04	4.493757e-04	9.146950e-05	1.032016e-04
3.445877354943643e-04	1.722845e+00	1.706159e+00	1.531307e+00	1.573152e+00	7.141526e-01	4.722713e-04	1.978602e-04	4.555887e-04	9.304265e-05	1.048176e-04
3.658977243336499e-04	1.829390e+00	1.812535e+00	1.526654e+00	1.570779e+00	7.974497e-01	4.786140e-04	2.007909e-04	4.617923e-04	9.447767e-05	1.063132e-04
3.872077131729355e-04	1.935934e+00	1.918825e+00	1.521730e+00	1.568658e+00	8.812161e-01	4.849599e-04	2.034630e-04	4.679866e-04	9.577458e-05	1.076884e-04
4.085177020122210e-04	2.042479e+00	2.025028e+00	1.516535e+00	1.566790e+00	9.654516e-01	4.913089e-04	2.058766e-04	4.741715e-04	9.693336e-05	1.089433e-04
4.121449341550781e-04	2.060614e+00	2.043077e+00	1.515511e+00	1.566449e+00	9.797449e-01	4.924003e-04	2.063188e-04	4.752322e-04	9.714421e-05	1.091746e-04
4.157721662979352e-04	2.078749e+00	2.061082e+00	1.514335e+00	1.566124e+00	9.940154e-01	4.935058e-04	2.067589e-04	4.762926e-04	9.734490e-05	1.094140e-04
4.193993984407923e-04	2.096885e+00	2.079044e+00	1.513005e+00	1.565815e+00	1.008263e+00	4.946252e-04	2.071969e-04	4.773529e-04	9.753543e-05	1.096615e-04
4.230266305836494e-04	2.115020e+00	2.096963e+00	1.511522e+00	1.565524e+00	1.022488e+00	4.957586e-04	2.076329e-04	4.784131e-04	9.771580e-05	1.099171e-04
4.266538627265066e-04	2.133155e+00	2.114839e+00	1.509886e+00	1.565249e+00	1.036690e+00	4.969060e-04	2.080667e-04	4.794731e-04	9.788602e-05	1.101807e-04
4.302810948693637e-04	2.151291e+00	2.132672e+00	1.508098e+00	1.564991e+00	1.050869e+00	4.980673e-04	2.084985e-04	4.805329e-04	9.804607e-05	1.104524e-04
4.339083270122208e-04	2.169426e+00	2.150462e+00	1.506156e+00	1.564749e+00	1.065025e+00	4.992426e-04	2.089282e-04	4.815925e-04	9.819597e-05	1.107322e-04
4.402559832622207e-04	2.201163e+00	2.181202e+00	1.501419e+00	1.564483e+00	1.089579e+00	5.014309e-04	2.096712e-04	4.834325e-04	9.836147e-05	1.113097e-04
4.434298113872207e-04	2.217031e+00	2.196345e+00	1.498263e+00	1.564437e+00	1.101728e+00	5.025988e-04	2.100376e-04	4.843431e-04	9.838978e-05	1.116478e-04
4.466036395122207e-04	2.232899e+00	2.211278e+00	1.494374e+00	1.564466e+00	1.113758e+00	5.038292e-04	2.103998e-04	4.852441e-04	9.837144e-05	1.120283e-04
4.497774676372207e-04	2.248767e+00	2.225955e+00	1.489573e+00	1.564579e+00	1.125635e+00	5.051265e-04	2.107567e-04	4.861329e-04	9.830127e-05	1.124553e-04
4.529512957622206e-04	2.264636e+00	2.240325e+00	1.483682e+00	1.564778e+00	1.137319e+00	5.064860e-04	2.111071e-04	4.870063e-04	9.817836e-05	1.129286e-04
4.561251238872206e-04	2.280504e+00	2.254329e+00	1.476530e+00	1.565052e+00	1.148756e+00	5.078883e-04	2.114496e-04	4.878609e-04	9.800818e-05	1.134411e-04
4.592989520122206e-04	2.296373e+00	2.267895e+00	1.467985e+00	1.565378e+00	1.159871e+00	5.092914e-04	2.117819e-04	4.886922e-04	9.780595e-05	1.139754e-04
4.624727801372206e-04	2.312241e+00	2.280930e+00	1.457980e+00	1.565707e+00	1.170551e+00	5.106180e-04	2.121008e-04	4.894942e-04	9.760255e-05	1.144975e-04
4.656466082622205e-04	2.328109e+00	2.293306e+00	1.446580e+00	1.565950e+00	1.180631e+00	5.117391e-04	2.124014e-04	4.902591e-04	9.745210e-05	1.149485e-04
4.688204363872205e-04	2.343977e+00	2.304860e+00	1.434039e+00	1.565982e+00	1.189886e+00	5.124754e-04	2.126770e-04	4.909761e-04	9.743252e-05	1.152444e-04
4.719942645122205e-04	2.359846e+00	2.315408e+00	1.420829e+00	1.565672e+00	1.198074e+00	5.126483e-04	2.129206e-04	4.916335e-04	9.762410e-05	1.152978e-04
4.751680926372205e-04	2.375714e+00	2.324787e+00	1.407558e+00	1.564958e+00	1.205015e+00	5.121755e-04	2.131269e-04	4.922203e-04	9.806699e-05	1.150625e-04
4.783419207622204e-04	2.391583e+00	2.332898e+00	1.394823e+00	1.563887e+00	1.210669e+00	5.111334e-04	2.132948e-04	4.927296e-04	9.873229e-05	1.145651e-04
4.815157488872204e-04	2.407451e+00	2.339743e+00	1.383070e+00	1.562599e+00	1.215141e+00	5.097227e-04	2.134276e-04	4.931608e-04	9.953543e-05	1.138933e-04
4.846895770122204e-04	2.423319e+00	2.345412e+00	1.372537e+00	1.561255e+00	1.218626e+00	5.081741e-04	2.135310e-04	4.935189e-04	1.003768e-04	1.131537e-04
4.878634051372204e-04	2.439187e+00	2.350055e+00	1.363278e+00	1.559982e+00	1.221343e+00	5.066717e-04	2.136116e-04	4.938130e-04	1.011763e-04	1.124338e-04
4.910372332622204e-04	2.455056e+00	2.353843e+00	1.355222e+00	1.558855e+00	1.223485e+00	5.053260e-04	2.136751e-04	4.940532e-04	1.018864e-04	1.117869e-04
4.942110613872203e-04	2.470924e+00	2.356963e+00	1.348195e+00	1.557895e+00	1.225220e+00	5.041735e-04	2.137265e-04	4.942515e-04	1.024937e-04	1.112312e-04
4.968261718750000e-04	2.483999e+00	2.359098e+00	1.343130e+00	1.557237e+00	1.226404e+00	5.033839e-04	2.137616e-04	4.943874e-04	1.029109e-04	1.108496e-04
5.000000000000000e-04	2.499867e+00	2.361356e+00	1.337565e+00	1.556550e+00	1.227660e+00	5.025601e-04	2.137969e-04	4.945245e-04	1.033472e-04	1.104497e-04
5.003173828125000e-04	2.498296e+00	2.361558e+00	1.337534e+00	1.556086e+00	1.227467e+00	5.019830e-04	2.137924e-04	4.945418e-04	1.036425e-04	1.101460e-04
5.009521484375001e-04	2.495122e+00	2.361914e+00	1.337585e+00	1.555236e+00	1.227101e+00	5.008589e-04	2.137822e-04	4.945667e-04	1.041848e-04	1.095949e-04
5.022216796875000e-04	2.488775e+00	2.362374e+00	1.338084e+00	1.553865e+00	1.226420e+00	4.989584e-04	2.137620e-04	4.945960e-04	1.050624e-04	1.086994e-04
5.047607421875000e-04	2.476080e+00	2.362615e+00	1.340060e+00	1.551908e+00	1.225120e+00	4.961905e-04	2.137235e-04	4.946114e-04	1.063199e-04	1.074021e-04
5.079345703124999e-04	2.460212e+00	2.362101e+00	1.343787e+00	1.550293e+00	1.223486e+00	4.938553e-04	2.136751e-04	4.945786e-04	1.073621e-04	1.063104e-04
5.111083984374999e-04	2.444343e+00	2.360903e+00	1.348688e+00	1.549223e+00	1.221731e+00	4.922508e-04	2.136230e-04	4.945021e-04	1.080555e-04	1.055653e-04
5.142822265624999e-04	2.428475e+00	2.359170e+00	1.354633e+00	1.548395e+00	1.219742e+00	4.909508e-04	2.135640e-04	4.943918e-04	1.085944e-04	1.049682e-04
5.174560546874999e-04	2.412607e+00	2.356961e+00	1.361588e+00	1.547613e+00	1.217415e+00	4.896751e-04	2.134949e-04	4.942512e-04	1.091041e-04	1.043897e-04
5.206298828124999e-04	2.396738e+00	2.354240e+00	1.369630e+00	1.546771e+00	1.214641e+00	4.882640e-04	2.134126e-04	4.940782e-04	1.096542e-04	1.037572e-04
5.238037109374998e-04	2.380870e+00	2.350902e+00	1.378904e+00	1.545801e+00	1.211284e+00	4.866051e-04	2.133129e-04	4.938663e-04	1.102897e-04	1.030221e-04
5.269775390624998e-04	2.365001e+00	2.346773e+00	1.389581e+00	1.544658e+00	1.207175e+00	4.846092e-04	2.131909e-04	4.936046e-04	1.110404e-04	1.021495e-04
5.301513671874998e-04	2.349133e+00	2.341611e+00	1.401791e+00	1.543331e+00	1.202115e+00	4.822231e-04	2.130405e-04	4.932782e-04	1.119147e-04	1.011254e-04
5.333251953124998e-04	2.333265e+00	2.335109e+00	1.415507e+00	1.541879e+00	1.195904e+00	4.794846e-04	2.128557e-04	4.928682e-04	1.128758e-04	9.998098e-05
5.364990234374997e-04	2.317397e+00	2.326937e+00	1.430383e+00	1.540464e+00	1.188402e+00	4.765892e-04	2.126325e-04	4.923546e-04	1.138153e-04	9.881962e-05
5.396728515624997e-04	2.301528e+00	2.316840e+00	1.445687e+00	1.539333e+00	1.179588e+00	4.738772e-04	2.123699e-04	4.917223e-04	1.145685e-04	9.780425e-05
5.428466796874997e-04	2.285660e+00	2.304745e+00	1.460453e+00	1.538707e+00	1.169561e+00	4.716899e-04	2.120708e-04	4.909683e-04	1.149857e-04	9.708718e-05
5.460205078124997e-04	2.269791e+00	2.290825e+00	1.473778e+00	1.538677e+00	1.158510e+00	4.702052e-04	2.117408e-04	4.901048e-04	1.150063e-04	9.673553e-05
5.491943359374996e-04	2.253923e+00	2.275456e+00	1.485084e+00	1.539175e+00	1.146674e+00	4.693909e-04	2.113868e-04	4.891563e-04	1.146734e-04	9.671366e-05
5.523681640624996e-04	2.238055e+00	2.259115e+00	1.494193e+00	1.540040e+00	1.134304e+00	4.690705e-04	2.110162e-04	4.881530e-04	1.140970e-04	9.691909e-05
5.555419921874996e-04	2.222187e+00	2.242259e+00	1.501257e+00	1.541084e+00	1.121624e+00	4.690179e-04	2.106356e-04	4.871234e-04	1.134029e-04	9.723249e-05
5.587158203124996e-04	2.206318e+00	2.225245e+00	1.506617e+00	1.542150e+00	1.108807e+00	4.690312e-04	2.102502e-04	4.860889e-04	1.126956e-04	9.755447e-05
5.618896484374995e-04	2.190450e+00	2.208300e+00	1.510670e+00	1.543138e+00	1.095965e+00	4.689707e-04	2.098633e-04	4.850632e-04	1.120418e-04	9.782146e-05
5.650634765624995e-04	2.174581e+00	2.191534e+00	1.513776e+00	1.544002e+00	1.083157e+00	4.687645e-04	2.094766e-04	4.840524e-04	1.114718e-04	9.800478e-05
5.682373046874995e-04	2.158713e+00	2.174975e+00	1.516223e+00	1.544734e+00	1.070406e+00	4.683943e-04	2.090907e-04	4.830578e-04	1.109897e-04	9.810104e-05
5.714111328124995e-04	2.142845e+00	2.158605e+00	1.518219e+00	1.545350e+00	1.057712e+00	4.678748e-04	2.087057e-04	4.820777e-04	1.105847e-04	9.812097e-05
5.745849609374994e-04	2.126976e+00	2.142386e+00	1.519907e+00	1.545875e+00	1.045065e+00	4.672347e-04	2.083211e-04	4.811096e-04	1.102406e-04	9.808055e-05
5.777587890624994e-04	2.111108e+00	2.126278e+00	1.521380e+00	1.546332e+00	1.032453e+00	4.665048e-04	2.079367e-04	4.801508e-04	1.099412e-04	9.799549e-05
5.841064453124994e-04	2.079371e+00	2.094275e+00	1.523900e+00	1.547118e+00	1.007296e+00	4.648744e-04	2.071668e-04	4.782525e-04	1.094268e-04	9.774003e-05
5.900006975446422e-04	2.049901e+00	2.064727e+00	1.525826e+00	1.547744e+00	9.839824e-01	4.632216e-04	2.064505e-04	4.765088e-04	1.090183e-04	9.743215e-05
5.958949497767850e-04	2.020432e+00	2.035198e+00	1.527648e+00	1.548361e+00	9.606863e-01	4.615538e-04	2.057294e-04	4.747698e-04	1.086162e-04	9.711322e-05
6.017892020089278e-04	1.990962e+00	2.005688e+00	1.529365e+00	1.548970e+00	9.374080e-01	4.598711e-04	2.050036e-04	4.730355e-04	1.082203e-04	9.678323e-05
6.076834542410707e-04	1.961492e+00	1.976198e+00	1.530978e+00	1.549569e+00	9.141475e-01	4.581736e-04	2.042730e-04	4.713061e-04	1.078308e-04	9.644218e-05
6.135777064732134e-04	1.932022e+00	1.946727e+00	1.532486e+00	1.550161e+00	8.909048e-01	4.564611e-04	2.035377e-04	4.695814e-04	1.074476e-04	9.609009e-05
6.194719587053562e-04	1.902553e+00	1.917274e+00	1.533890e+00	1.550743e+00	8.676798e-01	4.547337e-04	2.027977e-04	4.678615e-04	1.070708e-04	9.572694e-05
6.253662109374991e-04	1.873083e+00	1.887841e+00	1.535190e+00	1.551317e+00	8.444726e-01	4.529914e-04	2.020529e-04	4.661464e-04	1.067002e-04	9.535273e-05
6.439557756696418e-04	1.780140e+00	1.794973e+00	1.539097e+00	1.552970e+00	7.712199e-01	4.475457e-04	1.999169e-04	4.607590e-04	1.056258e-04	9.429108e-05
6.625453404017845e-04	1.687196e+00	1.702118e+00	1.542897e+00	1.554883e+00	6.984587e-01	4.420839e-04	1.974745e-04	4.553610e-04	1.043994e-04	9.307505e-05
6.811349051339272e-04	1.594253e+00	1.609277e+00	1.546592e+00	1.557054e+00	6.261892e-01	4.366059e-04	1.947256e-04	4.499524e-04	1.030209e-04	9.170463e-05
6.997244698660700e-04	1.501310e+00	1.516449e+00	1.550181e+00	1.559485e+00	5.544114e-01	4.311116e-04	1.916703e-04	4.445332e-04	1.014904e-04	9.017983e-05
7.183140345982126e-04	1.408367e+00	1.423635e+00	1.553664e+00	1.562174e+00	4.831252e-01	4.256012e-04	1.883085e-04	4.391035e-04	9.980786e-05	8.850064e-05
7.369035993303554e-04	1.315424e+00	1.330835e+00	1.557041e+00	1.565122e+00	4.123307e-01	4.200746e-04	1.846403e-04	4.336631e-04	9.797324e-05	8.666707e-05
7.554931640624981e-04	1.222481e+00	1.238048e+00	1.560312e+00	1.568329e+00	3.420278e-01	4.145317e-04	1.806657e-04	4.282122e-04	9.598657e-05	8.467912e-05
7.609340122767838e-04	1.195278e+00	1.210892e+00	1.561292e+00	1.569381e+00	3.216229e-01	4.128966e-04	1.793571e-04	4.266032e-04	9.533154e-05	8.402554e-05
7.663748604910694e-04	1.168075e+00	1.183747e+00	1.562272e+00	1.570782e+00	3.014878e-01	4.112575e-04	1.776495e-04	4.249886e-04	9.447521e-05	8.317431e-05
7.718157087053551e-04	1.140872e+00	1.156611e+00	1.563251e+00	1.572532e+00	2.816226e-01	4.096142e-04	1.755430e-04	4.233684e-04	9.341757e-05	8.212545e-05
7.772565569196408e-04	1.113669e+00	1.129485e+00	1.564229e+00	1.574632e+00	2.620272e-01	4.079668e-04	1.730375e-04	4.217425e-04	9.215863e-05	8.087894e-05
7.826974051339265e-04	1.086466e+00	1.102369e+00	1.565208e+00	1.577080e+00	2.427017e-01	4.063154e-04	1.701331e-04	4.201109e-04	9.069839e-05	7.943479e-05
7.881382533482121e-04	1.059263e+00	1.075263e+00	1.566185e+00	1.579878e+00	2.236461e-01	4.046599e-04	1.668297e-04	4.184737e-04	8.903684e-05	7.779300e-05
7.935791015624978e-04	1.032060e+00	1.048167e+00	1.567163e+00	1.583025e+00	2.048603e-01	4.030003e-04	1.631273e-04	4.168308e-04	8.717398e-05	7.595357e-05
8.031005859374977e-04	9.844554e-01	1.000840e+00	1.568871e+00	1.591141e+00	1.738252e-01	4.000926e-04	1.538194e-04	4.139366e-04	8.248589e-05	7.133401e-05
8.094482421874976e-04	9.527187e-01	9.693666e-01	1.570007e+00	1.598307e+00	1.543836e-01	3.981530e-04	1.458177e-04	4.119944e-04	7.845365e-05	6.736467e-05
8.189697265624976e-04	9.051136e-01	9.223320e-01	1.571706e+00	1.611862e+00	1.272405e-01	3.952465e-04	1.312391e-04	4.090611e-04	7.110428e-05	6.013545e-05
8.284912109374975e-04	8.575087e-01	8.756049e-01	1.573392e+00	1.628716e+00	1.025406e-01	3.923554e-04	1.141455e-04	4.061038e-04	6.248175e-05	5.166440e-05
8.348388671874974e-04	8.257719e-01	8.447009e-01	1.574504e+00	1.641694e+00	8.742994e-02	3.904484e-04	1.017798e-04	4.041200e-04	5.623822e-05	4.554228e-05
8.411865234374974e-04	7.940353e-01	8.140744e-01	1.575599e+00	1.655997e+00	7.341881e-02	3.885722e-04	8.897783e-05	4.021284e-04	4.976551e-05	3.921304e-05
8.475341796874974e-04	7.622985e-01	7.838246e-01	1.576670e+00	1.671558e+00	6.054169e-02	3.867465e-04	7.605642e-05	4.001329e-04	4.321735e-05	3.283982e-05
8.507080078124973e-04	7.464301e-01	7.688828e-01	1.577191e+00	1.679785e+00	5.454530e-02	3.858613e-04	6.965685e-05	3.991356e-04	3.996572e-05	2.969192e-05
8.538818359374973e-04	7.305619e-01	7.540918e-01	1.577701e+00	1.688294e+00	4.885560e-02	3.850007e-04	6.335787e-05	3.981401e-04	3.675734e-05	2.660136e-05
8.570556640624973e-04	7.146934e-01	7.394784e-01	1.578197e+00	1.697069e+00	4.348317e-02	3.841704e-04	5.720639e-05	3.971478e-04	3.361412e-05	2.359313e-05
8.602294921874973e-04	6.988252e-01	7.250742e-01	1.578675e+00	1.706089e+00	3.843969e-02	3.833772e-04	5.125050e-05	3.961607e-04	3.055834e-05	2.069306e-05
8.634033203124972e-04	6.829567e-01	7.109159e-01	1.579132e+00	1.715331e+00	3.373741e-02	3.826288e-04	4.553889e-05	3.951811e-04	2.761232e-05	1.792750e-05
8.665771484374972e-04	6.670884e-01	6.970462e-01	1.579564e+00	1.724762e+00	2.938859e-02	3.819335e-04	4.011973e-05	3.942118e-04	2.479800e-05	1.532269e-05
8.697509765624972e-04	6.512200e-01	6.835132e-01	1.579967e+00	1.734342e+00	2.540443e-02	3.813000e-04	3.503908e-05	3.932562e-04	2.213627e-05	1.290379e-05
8.729248046874972e-04	6.353518e-01	6.703703e-01	1.580337e+00	1.744024e+00	2.179387e-02	3.807368e-04	3.033876e-05	3.923183e-04	1.964616e-05	1.069358e-05
8.760986328124971e-04	6.194833e-01	6.576746e-01	1.580671e+00	1.753749e+00	1.856197e-02	3.802511e-04	2.605362e-05	3.914023e-04	1.734380e-05	8.710781e-06
8.792724609374971e-04	6.036150e-01	6.454842e-01	1.580965e+00	1.763448e+00	1.570829e-02	3.798478e-04	2.220863e-05	3.905129e-04	1.524138e-05	6.968182e-06
8.824462890624971e-04	5.877466e-01	6.338553e-01	1.581220e+00	1.773048e+00	1.322532e-02	3.795280e-04	1.881615e-05	3.896549e-04	1.334611e-05	5.470918e-06
8.856201171874971e-04	5.718784e-01	6.228375e-01	1.581434e+00	1.782468e+00	1.109748e-02	3.792887e-04	1.587398e-05	3.888329e-04	1.165951e-05	4.215264e-06
8.887939453124970e-04	5.560099e-01	6.124697e-01	1.581613e+00	1.791629e+00	9.301115e-03	3.791218e-04	1.336492e-05	3.880507e-04	1.017718e-05	3.188456e-06
8.919677734374970e-04	5.401417e-01	6.027764e-01	1.581759e+00	1.800458e+00	7.805516e-03	3.790156e-04	1.125827e-05	3.873113e-04	8.889126e-06	2.369770e-06
8.951416015624970e-04	5.242732e-01	5.937656e-01	1.581879e+00	1.808894e+00	6.575072e-03	3.789559e-04	9.513000e-06	3.866166e-04	7.780764e-06	1.732776e-06
8.983154296874970e-04	5.084050e-01	5.854287e-01	1.581978e+00	1.816892e+00	5.572014e-03	3.789278e-04	8.082132e-06	3.859672e-04	6.834330e-06	1.248267e-06
9.014892578124969e-04	4.925365e-01	5.777423e-01	1.582064e+00	1.824424e+00	4.759174e-03	3.789178e-04	6.917238e-06	3.853625e-04	6.030464e-06	8.871714e-07
9.046630859374969e-04	4.766683e-01	5.706716e-01	1.582140e+00	1.831480e+00	4.102187e-03	3.789149e-04	5.972176e-06	3.848008e-04	5.349689e-06	6.228252e-07
9.078369140624969e-04	4.607998e-01	5.641738e-01	1.582210e+00	1.838065e+00	3.570870e-03	3.789110e-04	5.205578e-06	3.842801e-04	4.773553e-06	4.323115e-07
9.110107421874969e-04	4.449316e-01	5.582025e-01	1.582277e+00	1.844194e+00	3.139743e-03	3.789007e-04	4.582018e-06	3.837974e-04	4.285357e-06	2.969045e-07
9.141845703124968e-04	4.290631e-01	5.527099e-01	1.582343e+00	1.849893e+00	2.787936e-03	3.788811e-04	4.072174e-06	3.833497e-04	3.870502e-06	2.018780e-07
9.173583984374968e-04	4.131949e-01	5.476494e-01	1.582408e+00	1.855189e+00	2.498713e-03	3.788508e-04	3.652350e-06	3.829342e-04	3.516549e-06	1.359773e-07
9.205322265624968e-04	3.973264e-01	5.429770e-01	1.582474e+00	1.860115e+00	2.258853e-03	3.788096e-04	3.303715e-06	3.825476e-04	3.213078e-06	9.078758e-08
9.237060546874968e-04	3.814582e-01	5.386521e-01	1.582541e+00	1.864701e+00	2.058013e-03	3.787581e-04	3.011470e-06	3.821874e-04	2.951473e-06	6.012898e-08
9.268798828124967e-04	3.655898e-01	5.346375e-01	1.582608e+00	1.868978e+00	1.888151e-03	3.786971e-04	2.764074e-06	3.818509e-04	2.724655e-06	3.953569e-08
9.300537109374967e-04	3.497215e-01	5.309002e-01	1.582675e+00	1.872975e+00	1.743042e-03	3.786278e-04	2.552562e-06	3.815356e-04	2.526836e-06	2.582959e-08
9.332275390624967e-04	3.338531e-01	5.274105e-01	1.582743e+00	1.876719e+00	1.617865e-03	3.785514e-04	2.369981e-06	3.812395e-04	2.353293e-06	1.678241e-08
9.364013671874967e-04	3.179848e-01	5.241424e-01	1.582811e+00	1.880235e+00	1.508887e-03	3.784692e-04	2.210934e-06	3.809607e-04	2.200167e-06	1.085391e-08
9.395751953124966e-04	3.021164e-01	5.210729e-01	1.582879e+00	1.883543e+00	1.413202e-03	3.783822e-04	2.071216e-06	3.806974e-04	2.064304e-06	6.993578e-09
9.427490234374966e-04	2.862481e-01	5.181819e-01	1.582946e+00	1.886665e+00	1.328535e-03	3.782914e-04	1.947533e-06	3.804481e-04	1.943115e-06	4.493492e-09
9.459228515624966e-04	2.703797e-01	5.154517e-01	1.583013e+00	1.889617e+00	1.253093e-03	3.781978e-04	1.837281e-06	3.802116e-04	1.834472e-06	2.881740e-09
9.490966796874966e-04	2.545114e-01	5.128669e-01	1.583079e+00	1.892416e+00	1.185449e-03	3.781021e-04	1.738390e-06	3.799866e-04	1.736613e-06	1.846643e-09
9.554443359374965e-04	2.227747e-01	5.080810e-01	1.583208e+00	1.897604e+00	1.069180e-03	3.779069e-04	1.568335e-06	3.795673e-04	1.567640e-06	7.608787e-10
9.617919921874965e-04	1.910380e-01	5.037342e-01	1.583334e+00	1.902323e+00	9.728629e-04	3.777097e-04	1.427388e-06	3.791833e-04	1.427131e-06	3.198349e-10
9.681396484374964e-04	1.593014e-01	4.997568e-01	1.583456e+00	1.906644e+00	8.918081e-04	3.775135e-04	1.308724e-06	3.788292e-04	1.308643e-06	1.418541e-10
9.744873046874964e-04	1.275647e-01	4.960936e-01	1.583573e+00	1.910627e+00	8.226966e-04	3.773197e-04	1.207508e-06	3.785007e-04	1.207496e-06	7.034281e-11
9.808349609374963e-04	9.582796e-02	4.927005e-01	1.583686e+00	1.914318e+00	7.631079e-04	3.771295e-04	1.120210e-06	3.781943e-04	1.120226e-06	4.169134e-11
9.903564453124963e-04	4.822281e-02	4.880414e-01	1.583848e+00	1.919388e+00	6.877425e-04	3.768524e-04	1.009763e-06	3.777703e-04	1.009791e-06	2.742618e-11
1.000000000000000e-03	7.550706e-06	4.837558e-01	1.584003e+00	1.924051e+00	6.244059e-04	3.765823e-04	9.169127e-07	3.773768e-04	9.169430e-07	2.451657e-11
1.000001649093654e-03	7.914243e-06	4.837551e-01	1.584003e+00	1.924052e+00	6.244069e-04	3.765823e-04	9.169146e-07	3.773768e-04	9.169284e-07	7.417077e-12
1.000004947280963e-03	1.689421e-05	4.837537e-01	1.584003e+00	1.924054e+00	6.243985e-04	3.765821e-04	9.169023e-07	3.773767e-04	9.168994e-07	-9.578664e-12
1.000010052912602e-03	4.284676e-05	4.837515e-01	1.584003e+00	1.924056e+00	6.243718e-04	3.765820e-04	9.168630e-07	3.773764e-04	9.168547e-07	-1.495492e-11
1.006295782272997e-03	3.146988e-02	4.812013e-01	1.584099e+00	1.926831e+00	5.899837e-04	3.764125e-04	8.664344e-07	3.771402e-04	8.664964e-07	-8.556365e-11
1.012581511633392e-03	6.289693e-02	4.787613e-01	1.584192e+00	1.929485e+00	5.581949e-04	3.762474e-04	8.198136e-07	3.769134e-04	8.198892e-07	-9.933544e-11
1.018867240993787e-03	9.432398e-02	4.764318e-01	1.584281e+00	1.932019e+00	5.290052e-04	3.760868e-04	7.770007e-07	3.766959e-04	7.770329e-07	-5.627029e-11
1.025152970354182e-03	1.257510e-01	4.742125e-01	1.584368e+00	1.934432e+00	5.024148e-04	3.759305e-04	7.379955e-07	3.764878e-04	7.379275e-07	4.363180e-11
1.031438699714577e-03	1.571781e-01	4.721036e-01	1.584452e+00	1.936725e+00	4.784236e-04	3.757786e-04	7.027982e-07	3.762890e-04	7.025731e-07	2.003708e-10
1.037724429074971e-03	1.886052e-01	4.701050e-01	1.584534e+00	1.938898e+00	4.570316e-04	3.756312e-04	6.714088e-07	3.760996e-04	6.709697e-07	4.139468e-10
1.044010158435366e-03	2.200323e-01	4.682167e-01	1.584612e+00	1.940949e+00	4.382388e-04	3.754882e-04	6.438271e-07	3.759196e-04	6.431172e-07	6.843597e-10
1.046730582542509e-03	2.336337e-01	4.674151e-01	1.584645e+00	1.941820e+00	4.301874e-04	3.754271e-04	6.320107e-07	3.758431e-04	6.313279e-07	6.572058e-10
1.049451006649652e-03	2.472352e-01	4.666284e-01	1.584677e+00	1.942675e+00	4.227167e-04	3.753675e-04	6.210465e-07	3.757678e-04	6.199157e-07	1.105080e-09
1.052171430756795e-03	2.608366e-01	4.658565e-01	1.584709e+00	1.943514e+00	4.158269e-04	3.753093e-04	6.109345e-07	3.756939e-04	6.088806e-07	2.027982e-09
1.054891854863938e-03	2.744381e-01	4.650994e-01	1.584740e+00	1.944337e+00	4.095178e-04	3.752525e-04	6.016746e-07	3.756213e-04	5.982227e-07	3.425911e-09
1.057612278971080e-03	2.880395e-01	4.643572e-01	1.584771e+00	1.945144e+00	4.037895e-04	3.751971e-04	5.932668e-07	3.755499e-04	5.879419e-07	5.298869e-09
1.060332703078223e-03	3.016409e-01	4.636298e-01	1.584800e+00	1.945936e+00	3.986419e-04	3.751432e-04	5.857112e-07	3.754799e-04	5.780382e-07	7.646854e-09
1.063053127185366e-03	3.152424e-01	4.629172e-01	1.584829e+00	1.946712e+00	3.940752e-04	3.750907e-04	5.790077e-07	3.754111e-04	5.685116e-07	1.046987e-08
1.066226955310366e-03	3.311107e-01	4.621078e-01	1.584861e+00	1.947596e+00	3.907401e-04	3.750342e-04	5.741122e-07	3.753329e-04	5.578020e-07	1.628374e-08
1.069400783435366e-03	3.469791e-01	4.613241e-01	1.584890e+00	1.948455e+00	3.898532e-04	3.749835e-04	5.728104e-07	3.752570e-04	5.475742e-07	2.520955e-08
1.072574611560366e-03	3.628474e-01	4.605710e-01	1.584915e+00	1.949285e+00	3.925046e-04	3.749411e-04	5.767024e-07	3.751840e-04	5.378528e-07	3.882275e-08
1.075748439685366e-03	3.787158e-01	4.598560e-01	1.584934e+00	1.950081e+00	4.002987e-04	3.749109e-04	5.881429e-07	3.751146e-04	5.286856e-07	5.943026e-08
1.078922267810366e-03	3.945841e-01	4.591907e-01	1.584947e+00	1.950833e+00	4.155647e-04	3.748981e-04	6.105496e-07	3.750499e-04	5.201536e-07	9.036870e-08
1.082096095935366e-03	4.104525e-01	4.585921e-01	1.584948e+00	1.951527e+00	4.416396e-04	3.749107e-04	6.488166e-07	3.749915e-04	5.123850e-07	1.364040e-07
1.085269924060366e-03	4.263208e-01	4.580851e-01	1.584933e+00	1.952144e+00	4.832429e-04	3.749596e-04	7.098620e-07	3.749421e-04	5.055746e-07	2.042597e-07
1.088443752185366e-03	4.421892e-01	4.577057e-01	1.584896e+00	1.952654e+00	5.469688e-04	3.750604e-04	8.033425e-07	3.749050e-04	5.000113e-07	3.033036e-07
1.091617580310366e-03	4.580575e-01	4.575052e-01	1.584827e+00	1.953014e+00	6.419101e-04	3.752346e-04	9.425555e-07	3.748855e-04	4.961188e-07	4.464104e-07
1.094791408435366e-03	4.739258e-01	4.575553e-01	1.584713e+00	1.953164e+00	7.804083e-04	3.755112e-04	1.145513e-06	3.748903e-04	4.945134e-07	6.509771e-07
1.097965236560366e-03	4.897942e-01	4.579553e-01	1.584538e+00	1.953018e+00	9.788629e-04	3.759291e-04	1.436079e-06	3.749294e-04	4.960908e-07	9.399738e-07
1.101139064685366e-03	5.056626e-01	4.588396e-01	1.584280e+00	1.952463e+00	1.258437e-03	3.765382e-04	1.844913e-06	3.750157e-04	5.021589e-07	1.342757e-06
1.104312892810366e-03	5.215309e-01	4.603862e-01	1.583913e+00	1.951339e+00	1.645400e-03	3.774000e-04	2.409823e-06	3.751660e-04	5.146436e-07	1.895217e-06
1.107486720935366e-03	5.373992e-01	4.628235e-01	1.583405e+00	1.949443e+00	2.170815e-03	3.785865e-04	3.175074e-06	3.754018e-04	5.364199e-07	2.638755e-06
1.110660549060366e-03	5.532676e-01	4.664347e-01	1.582721e+00	1.946510e+00	2.869412e-03	3.801757e-04	4.189410e-06	3.757485e-04	5.718607e-07	3.617761e-06
1.113834377185366e-03	5.691359e-01	4.715556e-01	1.581828e+00	1.942220e+00	3.777818e-03	3.822445e-04	5.503040e-06	3.762353e-04	6.277791e-07	4.875656e-06
1.117008205310366e-03	5.850043e-01	4.785652e-01	1.580698e+00	1.936201e+00	4.932728e-03	3.848580e-04	7.164469e-06	3.768926e-04	7.150916e-07	6.450061e-06
1.120182033435366e-03	6.008726e-01	4.878655e-01	1.579312e+00	1.928046e+00	6.369979e-03	3.880562e-04	9.218590e-06	3.777496e-04	8.517911e-07	8.367924e-06
1.123355861560366e-03	6.167409e-01	4.998486e-01	1.577668e+00	1.917349e+00	8.125655e-03	3.918372e-04	1.170759e-05	3.788304e-04	1.068209e-06	1.064116e-05
1.126529689685366e-03	6.326093e-01	5.148475e-01	1.575793e+00	1.903770e+00	1.024019e-02	3.961357e-04	1.467587e-05	3.801495e-04	1.415853e-06	1.326272e-05
1.129703517810366e-03	6.484777e-01	5.330646e-01	1.573747e+00	1.887127e+00	1.276567e-02	4.007946e-04	1.817884e-05	3.817064e-04	1.980290e-06	1.620237e-05
1.132877345935366e-03	6.643460e-01	5.544749e-01	1.571644e+00	1.867519e+00	1.577377e-02	4.055368e-04	2.229130e-05	3.834803e-04	2.893907e-06	1.940216e-05
1.136051174060366e-03	6.802143e-01	5.787218e-01	1.569640e+00	1.845460e+00	1.935560e-02	4.099660e-04	2.710340e-05	3.854259e-04	4.333217e-06	2.277511e-05
1.139225002185366e-03	6.960827e-01	6.050610e-01	1.567915e+00	1.821908e+00	2.360056e-02	4.136416e-04	3.268812e-05	3.874736e-04	6.476713e-06	2.621560e-05
1.142398830310366e-03	7.119511e-01	6.324329e-01	1.566604e+00	1.798130e+00	2.855288e-02	4.162395e-04	3.904338e-05	3.895389e-04	9.420170e-06	2.962691e-05
1.145572658435366e-03	7.278194e-01	6.596893e-01	1.565734e+00	1.775386e+00	3.417354e-02	4.177073e-04	4.605022e-05	3.915406e-04	1.310088e-05	3.295405e-05
1.148746486560366e-03	7.436877e-01	6.858802e-01	1.565224e+00	1.754603e+00	4.034423e-02	4.182813e-04	5.349277e-05	3.934190e-04	1.730259e-05	3.619686e-05
1.151920314685366e-03	7.595561e-01	7.104474e-01	1.564928e+00	1.736223e+00	4.691474e-02	4.183497e-04	6.113129e-05	3.951454e-04	2.174627e-05	3.939284e-05
1.155094142810365e-03	7.754244e-01	7.332433e-01	1.564705e+00	1.720247e+00	5.375702e-02	4.182763e-04	6.877262e-05	3.967200e-04	2.619413e-05	4.258576e-05
1.158267970935365e-03	7.912928e-01	7.544169e-01	1.564462e+00	1.706406e+00	6.079285e-02	4.182996e-04	7.629779e-05	3.981614e-04	3.050077e-05	4.580262e-05
1.161441799060365e-03	8.071612e-01	7.742624e-01	1.564154e+00	1.694327e+00	6.799179e-02	4.185243e-04	8.365024e-05	3.994956e-04	3.460667e-05	4.904737e-05
1.164615627185365e-03	8.230295e-01	7.930990e-01	1.563773e+00	1.683650e+00	7.535464e-02	4.189622e-04	9.080922e-05	4.007484e-04	3.850572e-05	5.230592e-05
1.167789455310365e-03	8.388978e-01	8.112055e-01	1.563330e+00	1.674080e+00	8.289655e-02	4.195801e-04	9.776720e-05	4.019411e-04	4.221440e-05	5.555435e-05
1.170963283435365e-03	8.547662e-01	8.287972e-01	1.562840e+00	1.665397e+00	9.063609e-02	4.203315e-04	1.045168e-04	4.030900e-04	4.575237e-05	5.876551e-05
1.174137111560365e-03	8.706345e-01	8.460287e-01	1.562318e+00	1.657450e+00	9.858994e-02	4.211740e-04	1.110458e-04	4.042066e-04	4.913377e-05	6.191283e-05
1.180484767810365e-03	9.023712e-01	8.797970e-01	1.561221e+00	1.643390e+00	1.151901e-01	4.230111e-04	1.233665e-04	4.063721e-04	5.544587e-05	6.792126e-05
1.186832424060365e-03	9.341079e-01	9.129930e-01	1.560096e+00	1.631451e+00	1.327675e-01	4.249344e-04	1.345470e-04	4.084748e-04	6.113232e-05	7.341526e-05
1.193180080310365e-03	9.658446e-01	9.458271e-01	1.558965e+00	1.621443e+00	1.513584e-01	4.268792e-04	1.443935e-04	4.105324e-04	6.612633e-05	7.826775e-05
1.199527736560365e-03	9.975813e-01	9.783988e-01	1.557835e+00	1.613254e+00	1.709682e-01	4.288228e-04	1.527567e-04	4.125545e-04	7.036428e-05	8.239295e-05
1.205875392810365e-03	1.029318e+00	1.010765e+00	1.556708e+00	1.606749e+00	1.915546e-01	4.307593e-04	1.595919e-04	4.145472e-04	7.382740e-05	8.576489e-05
1.215396877185365e-03	1.076923e+00	1.059019e+00	1.555022e+00	1.599642e+00	2.240134e-01	4.336539e-04	1.672529e-04	4.174916e-04	7.770797e-05	8.954516e-05
1.221744533435365e-03	1.108660e+00	1.091010e+00	1.553898e+00	1.596551e+00	2.466459e-01	4.355826e-04	1.706742e-04	4.194260e-04	7.943766e-05	9.123666e-05
1.228092189685365e-03	1.140396e+00	1.122966e+00	1.552772e+00	1.593796e+00	2.695184e-01	4.375075e-04	1.737364e-04	4.213504e-04	8.098453e-05	9.275198e-05
1.234439845935365e-03	1.172133e+00	1.154885e+00	1.551645e+00	1.591378e+00	2.926308e-01	4.394287e-04	1.764396e-04	4.232648e-04	8.234856e-05	9.409113e-05
1.240787502185365e-03	1.203870e+00	1.186769e+00	1.550517e+00	1.589297e+00	3.159832e-01	4.413461e-04	1.787838e-04	4.251694e-04	8.352977e-05	9.525410e-05
1.247135158435365e-03	1.235607e+00	1.218617e+00	1.549387e+00	1.587552e+00	3.395756e-01	4.432598e-04	1.807690e-04	4.270639e-04	8.452815e-05	9.624091e-05
1.253482814685365e-03	1.267343e+00	1.250430e+00	1.548255e+00	1.586144e+00	3.634079e-01	4.451697e-04	1.823952e-04	4.289486e-04	8.534370e-05	9.705153e-05
1.259830470935365e-03	1.299080e+00	1.282207e+00	1.547122e+00	1.585072e+00	3.874801e-01	4.470758e-04	1.836624e-04	4.308232e-04	8.597642e-05	9.768599e-05
1.281140459774650e-03	1.405625e+00	1.388928e+00	1.543557e+00	1.581704e+00	4.689214e-01	4.534051e-04	1.876110e-04	4.370633e-04	8.795591e-05	9.965511e-05
1.302450448613936e-03	1.512169e+00	1.495563e+00	1.539716e+00	1.578587e+00	5.508285e-01	4.597379e-04	1.913040e-04	4.432942e-04	8.979863e-05	1.015054e-04
1.323760437453221e-03	1.618714e+00	1.602110e+00	1.535601e+00	1.575719e+00	6.332015e-01	4.660743e-04	1.947415e-04	4.495161e-04	9.150459e-05	1.032369e-04
1.345070426292507e-03	1.725258e+00	1.708570e+00	1.531210e+00	1.573100e+00	7.160403e-01	4.724142e-04	1.979234e-04	4.557288e-04	9.307377e-05	1.048496e-04
1.366380415131792e-03	1.831803e+00	1.814943e+00	1.526545e+00	1.570732e+00	7.993450e-01	4.787576e-04	2.008497e-04	4.619325e-04	9.450620e-05	1.063435e-04
1.387690403971078e-03	1.938348e+00	1.921229e+00	1.521605e+00	1.568614e+00	8.831154e-01	4.851046e-04	2.035204e-04	4.681270e-04	9.580185e-05	1.077185e-04
1.409000392810364e-03	2.044892e+00	2.027428e+00	1.516390e+00	1.566746e+00	9.673517e-01	4.914551e-04	2.059355e-04	4.743125e-04	9.696074e-05	1.089748e-04
1.412627624953221e-03	2.063027e+00	2.045475e+00	1.515362e+00	1.566405e+00	9.816450e-01	4.925467e-04	2.063775e-04	4.753733e-04	9.717144e-05	1.092061e-04
1.416254857096078e-03	2.081163e+00	2.063477e+00	1.514175e+00	1.566081e+00	9.959142e-01	4.936530e-04	2.068174e-04	4.764339e-04	9.737152e-05	1.094459e-04
1.419882089238935e-03	2.099298e+00	2.081435e+00	1.512829e+00	1.565774e+00	1.010160e+00	4.947739e-04	2.072551e-04	4.774942e-04	9.756097e-05	1.096941e-04
1.423509321381792e-03	2.117433e+00	2.099347e+00	1.511324e+00	1.565485e+00	1.024381e+00	4.959094e-04	2.076908e-04	4.785543e-04	9.773981e-05	1.099510e-04
1.427136553524649e-03	2.135568e+00	2.117215e+00	1.509659e+00	1.565213e+00	1.038578e+00	4.970595e-04	2.081243e-04	4.796141e-04	9.790802e-05	1.102163e-04
1.430763785667506e-03	2.153704e+00	2.135038e+00	1.507835e+00	1.564959e+00	1.052752e+00	4.982242e-04	2.085557e-04	4.806737e-04	9.806560e-05	1.104901e-04
1.434391017810363e-03	2.171839e+00	2.152816e+00	1.505852e+00	1.564723e+00	1.066901e+00	4.994036e-04	2.089851e-04	4.817330e-04	9.821256e-05	1.107725e-04
1.440738674060363e-03	2.203576e+00	2.183517e+00	1.500980e+00	1.564471e+00	1.091433e+00	5.016048e-04	2.097271e-04	4.835715e-04	9.836849e-05	1.113586e-04
1.443912502185363e-03	2.219444e+00	2.198630e+00	1.497723e+00	1.564436e+00	1.103566e+00	5.027817e-04	2.100930e-04	4.844808e-04	9.839016e-05	1.117028e-04
1.447086330310363e-03	2.235312e+00	2.213528e+00	1.493707e+00	1.564478e+00	1.115575e+00	5.040222e-04	2.104544e-04	4.853802e-04	9.836419e-05	1.120902e-04
1.450260158435363e-03	2.251181e+00	2.228162e+00	1.488752e+00	1.564604e+00	1.127425e+00	5.053296e-04	2.108104e-04	4.862668e-04	9.828593e-05	1.125244e-04
1.456607814685363e-03	2.282917e+00	2.256422e+00	1.475323e+00	1.565099e+00	1.150469e+00	5.081030e-04	2.115009e-04	4.879889e-04	9.797894e-05	1.135215e-04
1.459781642810363e-03	2.298786e+00	2.269915e+00	1.466558e+00	1.565430e+00	1.161527e+00	5.095006e-04	2.118314e-04	4.888162e-04	9.777406e-05	1.140567e-04
1.462955470935363e-03	2.314654e+00	2.282858e+00	1.456333e+00	1.565752e+00	1.172128e+00	5.108058e-04	2.121478e-04	4.896132e-04	9.757456e-05	1.145725e-04
1.466129299060363e-03	2.330523e+00	2.295120e+00	1.444737e+00	1.565972e+00	1.182098e+00	5.118807e-04	2.124451e-04	4.903715e-04	9.743853e-05	1.150058e-04
1.469303127185363e-03	2.346391e+00	2.306533e+00	1.432059e+00	1.565959e+00	1.191206e+00	5.125416e-04	2.127163e-04	4.910803e-04	9.744636e-05	1.152700e-04
1.472476955310363e-03	2.362259e+00	2.316914e+00	1.418798e+00	1.565590e+00	1.199213e+00	5.126180e-04	2.129545e-04	4.917276e-04	9.767513e-05	1.152809e-04
1.475650783435363e-03	2.378128e+00	2.326103e+00	1.405573e+00	1.564815e+00	1.205957e+00	5.120498e-04	2.131549e-04	4.923029e-04	9.815546e-05	1.150021e-04
1.478824611560363e-03	2.393996e+00	2.334020e+00	1.392964e+00	1.563701e+00	1.211421e+00	5.109368e-04	2.133172e-04	4.928002e-04	9.884806e-05	1.144715e-04
1.481998439685363e-03	2.409864e+00	2.340678e+00	1.381386e+00	1.562394e+00	1.215729e+00	5.094907e-04	2.134450e-04	4.932198e-04	9.966324e-05	1.137827e-04
1.485172267810363e-03	2.425733e+00	2.346181e+00	1.371047e+00	1.561054e+00	1.219084e+00	5.079390e-04	2.135446e-04	4.935675e-04	1.005027e-04	1.130412e-04
1.488346095935363e-03	2.441601e+00	2.350682e+00	1.361978e+00	1.559800e+00	1.221701e+00	5.064553e-04	2.136222e-04	4.938527e-04	1.012908e-04	1.123298e-04
1.491519924060363e-03	2.457469e+00	2.354355e+00	1.354094e+00	1.558699e+00	1.223771e+00	5.051384e-04	2.136836e-04	4.940857e-04	1.019851e-04	1.116966e-04
1.494693752185363e-03	2.473338e+00	2.357401e+00	1.347185e+00	1.557759e+00	1.225463e+00	5.040106e-04	2.137337e-04	4.942794e-04	1.025797e-04	1.111526e-04
1.496826171875002e-03	2.483999e+00	2.359115e+00	1.343100e+00	1.557231e+00	1.226413e+00	5.033780e-04	2.137619e-04	4.943884e-04	1.029143e-04	1.108466e-04
1.500000000000002e-03	2.499867e+00	2.361355e+00	1.337566e+00	1.556550e+00	1.227660e+00	5.025602e-04	2.137988e-04	4.945311e-04	1.033472e-04	1.104509e-04
1.500317382812502e-03	2.498296e+00	2.361558e+00	1.337534e+00	1.556086e+00	1.227467e+00	5.019834e-04	2.137931e-04	4.945440e-04	1.036424e-04	1.101466e-04
1.500952148437502e-03	2.495122e+00	2.361913e+00	1.337586e+00	1.555236e+00	1.227101e+00	5.008595e-04	2.137823e-04	4.945667e-04	1.041845e-04	1.095952e-04
1.502221679687502e-03	2.488775e+00	2.362374e+00	1.338085e+00	1.553865e+00	1.226420e+00	4.989588e-04	2.137620e-04	4.945960e-04	1.050622e-04	1.086996e-04
1.504760742187502e-03	2.476080e+00	2.362615e+00	1.340060e+00	1.551908e+00	1.225120e+00	4.961908e-04	2.137235e-04	4.946114e-04	1.063198e-04	1.074022e-04
1.507934570312502e-03	2.460212e+00	2.362101e+00	1.343787e+00	1.550293e+00	1.223486e+00	4.938554e-04	2.136751e-04	4.945786e-04	1.073620e-04	1.063105e-04
1.511108398437502e-03	2.444343e+00	2.360903e+00	1.348688e+00	1.549223e+00	1.221731e+00	4.922509e-04	2.136230e-04	4.945021e-04	1.080555e-04	1.055653e-04
1.514282226562502e-03	2.428475e+00	2.359170e+00	1.354633e+00	1.548395e+00	1.219742e+00	4.909509e-04	2.135640e-04	4.943918e-04	1.085944e-04	1.049682e-04
1.517456054687502e-03	2.412607e+00	2.356961e+00	1.361588e+00	1.547613e+00	1.217415e+00	4.896751e-04	2.134949e-04	4.942512e-04	1.091041e-04	1.043897e-04
1.520629882812502e-03	2.396738e+00	2.354240e+00	1.369630e+00	1.546771e+00	1.214641e+00	4.882641e-04	2.134126e-04	4.940782e-04	1.096542e-04	1.037572e-04
1.523803710937502e-03	2.380870e+00	2.350902e+00	1.378904e+00	1.545801e+00	1.211284e+00	4.866052e-04	2.133129e-04	4.938663e-04	1.102897e-04	1.030221e-04
1.526977539062502e-03	2.365001e+00	2.346773e+00	1.389581e+00	1.544658e+00	1.207175e+00	4.846092e-04	2.131909e-04	4.936046e-04	1.110404e-04	1.021495e-04
1.530151367187502e-03	2.349133e+00	2.341611e+00	1.401791e+00	1.543331e+00	1.202115e+00	4.822231e-04	2.130405e-04	4.932783e-04	1.119147e-04	1.011254e-04
1.533325195312502e-03	2.333265e+00	2.335109e+00	1.415507e+00	1.541879e+00	1.195904e+00	4.794846e-04	2.128557e-04	4.928682e-04	1.128758e-04	9.998099e-05
1.536499023437502e-03	2.317397e+00	2.326937e+00	1.430383e+00	1.540464e+00	1.188402e+00	4.765892e-04	2.126325e-04	4.923546e-04	1.138153e-04	9.881962e-05
1.539672851562502e-03	2.301528e+00	2.316840e+00	1.445687e+00	1.539333e+00	1.179588e+00	4.738772e-04	2.123699e-04	4.917224e-04	1.145685e-04	9.780426e-05
1.542846679687502e-03	2.285660e+00	2.304745e+00	1.460453e+00	1.538707e+00	1.169561e+00	4.716899e-04	2.120708e-04	4.909684e-04	1.149857e-04	9.708719e-05
1.546020507812502e-03	2.269791e+00	2.290825e+00	1.473778e+00	1.538677e+00	1.158510e+00	4.702052e-04	2.117408e-04	4.901048e-04	1.150063e-04	9.673553e-05
1.549194335937502e-03	2.253923e+00	2.275456e+00	1.485084e+00	1.539175e+00	1.146674e+00	4.693909e-04	2.113868e-04	4.891563e-04	1.146734e-04	9.671366e-05
1.552368164062502e-03	2.238055e+00	2.259115e+00	1.494193e+00	1.540040e+00	1.134304e+00	4.690705e-04	2.110162e-04	4.881530e-04	1.140970e-04	9.691910e-05
1.555541992187502e-03	2.222187e+00	2.242259e+00	1.501257e+00	1.541084e+00	1.121624e+00	4.690179e-04	2.106356e-04	4.871234e-04	1.134029e-04	9.723249e-05
1.558715820312502e-03	2.206318e+00	2.225245e+00	1.506617e+00	1.542150e+00	1.108807e+00	4.690312e-04	2.102502e-04	4.860889e-04	1.126956e-04	9.755447e-05
1.561889648437502e-03	2.190450e+00	2.208300e+00	1.510670e+00	1.543138e+00	1.095965e+00	4.689707e-04	2.098633e-04	4.850632e-04	1.120418e-04	9.782146e-05
1.565063476562501e-03	2.174581e+00	2.191534e+00	1.513776e+00	1.544002e+00	1.083157e+00	4.687645e-04	2.094766e-04	4.840524e-04	1.114718e-04	9.800478e-05
1.568237304687501e-03	2.158713e+00	2.174975e+00	1.516223e+00	1.544734e+00	1.070406e+00	4.683943e-04	2.090907e-04	4.830578e-04	1.109897e-04	9.810104e-05
1.571411132812501e-03	2.142845e+00	2.158605e+00	1.518219e+00	1.545350e+00	1.057712e+00	4.678748e-04	2.087057e-04	4.820777e-04	1.105847e-04	9.812097e-05
1.574584960937501e-03	2.126976e+00	2.142386e+00	1.519907e+00	1.545875e+00	1.045065e+00	4.672347e-04	2.083211e-04	4.811096e-04	1.102406e-04	9.808055e-05
1.577758789062501e-03	2.111108e+00	2.126278e+00	1.521380e+00	1.546332e+00	1.032453e+00	4.665048e-04	2.079367e-04	4.801508e-04	1.099412e-04	9.799549e-05
1.584106445312501e-03	2.079371e+00	2.094275e+00	1.523900e+00	1.547118e+00	1.007296e+00	4.648744e-04	2.071668e-04	4.782525e-04	1.094268e-04	9.774003e-05
1.590000697544644e-03	2.049901e+00	2.064727e+00	1.525826e+00	1.547744e+00	9.839824e-01	4.632216e-04	2.064505e-04	4.765088e-04	1.090183e-04	9.743215e-05
1.595894949776787e-03	2.020432e+00	2.035198e+00	1.527648e+00	1.548361e+00	9.606863e-01	4.615538e-04	2.057294e-04	4.747698e-04	1.086162e-04	9.711322e-05
1.601789202008930e-03	1.990962e+00	2.005688e+00	1.529365e+00	1.548970e+00	9.374080e-01	4.598711e-04	2.050036e-04	4.730355e-04	1.082203e-04	9.678323e-05
1.607683454241073e-03	1.961492e+00	1.976198e+00	1.530978e+00	1.549569e+00	9.141475e-01	4.581736e-04	2.042730e-04	4.713061e-04	1.078308e-04	9.644218e-05
1.613577706473215e-03	1.932022e+00	1.946727e+00	1.532486e+00	1.550161e+00	8.909048e-01	4.564611e-04	2.035377e-04	4.695814e-04	1.074476e-04	9.609009e-05
1.619471958705358e-03	1.902553e+00	1.917274e+00	1.533890e+00	1.550743e+00	8.676798e-01	4.547337e-04	2.027977e-04	4.678615e-04	1.070708e-04	9.572694e-05
1.625366210937501e-03	1.873083e+00	1.887841e+00	1.535190e+00	1.551317e+00	8.444726e-01	4.529914e-04	2.020529e-04	4.661464e-04	1.067002e-04	9.535273e-05
1.643955775669644e-03	1.780140e+00	1.794973e+00	1.539097e+00	1.552970e+00	7.712199e-01	4.475457e-04	1.999169e-04	4.607590e-04	1.056258e-04	9.429108e-05
1.662545340401786e-03	1.687196e+00	1.702118e+00	1.542897e+00	1.554883e+00	6.984587e-01	4.420839e-04	1.974745e-04	4.553610e-04	1.043994e-04	9.307505e-05
1.681134905133929e-03	1.594253e+00	1.609277e+00	1.546592e+00	1.557054e+00	6.261892e-01	4.366059e-04	1.947256e-04	4.499524e-04	1.030209e-04	9.170463e-05
1.699724469866072e-03	1.501310e+00	1.516449e+00	1.550181e+00	1.559485e+00	5.544114e-01	4.311116e-04	1.916703e-04	4.445332e-04	1.014904e-04	9.017983e-05
1.718314034598215e-03	1.408367e+00	1.423635e+00	1.553664e+00	1.562174e+00	4.831252e-01	4.256012e-04	1.883085e-04	4.391035e-04	9.980786e-05	8.850064e-05
1.736903599330358e-03	1.315424e+00	1.330835e+00	1.557041e+00	1.565122e+00	4.123307e-01	4.200746e-04	1.846403e-04	4.336631e-04	9.797324e-05	8.666707e-05
1.755493164062500e-03	1.222481e+00	1.238048e+00	1.560312e+00	1.568329e+00	3.420278e-01	4.145317e-04	1.806657e-04	4.282122e-04	9.598657e-05	8.467912e-05
1.760934012276786e-03	1.195278e+00	1.210892e+00	1.561292e+00	1.569381e+00	3.216229e-01	4.128966e-04	1.793571e-04	4.266033e-04	9.533155e-05	8.402554e-05
1.766374860491072e-03	1.168075e+00	1.183747e+00	1.562272e+00	1.570782e+00	3.014878e-01	4.112575e-04	1.776495e-04	4.249887e-04	9.447522e-05	8.317431e-05
1.771815708705357e-03	1.140872e+00	1.156611e+00	1.563251e+00	1.572532e+00	2.816226e-01	4.096142e-04	1.755430e-04	4.233684e-04	9.341758e-05	8.212545e-05
1.777256556919643e-03	1.113669e+00	1.129485e+00	1.564229e+00	1.574632e+00	2.620272e-01	4.079668e-04	1.730375e-04	4.217425e-04	9.215864e-05	8.087894e-05
1.782697405133929e-03	1.086466e+00	1.102369e+00	1.565208e+00	1.577080e+00	2.427017e-01	4.063154e-04	1.701331e-04	4.201109e-04	9.069839e-05	7.943479e-05
1.788138253348214e-03	1.059263e+00	1.075263e+00	1.566185e+00	1.579878e+00	2.236461e-01	4.046599e-04	1.668297e-04	4.184737e-04	8.903684e-05	7.779300e-05
1.793579101562500e-03	1.032060e+00	1.048167e+00	1.567163e+00	1.583025e+00	2.048603e-01	4.030003e-04	1.631273e-04	4.168308e-04	8.717398e-05	7.595357e-05
1.803100585937500e-03	9.844554e-01	1.000840e+00	1.568871e+00	1.591141e+00	1.738252e-01	4.000926e-04	1.538194e-04	4.139366e-04	8.248589e-05	7.133401e-05
1.809448242187500e-03	9.527187e-01	9.693666e-01	1.570007e+00	1.598307e+00	1.543836e-01	3.981530e-04	1.458178e-04	4.119944e-04	7.845365e-05	6.736467e-05
1.818969726562500e-03	9.051136e-01	9.223320e-01	1.571706e+00	1.611862e+00	1.272405e-01	3.952465e-04	1.312391e-04	4.090611e-04	7.110428e-05	6.013545e-05
1.828491210937500e-03	8.575087e-01	8.756049e-01	1.573392e+00	1.628716e+00	1.025406e-01	3.923554e-04	1.141455e-04	4.061038e-04	6.248175e-05	5.166440e-05
1.834838867187500e-03	8.257719e-01	8.447009e-01	1.574504e+00	1.641694e+00	8.742994e-02	3.904484e-04	1.017798e-04	4.041200e-04	5.623822e-05	4.554228e-05
1.841186523437500e-03	7.940353e-01	8.140744e-01	1.575599e+00	1.655997e+00	7.341881e-02	3.885722e-04	8.897783e-05	4.021284e-04	4.976551e-05	3.921304e-05
1.847534179687500e-03	7.622985e-01	7.838246e-01	1.576670e+00	1.671558e+00	6.054169e-02	3.867465e-04	7.605642e-05	4.001329e-04	4.321735e-05	3.283982e-05
1.850708007812500e-03	7.464301e-01	7.688828e-01	1.577191e+00	1.679785e+00	5.454530e-02	3.858613e-04	6.965685e-05	3.991356e-04	3.996572e-05	2.969192e-05
1.853881835937499e-03	7.305619e-01	7.540918e-01	1.577701e+00	1.688294e+00	4.885560e-02	3.850007e-04	6.335787e-05	3.981401e-04	3.675734e-05	2.660136e-05
1.857055664062499e-03	7.146934e-01	7.394784e-01	1.578197e+00	1.697069e+00	4.348318e-02	3.841704e-04	5.720639e-05	3.971478e-04	3.361412e-05	2.359313e-05
1.860229492187499e-03	6.988252e-01	7.250742e-01	1.578675e+00	1.706089e+00	3.843969e-02	3.833772e-04	5.125050e-05	3.961607e-04	3.055834e-05	2.069306e-05
1.863403320312499e-03	6.829567e-01	7.109159e-01	1.579132e+00	1.715331e+00	3.373741e-02	3.826288e-04	4.553889e-05	3.951811e-04	2.761232e-05	1.792750e-05
1.866577148437499e-03	6.670884e-01	6.970462e-01	1.579564e+00	1.724762e+00	2.938859e-02	3.819335e-04	4.011973e-05	3.942118e-04	2.479800e-05	1.532269e-05
1.869750976562499e-03	6.512200e-01	6.835132e-01	1.579967e+00	1.734342e+00	2.540443e-02	3.813000e-04	3.503908e-05	3.932562e-04	2.213627e-05	1.290379e-05
1.872924804687499e-03	6.353518e-01	6.703703e-01	1.580337e+00	1.744024e+00	2.179387e-02	3.807368e-04	3.033876e-05	3.923183e-04	1.964616e-05	1.069358e-05
1.876098632812499e-03	6.194833e-01	6.576746e-01	1.580671e+00	1.753749e+00	1.856197e-02	3.802511e-04	2.605362e-05	3.914023e-04	1.734380e-05	8.710781e-06
1.879272460937499e-03	6.036150e-01	6.454842e-01	1.580965e+00	1.763448e+00	1.570829e-02	3.798478e-04	2.220863e-05	3.905129e-04	1.524138e-05	6.968182e-06
1.882446289062499e-03	5.877466e-01	6.338553e-01	1.581220e+00	1.773048e+00	1.322532e-02	3.795280e-04	1.881615e-05	3.896549e-04	1.334611e-05	5.470918e-06
1.885620117187499e-03	5.718784e-01	6.228375e-01	1.581434e+00	1.782468e+00	1.109748e-02	3.792886e-04	1.587398e-05	3.888329e-04	1.165951e-05	4.215264e-06
1.888793945312499e-03	5.560099e-01	6.124697e-01	1.581613e+00	1.791629e+00	9.301115e-03	3.791218e-04	1.336492e-05	3.880507e-04	1.017718e-05	3.188456e-06
1.891967773437499e-03	5.401417e-01	6.027764e-01	1.581759e+00	1.800458e+00	7.805516e-03	3.790156e-04	1.125827e-05	3.873113e-04	8.889126e-06	2.369770e-06
1.895141601562499e-03	5.242732e-01	5.937656e-01	1.581879e+00	1.808894e+00	6.575072e-03	3.789559e-04	9.513000e-06	3.866166e-04	7.780764e-06	1.732776e-06
1.898315429687499e-03	5.084050e-01	5.854287e-01	1.581978e+00	1.816892e+00	5.572014e-03	3.789278e-04	8.082132e-06	3.859672e-04	6.834330e-06	1.248267e-06
1.901489257812499e-03	4.925365e-01	5.777423e-01	1.582064e+00	1.824424e+00	4.759174e-03	3.789178e-04	6.917238e-06	3.853625e-04	6.030464e-06	8.871714e-07
1.904663085937499e-03	4.766683e-01	5.706716e-01	1.582140e+00	1.831480e+00	4.102187e-03	3.789149e-04	5.972176e-06	3.848008e-04	5.349689e-06	6.228252e-07
1.907836914062499e-03	4.607998e-01	5.641738e-01	1.582210e+00	1.838065e+00	3.570870e-03	3.789110e-04	5.205578e-06	3.842801e-04	4.773553e-06	4.323115e-07
1.911010742187499e-03	4.449316e-01	5.582025e-01	1.582277e+00	1.844194e+00	3.139743e-03	3.789007e-04	4.582018e-06	3.837974e-04	4.285357e-06	2.969045e-07
1.914184570312499e-03	4.290631e-01	5.527099e-01	1.582343e+00	1.849893e+00	2.787936e-03	3.788811e-04	4.072174e-06	3.833497e-04	3.870502e-06	2.018779e-07
1.917358398437499e-03	4.131949e-01	5.476494e-01	1.582408e+00	1.855189e+00	2.498713e-03	3.788508e-04	3.652350e-06	3.829342e-04	3.516549e-06	1.359773e-07
1.920532226562499e-03	3.973264e-01	5.429770e-01	1.582474e+00	1.860115e+00	2.258853e-03	3.788096e-04	3.303715e-06	3.825476e-04	3.213078e-06	9.078758e-08
1.923706054687499e-03	3.814582e-01	5.386521e-01	1.582541e+00	1.864701e+00	2.058013e-03	3.787581e-04	3.011470e-06	3.821874e-04	2.951473e-06	6.012898e-08
1.926879882812499e-03	3.655898e-01	5.346375e-01	1.582608e+00	1.868978e+00	1.888151e-03	3.786971e-04	2.764074e-06	3.818509e-04	2.724655e-06	3.953569e-08
1.930053710937499e-03	3.497215e-01	5.309002e-01	1.582675e+00	1.872975e+00	1.743042e-03	3.786278e-04	2.552562e-06	3.815356e-04	2.526836e-06	2.582959e-08
1.933227539062499e-03	3.338531e-01	5.274105e-01	1.582743e+00	1.876719e+00	1.617865e-03	3.785514e-04	2.369981e-06	3.812395e-04	2.353293e-06	1.678241e-08
1.936401367187499e-03	3.179848e-01	5.241424e-01	1.582811e+00	1.880235e+00	1.508887e-03	3.784692e-04	2.210934e-06	3.809606e-04	2.200167e-06	1.085391e-08
1.939575195312499e-03	3.021164e-01	5.210729e-01	1.582879e+00	1.883543e+00	1.413202e-03	3.783822e-04	2.071216e-06	3.806974e-04	2.064304e-06	6.993578e-09
1.942749023437499e-03	2.862481e-01	5.181819e-01	1.582946e+00	1.886665e+00	1.328535e-03	3.782914e-04	1.947532e-06	3.804481e-04	1.943115e-06	4.493492e-09
1.945922851562499e-03	2.703797e-01	5.154517e-01	1.583013e+00	1.889617e+00	1.253093e-03	3.781978e-04	1.837281e-06	3.802116e-04	1.834472e-06	2.881740e-09
1.949096679687499e-03	2.545114e-01	5.128669e-01	1.583079e+00	1.892416e+00	1.185449e-03	3.781021e-04	1.738390e-06	3.799866e-04	1.736613e-06	1.846643e-09
1.955444335937499e-03	2.227747e-01	5.080810e-01	1.583208e+00	1.897604e+00	1.069180e-03	3.779069e-04	1.568335e-06	3.795673e-04	1.567640e-06	7.608787e-10
1.961791992187499e-03	1.910380e-01	5.037342e-01	1.583334e+00	1.902323e+00	9.728629e-04	3.777098e-04	1.427389e-06	3.791833e-04	1.427131e-06	3.198349e-10
1.968139648437499e-03	1.593014e-01	4.997568e-01	1.583456e+00	1.906644e+00	8.918081e-04	3.775135e-04	1.308724e-06	3.788292e-04	1.308643e-06	1.418541e-10
1.974487304687499e-03	1.275647e-01	4.960935e-01	1.583573e+00	1.910627e+00	8.226965e-04	3.773197e-04	1.207508e-06	3.785007e-04	1.207496e-06	7.034281e-11
1.980834960937499e-03	9.582796e-02	4.927005e-01	1.583686e+00	1.914318e+00	7.631079e-04	3.771295e-04	1.120210e-06	3.781943e-04	1.120226e-06	4.169134e-11
1.990356445312498e-03	4.822281e-02	4.880414e-01	1.583848e+00	1.919388e+00	6.877425e-04	3.768524e-04	1.009763e-06	3.777703e-04	1.009791e-06	2.742618e-11
2.000000000000002e-03	7.550116e-06	4.837558e-01	1.584003e+00	1.924051e+00	6.244059e-04	3.765823e-04	9.169128e-07	3.773768e-04	9.169430e-07	2.453339e-11
2.000001648964952e-03	7.913611e-06	4.837551e-01	1.584003e+00	1.924052e+00	6.244069e-04	3.765823e-04	9.169146e-07	3.773768e-04	9.169284e-07	7.423892e-12
2.000004946894854e-03	1.689255e-05	4.837537e-01	1.584003e+00	1.924054e+00	6.243985e-04	3.765821e-04	9.169023e-07	3.773767e-04	9.168994e-07	-9.577930e-12
2.000010052538878e-03	4.284481e-05	4.837515e-01	1.584003e+00	1.924056e+00	6.243718e-04	3.765820e-04	9.168630e-07	3.773764e-04	9.168547e-07	-1.495480e-11
2.006295779144539e-03	3.146987e-02	4.812013e-01	1.584099e+00	1.926831e+00	5.899837e-04	3.764125e-04	8.664344e-07	3.771402e-04	8.664965e-07	-8.556335e-11
2.012581505750200e-03	6.289690e-02	4.787613e-01	1.584192e+00	1.929485e+00	5.581949e-04	3.762474e-04	8.198137e-07	3.769134e-04	8.198892e-07	-9.933513e-11
2.018867232355861e-03	9.432394e-02	4.764318e-01	1.584281e+00	1.932019e+00	5.290052e-04	3.760868e-04	7.770008e-07	3.766959e-04	7.770329e-07	-5.627012e-11
2.025152958961522e-03	1.257510e-01	4.742125e-01	1.584368e+00	1.934432e+00	5.024148e-04	3.759305e-04	7.379957e-07	3.764878e-04	7.379276e-07	4.363166e-11
2.031438685567183e-03	1.571780e-01	4.721036e-01	1.584452e+00	1.936725e+00	4.784236e-04	3.757786e-04	7.027983e-07	3.762890e-04	7.025732e-07	2.003702e-10
2.037724412172845e-03	1.886051e-01	4.701050e-01	1.584534e+00	1.938898e+00	4.570316e-04	3.756312e-04	6.714088e-07	3.760996e-04	6.709698e-07	4.139456e-10
2.044010138778506e-03	2.200322e-01	4.682167e-01	1.584612e+00	1.940949e+00	4.382389e-04	3.754882e-04	6.438271e-07	3.759196e-04	6.431173e-07	6.843577e-10
2.046730562885649e-03	2.336336e-01	4.674151e-01	1.584645e+00	1.941820e+00	4.301874e-04	3.754271e-04	6.320108e-07	3.758431e-04	6.313280e-07	6.572040e-10
2.049450986992791e-03	2.472351e-01	4.666284e-01	1.584677e+00	1.942675e+00	4.227168e-04	3.753675e-04	6.210466e-07	3.757678e-04	6.199158e-07	1.105077e-09
2.052171411099934e-03	2.608365e-01	4.658565e-01	1.584709e+00	1.943514e+00	4.158269e-04	3.753093e-04	6.109345e-07	3.756939e-04	6.088807e-07	2.027976e-09
2.054891835207077e-03	2.744379e-01	4.650994e-01	1.584740e+00	1.944337e+00	4.095178e-04	3.752525e-04	6.016746e-07	3.756213e-04	5.982228e-07	3.425902e-09
2.057612259314220e-03	2.880394e-01	4.643572e-01	1.584771e+00	1.945144e+00	4.037895e-04	3.751971e-04	5.932669e-07	3.755499e-04	5.879419e-07	5.298854e-09
2.060332683421363e-03	3.016408e-01	4.636298e-01	1.584800e+00	1.945936e+00	3.986419e-04	3.751432e-04	5.857113e-07	3.754799e-04	5.780382e-07	7.646833e-09
2.063053107528506e-03	3.152423e-01	4.629172e-01	1.584829e+00	1.946712e+00	3.940752e-04	3.750907e-04	5.790078e-07	3.754111e-04	5.685117e-07	1.046984e-08
2.066226935653505e-03	3.311106e-01	4.621078e-01	1.584861e+00	1.947596e+00	3.907401e-04	3.750342e-04	5.741123e-07	3.753329e-04	5.578021e-07	1.628369e-08
2.069400763778506e-03	3.469790e-01	4.613241e-01	1.584890e+00	1.948455e+00	3.898532e-04	3.749835e-04	5.728104e-07	3.752570e-04	5.475743e-07	2.520948e-08
2.072574591903505e-03	3.628473e-01	4.605710e-01	1.584915e+00	1.949285e+00	3.925045e-04	3.749411e-04	5.767023e-07	3.751840e-04	5.378529e-07	3.882265e-08
2.075748420028506e-03	3.787157e-01	4.598560e-01	1.584934e+00	1.950081e+00	4.002986e-04	3.749109e-04	5.881428e-07	3.751146e-04	5.286856e-07	5.943011e-08
2.078922248153505e-03	3.945840e-01	4.591908e-01	1.584947e+00	1.950833e+00	4.155646e-04	3.748981e-04	6.105495e-07	3.750499e-04	5.201537e-07	9.036847e-08
2.082096076278506e-03	4.104524e-01	4.585921e-01	1.584948e+00	1.951527e+00	4.416394e-04	3.749107e-04	6.488164e-07	3.749915e-04	5.123851e-07	1.364036e-07
2.085269904403505e-03	4.263207e-01	4.580851e-01	1.584933e+00	1.952144e+00	4.832426e-04	3.749596e-04	7.098616e-07	3.749421e-04	5.055746e-07	2.042592e-07
2.088443732528505e-03	4.421890e-01	4.577057e-01	1.584896e+00	1.952654e+00	5.469684e-04	3.750604e-04	8.033417e-07	3.749050e-04	5.000113e-07	3.033029e-07
2.091617560653505e-03	4.580574e-01	4.575052e-01	1.584827e+00	1.953014e+00	6.419094e-04	3.752346e-04	9.425544e-07	3.748855e-04	4.961188e-07	4.464093e-07
2.094791388778505e-03	4.739257e-01	4.575553e-01	1.584713e+00	1.953164e+00	7.804073e-04	3.755112e-04	1.145512e-06	3.748903e-04	4.945134e-07	6.509756e-07
2.097965216903505e-03	4.897941e-01	4.579553e-01	1.584538e+00	1.953018e+00	9.788614e-04	3.759291e-04	1.436077e-06	3.749294e-04	4.960908e-07	9.399716e-07
2.101139045028505e-03	5.056624e-01	4.588396e-01	1.584280e+00	1.952463e+00	1.258435e-03	3.765382e-04	1.844910e-06	3.750157e-04	5.021589e-07	1.342754e-06
2.104312873153505e-03	5.215308e-01	4.603862e-01	1.583913e+00	1.951339e+00	1.645397e-03	3.774000e-04	2.409819e-06	3.751660e-04	5.146435e-07	1.895213e-06
2.107486701278505e-03	5.373991e-01	4.628235e-01	1.583405e+00	1.949443e+00	2.170811e-03	3.785865e-04	3.175069e-06	3.754018e-04	5.364197e-07	2.638750e-06
2.110660529403505e-03	5.532675e-01	4.664346e-01	1.582721e+00	1.946510e+00	2.869407e-03	3.801757e-04	4.189403e-06	3.757485e-04	5.718604e-07	3.617755e-06
2.113834357528505e-03	5.691358e-01	4.715556e-01	1.581828e+00	1.942221e+00	3.777812e-03	3.822445e-04	5.503030e-06	3.762353e-04	6.277787e-07	4.875647e-06
2.117008185653505e-03	5.850042e-01	4.785652e-01	1.580698e+00	1.936201e+00	4.932720e-03	3.848580e-04	7.164457e-06	3.768926e-04	7.150908e-07	6.450050e-06
2.120182013778505e-03	6.008725e-01	4.878654e-01	1.579312e+00	1.928046e+00	6.369969e-03	3.880561e-04	9.218576e-06	3.777496e-04	8.517900e-07	8.367912e-06
2.123355841903505e-03	6.167409e-01	4.998485e-01	1.577668e+00	1.917349e+00	8.125643e-03	3.918372e-04	1.170757e-05	3.788304e-04	1.068208e-06	1.064115e-05
2.126529670028505e-03	6.326092e-01	5.148475e-01	1.575793e+00	1.903770e+00	1.024018e-02	3.961357e-04	1.467585e-05	3.801495e-04	1.415850e-06	1.326271e-05
2.129703498153505e-03	6.484776e-01	5.330645e-01	1.573747e+00	1.887127e+00	1.276566e-02	4.007946e-04	1.817881e-05	3.817064e-04	1.980286e-06	1.620235e-05
2.132877326278505e-03	6.643459e-01	5.544748e-01	1.571644e+00	1.867519e+00	1.577375e-02	4.055368e-04	2.229127e-05	3.834803e-04	2.893900e-06	1.940214e-05
2.136051154403505e-03	6.802143e-01	5.787216e-01	1.569640e+00	1.845460e+00	1.935557e-02	4.099660e-04	2.710337e-05	3.854259e-04	4.333206e-06	2.277509e-05
2.139224982528505e-03	6.960826e-01	6.050609e-01	1.567915e+00	1.821908e+00	2.360053e-02	4.136415e-04	3.268809e-05	3.874735e-04	6.476698e-06	2.621558e-05
2.142398810653505e-03	7.119510e-01	6.324327e-01	1.566604e+00	1.798130e+00	2.855285e-02	4.162394e-04	3.904333e-05	3.895389e-04	9.420150e-06	2.962689e-05
2.145572638778505e-03	7.278193e-01	6.596891e-01	1.565734e+00	1.775386e+00	3.417350e-02	4.177072e-04	4.605018e-05	3.915406e-04	1.310086e-05	3.295403e-05
2.148746466903505e-03	7.436876e-01	6.858801e-01	1.565224e+00	1.754603e+00	4.034419e-02	4.182813e-04	5.349273e-05	3.934189e-04	1.730257e-05	3.619684e-05
2.151920295028505e-03	7.595560e-01	7.104473e-01	1.564928e+00	1.736223e+00	4.691470e-02	4.183497e-04	6.113124e-05	3.951454e-04	2.174624e-05	3.939282e-05
2.155094123153505e-03	7.754244e-01	7.332432e-01	1.564705e+00	1.720247e+00	5.375698e-02	4.182763e-04	6.877257e-05	3.967200e-04	2.619410e-05	4.258574e-05
2.158267951278505e-03	7.912927e-01	7.544168e-01	1.564462e+00	1.706406e+00	6.079280e-02	4.182996e-04	7.629775e-05	3.981614e-04	3.050075e-05	4.580260e-05
2.161441779403504e-03	8.071610e-01	7.742623e-01	1.564154e+00	1.694327e+00	6.799175e-02	4.185243e-04	8.365019e-05	3.994956e-04	3.460664e-05	4.904735e-05
2.164615607528505e-03	8.230294e-01	7.930989e-01	1.563773e+00	1.683650e+00	7.535459e-02	4.189622e-04	9.080918e-05	4.007484e-04	3.850570e-05	5.230591e-05
2.167789435653504e-03	8.388977e-01	8.112053e-01	1.563330e+00	1.674080e+00	8.289650e-02	4.195801e-04	9.776715e-05	4.019411e-04	4.221438e-05	5.555433e-05
2.170963263778505e-03	8.547661e-01	8.287971e-01	1.562840e+00	1.665397e+00	9.063604e-02	4.203315e-04	1.045168e-04	4.030900e-04	4.575235e-05	5.876549e-05
2.174137091903504e-03	8.706344e-01	8.460286e-01	1.562318e+00	1.657450e+00	9.858989e-02	4.211740e-04	1.110458e-04	4.042066e-04	4.913375e-05	6.191282e-05
2.180484748153504e-03	9.023711e-01	8.797969e-01	1.561221e+00	1.643390e+00	1.151901e-01	4.230111e-04	1.233665e-04	4.063721e-04	5.544585e-05	6.792125e-05
2.186832404403504e-03	9.341078e-01	9.129929e-01	1.560096e+00	1.631451e+00	1.327674e-01	4.249344e-04	1.345470e-04	4.084748e-04	6.113230e-05	7.341525e-05
2.193180060653504e-03	9.658445e-01	9.458270e-01	1.558965e+00	1.621443e+00	1.513583e-01	4.268792e-04	1.443935e-04	4.105324e-04	6.612631e-05	7.826773e-05
2.199527716903504e-03	9.975812e-01	9.783987e-01	1.557835e+00	1.613254e+00	1.709681e-01	4.288228e-04	1.527567e-04	4.125545e-04	7.036427e-05	8.239294e-05
2.205875373153504e-03	1.029318e+00	1.010765e+00	1.556708e+00	1.606749e+00	1.915545e-01	4.307592e-04	1.595919e-04	4.145472e-04	7.382739e-05	8.576488e-05
2.215396857528504e-03	1.076923e+00	1.059019e+00	1.555022e+00	1.599642e+00	2.240134e-01	4.336539e-04	1.672529e-04	4.174916e-04	7.770796e-05	8.954515e-05
2.221744513778504e-03	1.108660e+00	1.091010e+00	1.553898e+00	1.596551e+00	2.466459e-01	4.355826e-04	1.706742e-04	4.194260e-04	7.943765e-05	9.123665e-05
2.228092170028504e-03	1.140396e+00	1.122966e+00	1.552772e+00	1.593796e+00	2.695184e-01	4.375075e-04	1.737364e-04	4.213504e-04	8.098452e-05	9.275197e-05
2.234439826278504e-03	1.172133e+00	1.154885e+00	1.551645e+00	1.591378e+00	2.926308e-01	4.394287e-04	1.764396e-04	4.232648e-04	8.234855e-05	9.409112e-05
2.240787482528504e-03	1.203870e+00	1.186769e+00	1.550517e+00	1.589297e+00	3.159832e-01	4.413461e-04	1.787838e-04	4.251694e-04	8.352976e-05	9.525410e-05
2.247135138778504e-03	1.235606e+00	1.218617e+00	1.549387e+00	1.587552e+00	3.395755e-01	4.432598e-04	1.807690e-04	4.270639e-04	8.452814e-05	9.624090e-05
2.253482795028504e-03	1.267343e+00	1.250430e+00	1.548255e+00	1.586144e+00	3.634078e-01	4.451697e-04	1.823952e-04	4.289486e-04	8.534369e-05	9.705153e-05
2.259830451278504e-03	1.299080e+00	1.282206e+00	1.547122e+00	1.585072e+00	3.874800e-01	4.470758e-04	1.836624e-04	4.308232e-04	8.597642e-05	9.768599e-05
2.281140440117790e-03	1.405624e+00	1.388928e+00	1.543557e+00	1.581704e+00	4.689213e-01	4.534051e-04	1.876110e-04	4.370633e-04	8.795591e-05	9.965511e-05
2.302450428957075e-03	1.512169e+00	1.495563e+00	1.539716e+00	1.578587e+00	5.508285e-01	4.597379e-04	1.913040e-04	4.432942e-04	8.979863e-05	1.015054e-04
2.323760417796361e-03	1.618714e+00	1.602110e+00	1.535601e+00	1.575719e+00	6.332015e-01	4.660743e-04	1.947415e-04	4.495161e-04	9.150459e-05	1.032369e-04
2.345070406635646e-03	1.725258e+00	1.708570e+00	1.531210e+00	1.573100e+00	7.160403e-01	4.724142e-04	1.979234e-04	4.557288e-04	9.307377e-05	1.048496e-04
2.366380395474932e-03	1.831803e+00	1.814943e+00	1.526545e+00	1.570732e+00	7.993449e-01	4.787576e-04	2.008497e-04	4.619325e-04	9.450619e-05	1.063435e-04
2.387690384314217e-03	1.938347e+00	1.921229e+00	1.521605e+00	1.568614e+00	8.831154e-01	4.851045e-04	2.035204e-04	4.681270e-04	9.580184e-05	1.077185e-04
2.409000373153503e-03	2.044892e+00	2.027427e+00	1.516390e+00	1.566746e+00	9.673517e-01	4.914550e-04	2.059355e-04	4.743125e-04	9.696073e-05	1.089748e-04
2.412627605296360e-03	2.063027e+00	2.045475e+00	1.515362e+00	1.566405e+00	9.816449e-01	4.925467e-04	2.063775e-04	4.753733e-04	9.717143e-05	1.092061e-04
2.416254837439217e-03	2.081163e+00	2.063477e+00	1.514175e+00	1.566081e+00	9.959141e-01	4.936530e-04	2.068174e-04	4.764339e-04	9.737152e-05	1.094458e-04
2.419882069582074e-03	2.099298e+00	2.081435e+00	1.512829e+00	1.565774e+00	1.010159e+00	4.947739e-04	2.072551e-04	4.774942e-04	9.756097e-05	1.096941e-04
2.423509301724931e-03	2.117433e+00	2.099347e+00	1.511324e+00	1.565485e+00	1.024381e+00	4.959094e-04	2.076908e-04	4.785543e-04	9.773981e-05	1.099510e-04
2.427136533867788e-03	2.135568e+00	2.117215e+00	1.509659e+00	1.565213e+00	1.038578e+00	4.970595e-04	2.081243e-04	4.796141e-04	9.790802e-05	1.102163e-04
2.430763766010645e-03	2.153704e+00	2.135038e+00	1.507835e+00	1.564959e+00	1.052752e+00	4.982242e-04	2.085557e-04	4.806737e-04	9.806560e-05	1.104901e-04
2.434390998153502e-03	2.171839e+00	2.152816e+00	1.505852e+00	1.564723e+00	1.066901e+00	4.994036e-04	2.089851e-04	4.817330e-04	9.821256e-05	1.107725e-04
2.440738654403502e-03	2.203576e+00	2.183517e+00	1.500980e+00	1.564471e+00	1.091433e+00	5.016048e-04	2.097271e-04	4.835715e-04	9.836849e-05	1.113586e-04
2.443912482528503e-03	2.219444e+00	2.198631e+00	1.497723e+00	1.564436e+00	1.103566e+00	5.027817e-04	2.100930e-04	4.844808e-04	9.839016e-05	1.117028e-04
2.447086310653502e-03	2.235312e+00	2.213528e+00	1.493707e+00	1.564478e+00	1.115575e+00	5.040222e-04	2.104544e-04	4.853802e-04	9.836419e-05	1.120902e-04
2.450260138778503e-03	2.251181e+00	2.228162e+00	1.488752e+00	1.564604e+00	1.127425e+00	5.053296e-04	2.108104e-04	4.862668e-04	9.828593e-05	1.125244e-04
2.456607795028503e-03	2.282917e+00	2.256422e+00	1.475323e+00	1.565099e+00	1.150469e+00	5.081030e-04	2.115009e-04	4.879889e-04	9.797894e-05	1.135215e-04
2.459781623153502e-03	2.298786e+00	2.269914e+00	1.466558e+00	1.565430e+00	1.161526e+00	5.095006e-04	2.118314e-04	4.888162e-04	9.777406e-05	1.140567e-04
2.462955451278503e-03	2.314654e+00	2.282858e+00	1.456333e+00	1.565752e+00	1.172128e+00	5.108057e-04	2.121478e-04	4.896132e-04	9.757456e-05	1.145724e-04
2.466129279403502e-03	2.330522e+00	2.295120e+00	1.444737e+00	1.565972e+00	1.182098e+00	5.118807e-04	2.124451e-04	4.903715e-04	9.743853e-05	1.150058e-04
2.469303107528503e-03	2.346391e+00	2.306534e+00	1.432059e+00	1.565959e+00	1.191206e+00	5.125416e-04	2.127163e-04	4.910803e-04	9.744636e-05	1.152700e-04
2.472476935653502e-03	2.362259e+00	2.316914e+00	1.418798e+00	1.565590e+00	1.199213e+00	5.126180e-04	2.129544e-04	4.917276e-04	9.767513e-05	1.152809e-04
2.475650763778502e-03	2.378127e+00	2.326103e+00	1.405573e+00	1.564815e+00	1.205957e+00	5.120497e-04	2.131549e-04	4.923029e-04	9.815545e-05	1.150021e-04
2.478824591903502e-03	2.393996e+00	2.334020e+00	1.392964e+00	1.563701e+00	1.211421e+00	5.109368e-04	2.133172e-04	4.928002e-04	9.884805e-05	1.144715e-04
2.481998420028502e-03	2.409864e+00	2.340678e+00	1.381386e+00	1.562394e+00	1.215729e+00	5.094907e-04	2.134450e-04	4.932198e-04	9.966324e-05	1.137827e-04
2.485172248153502e-03	2.425732e+00	2.346180e+00	1.371047e+00	1.561054e+00	1.219084e+00	5.079390e-04	2.135446e-04	4.935675e-04	1.005027e-04	1.130412e-04
2.488346076278502e-03	2.441601e+00	2.350682e+00	1.361978e+00	1.559800e+00	1.221701e+00	5.064553e-04	2.136222e-04	4.938527e-04	1.012908e-04	1.123298e-04
2.491519904403502e-03	2.457469e+00	2.354355e+00	1.354094e+00	1.558699e+00	1.223771e+00	5.051385e-04	2.136836e-04	4.940857e-04	1.019851e-04	1.116966e-04
2.494693732528502e-03	2.473337e+00	2.357401e+00	1.347185e+00	1.557759e+00	1.225463e+00	5.040106e-04	2.137337e-04	4.942794e-04	1.025797e-04	1.111526e-04
2.496826171875004e-03	2.483999e+00	2.359115e+00	1.343100e+00	1.557231e+00	1.226413e+00	5.033780e-04	2.137619e-04	4.943884e-04	1.029143e-04	1.108466e-04
2.500000000000004e-03	2.499867e+00	2.361355e+00	1.337566e+00	1.556550e+00	1.227660e+00	5.025602e-04	2.137988e-04	4.945311e-04	1.033472e-04	1.104509e-04
2.500317382812504e-03	2.498296e+00	2.361558e+00	1.337534e+00	1.556086e+00	1.227467e+00	5.019834e-04	2.137931e-04	4.945440e-04	1.036424e-04	1.101466e-04
2.500952148437504e-03	2.495122e+00	2.361913e+00	1.337586e+00	1.555236e+00	1.227101e+00	5.008594e-04	2.137823e-04	4.945667e-04	1.041845e-04	1.095952e-04
2.502221679687504e-03	2.488775e+00	2.362374e+00	1.338085e+00	1.553865e+00	1.226420e+00	4.989588e-04	2.137620e-04	4.945960e-04	1.050622e-04	1.086996e-04
2.504760742187504e-03	2.476080e+00	2.362615e+00	1.340060e+00	1.551908e+00	1.225120e+00	4.961908e-04	2.137235e-04	4.946114e-04	1.063198e-04	1.074022e-04
2.507934570312505e-03	2.460212e+00	2.362101e+00	1.343787e+00	1.550293e+00	1.223486e+00	4.938554e-04	2.136751e-04	4.945786e-04	1.073620e-04	1.063105e-04
2.511108398437504e-03	2.444343e+00	2.360903e+00	1.348688e+00	1.549223e+00	1.221731e+00	4.922509e-04	2.136230e-04	4.945021e-04	1.080555e-04	1.055653e-04
2.514282226562504e-03	2.428475e+00	2.359170e+00	1.354633e+00	1.548395e+00	1.219742e+00	4.909508e-04	2.135640e-04	4.943918e-04	1.085944e-04	1.049682e-04
2.517456054687504e-03	2.412607e+00	2.356961e+00	1.361588e+00	1.547613e+00	1.217415e+00	4.896751e-04	2.134949e-04	4.942512e-04	1.091041e-04	1.043897e-04
2.520629882812504e-03	2.396738e+00	2.354240e+00	1.369630e+00	1.546771e+00	1.214641e+00	4.882641e-04	2.134126e-04	4.940782e-04	1.096542e-04	1.037572e-04
2.523803710937504e-03	2.380870e+00	2.350902e+00	1.378904e+00	1.545801e+00	1.211284e+00	4.866052e-04	2.133129e-04	4.938663e-04	1.102897e-04	1.030221e-04
2.526977539062504e-03	2.365001e+00	2.346772e+00	1.389581e+00	1.544658e+00	1.207175e+00	4.846092e-04	2.131909e-04	4.936046e-04	1.110404e-04	1.021495e-04
2.530151367187504e-03	2.349133e+00	2.341611e+00	1.401791e+00	1.543331e+00	1.202115e+00	4.822231e-04	2.130405e-04	4.932783e-04	1.119147e-04	1.011254e-04
2.533325195312504e-03	2.333265e+00	2.335109e+00	1.415507e+00	1.541879e+00	1.195903e+00	4.794846e-04	2.128557e-04	4.928682e-04	1.128758e-04	9.998098e-05
2.536499023437504e-03	2.317397e+00	2.326937e+00	1.430383e+00	1.540464e+00	1.188402e+00	4.765892e-04	2.126325e-04	4.923546e-04	1.138153e-04	9.881962e-05
2.539672851562504e-03	2.301528e+00	2.316840e+00	1.445687e+00	1.539333e+00	1.179588e+00	4.738772e-04	2.123699e-04	4.917224e-04	1.145685e-04	9.780426e-05
2.542846679687504e-03	2.285660e+00	2.304745e+00	1.460453e+00	1.538707e+00	1.169561e+00	4.716899e-04	2.120708e-04	4.909684e-04	1.149857e-04	9.708719e-05
2.546020507812504e-03	2.269791e+00	2.290825e+00	1.473778e+00	1.538677e+00	1.158510e+00	4.702052e-04	2.117408e-04	4.901048e-04	1.150063e-04	9.673553e-05
2.549194335937504e-03	2.253923e+00	2.275456e+00	1.485084e+00	1.539175e+00	1.146675e+00	4.693909e-04	2.113868e-04	4.891563e-04	1.146734e-04	9.671366e-05
2.552368164062504e-03	2.238055e+00	2.259115e+00	1.494193e+00	1.540040e+00	1.134304e+00	4.690705e-04	2.110162e-04	4.881530e-04	1.140970e-04	9.691910e-05
2.555541992187504e-03	2.222187e+00	2.242259e+00	1.501257e+00	1.541084e+00	1.121624e+00	4.690179e-04	2.106356e-04	4.871234e-04	1.134029e-04	9.723249e-05
2.558715820312504e-03	2.206318e+00	2.225245e+00	1.506617e+00	1.542150e+00	1.108807e+00	4.690312e-04	2.102502e-04	4.860889e-04	1.126956e-04	9.755447e-05
2.561889648437504e-03	2.190450e+00	2.208300e+00	1.510670e+00	1.543138e+00	1.095965e+00	4.689707e-04	2.098633e-04	4.850632e-04	1.120418e-04	9.782146e-05
2.565063476562504e-03	2.174581e+00	2.191534e+00	1.513776e+00	1.544002e+00	1.083157e+00	4.687645e-04	2.094766e-04	4.840524e-04	1.114718e-04	9.800478e-05
2.568237304687504e-03	2.158713e+00	2.174975e+00	1.516223e+00	1.544734e+00	1.070406e+00	4.683943e-04	2.090907e-04	4.830578e-04	1.109897e-04	9.810104e-05
2.571411132812504e-03	2.142845e+00	2.158605e+00	1.518219e+00	1.545350e+00	1.057712e+00	4.678748e-04	2.087057e-04	4.820777e-04	1.105847e-04	9.812097e-05
2.574584960937504e-03	2.126976e+00	2.142386e+00	1.519907e+00	1.545875e+00	1.045065e+00	4.672347e-04	2.083211e-04	4.811096e-04	1.102406e-04	9.808055e-05
2.577758789062504e-03	2.111108e+00	2.126278e+00	1.521380e+00	1.546332e+00	1.032453e+00	4.665048e-04	2.079367e-04	4.801508e-04	1.099412e-04	9.799549e-05
2.584106445312504e-03	2.079371e+00	2.094275e+00	1.523900e+00	1.547118e+00	1.007296e+00	4.648744e-04	2.071668e-04	4.782525e-04	1.094268e-04	9.774003e-05
2.590000697544647e-03	2.049901e+00	2.064727e+00	1.525826e+00	1.547744e+00	9.839824e-01	4.632216e-04	2.064505e-04	4.765088e-04	1.090183e-04	9.743215e-05
2.595894949776789e-03	2.020432e+00	2.035198e+00	1.527648e+00	1.548361e+00	9.606863e-01	4.615538e-04	2.057294e-04	4.747698e-04	1.086162e-04	9.711322e-05
2.601789202008932e-03	1.990962e+00	2.005688e+00	1.529365e+00	1.548970e+00	9.374080e-01	4.598711e-04	2.050036e-04	4.730355e-04	1.082203e-04	9.678323e-05
2.607683454241075e-03	1.961492e+00	1.976198e+00	1.530978e+00	1.549569e+00	9.141475e-01	4.581736e-04	2.042730e-04	4.713061e-04	1.078308e-04	9.644218e-05
2.613577706473218e-03	1.932022e+00	1.946727e+00	1.532486e+00	1.550161e+00	8.909048e-01	4.564611e-04	2.035377e-04	4.695814e-04	1.074476e-04	9.609009e-05
2.619471958705360e-03	1.902553e+00	1.917274e+00	1.533890e+00	1.550743e+00	8.676798e-01	4.547337e-04	2.027977e-04	4.678615e-04	1.070708e-04	9.572694e-05
2.625366210937503e-03	1.873083e+00	1.887841e+00	1.535190e+00	1.551317e+00	8.444726e-01	4.529914e-04	2.020529e-04	4.661464e-04	1.067002e-04	9.535273e-05
2.643955775669646e-03	1.780140e+00	1.794973e+00	1.539097e+00	1.552970e+00	7.712199e-01	4.475457e-04	1.999169e-04	4.607590e-04	1.056258e-04	9.429108e-05
2.662545340401789e-03	1.687196e+00	1.702118e+00	1.542897e+00	1.554883e+00	6.984587e-01	4.420839e-04	1.974745e-04	4.553610e-04	1.043994e-04	9.307505e-05
2.681134905133932e-03	1.594253e+00	1.609277e+00	1.546592e+00	1.557054e+00	6.261892e-01	4.366059e-04	1.947256e-04	4.499524e-04	1.030209e-04	9.170463e-05
2.699724469866075e-03	1.501310e+00	1.516449e+00	1.550181e+00	1.559485e+00	5.544114e-01	4.311116e-04	1.916703e-04	4.445332e-04	1.014904e-04	9.017983e-05
2.718314034598217e-03	1.408367e+00	1.423635e+00	1.553664e+00	1.562174e+00	4.831252e-01	4.256012e-04	1.883085e-04	4.391035e-04	9.980786e-05	8.850064e-05
2.736903599330360e-03	1.315424e+00	1.330835e+00	1.557041e+00	1.565122e+00	4.123307e-01	4.200746e-04	1.846403e-04	4.336631e-04	9.797324e-05	8.666707e-05
2.755493164062503e-03	1.222481e+00	1.238048e+00	1.560312e+00	1.568329e+00	3.420278e-01	4.145317e-04	1.806657e-04	4.282122e-04	9.598657e-05	8.467912e-05
2.760934012276788e-03	1.195278e+00	1.210892e+00	1.561292e+00	1.569381e+00	3.216229e-01	4.128966e-04	1.793571e-04	4.266033e-04	9.533155e-05	8.402554e-05
2.766374860491074e-03	1.168075e+00	1.183747e+00	1.562272e+00	1.570782e+00	3.014878e-01	4.112575e-04	1.776495e-04	4.249887e-04	9.447522e-05	8.317431e-05
2.771815708705360e-03	1.140872e+00	1.156611e+00	1.563251e+00	1.572532e+00	2.816226e-01	4.096142e-04	1.755430e-04	4.233684e-04	9.341758e-05	8.212545e-05
2.777256556919645e-03	1.113669e+00	1.129485e+00	1.564229e+00	1.574632e+00	2.620272e-01	4.079668e-04	1.730375e-04	4.217425e-04	9.215864e-05	8.087894e-05
2.782697405133931e-03	1.086466e+00	1.102369e+00	1.565208e+00	1.577080e+00	2.427017e-01	4.063154e-04	1.701331e-04	4.201109e-04	9.069839e-05	7.943479e-05
2.788138253348217e-03	1.059263e+00	1.075263e+00	1.566185e+00	1.579878e+00	2.236461e-01	4.046599e-04	1.668297e-04	4.184737e-04	8.903684e-05	7.779300e-05
2.793579101562502e-03	1.032060e+00	1.048167e+00	1.567163e+00	1.583025e+00	2.048603e-01	4.030003e-04	1.631273e-04	4.168308e-04	8.717398e-05	7.595357e-05
2.803100585937502e-03	9.844554e-01	1.000840e+00	1.568871e+00	1.591141e+00	1.738252e-01	4.000926e-04	1.538194e-04	4.139366e-04	8.248589e-05	7.133401e-05
2.809448242187502e-03	9.527187e-01	9.693666e-01	1.570007e+00	1.598307e+00	1.543836e-01	3.981530e-04	1.458178e-04	4.119944e-04	7.845365e-05	6.736467e-05
2.818969726562502e-03	9.051136e-01	9.223320e-01	1.571706e+00	1.611862e+00	1.272405e-01	3.952465e-04	1.312391e-04	4.090611e-04	7.110428e-05	6.013545e-05
2.828491210937502e-03	8.575087e-01	8.756049e-01	1.573392e+00	1.628716e+00	1.025406e-01	3.923554e-04	1.141455e-04	4.061038e-04	6.248175e-05	5.166440e-05
2.834838867187502e-03	8.257719e-01	8.447009e-01	1.574504e+00	1.641694e+00	8.742994e-02	3.904484e-04	1.017798e-04	4.041200e-04	5.623822e-05	4.554228e-05
2.841186523437502e-03	7.940353e-01	8.140744e-01	1.575599e+00	1.655997e+00	7.341881e-02	3.885722e-04	8.897783e-05	4.021284e-04	4.976551e-05	3.921304e-05
2.847534179687502e-03	7.622985e-01	7.838246e-01	1.576670e+00	1.671558e+00	6.054169e-02	3.867465e-04	7.605642e-05	4.001329e-04	4.321736e-05	3.283982e-05
2.850708007812502e-03	7.464301e-01	7.688827e-01	1.577191e+00	1.679785e+00	5.454530e-02	3.858613e-04	6.965685e-05	3.991356e-04	3.996572e-05	2.969192e-05
2.853881835937501e-03	7.305619e-01	7.540918e-01	1.577701e+00	1.688294e+00	4.885560e-02	3.850007e-04	6.335787e-05	3.981401e-04	3.675734e-05	2.660136e-05
2.857055664062502e-03	7.146934e-01	7.394784e-01	1.578197e+00	1.697069e+00	4.348317e-02	3.841704e-04	5.720639e-05	3.971478e-04	3.361412e-05	2.359313e-05
2.860229492187501e-03	6.988252e-01	7.250742e-01	1.578675e+00	1.706089e+00	3.843969e-02	3.833773e-04	5.125050e-05	3.961607e-04	3.055834e-05	2.069306e-05
2.863403320312502e-03	6.829567e-01	7.109159e-01	1.579132e+00	1.715331e+00	3.373741e-02	3.826288e-04	4.553889e-05	3.951811e-04	2.761232e-05	1.792750e-05
2.866577148437501e-03	6.670884e-01	6.970462e-01	1.579564e+00	1.724762e+00	2.938859e-02	3.819335e-04	4.011973e-05	3.942118e-04	2.479800e-05	1.532269e-05
2.869750976562502e-03	6.512200e-01	6.835132e-01	1.579967e+00	1.734342e+00	2.540443e-02	3.813000e-04	3.503908e-05	3.932562e-04	2.213627e-05	1.290379e-05
2.872924804687501e-03	6.353518e-01	6.703703e-01	1.580337e+00	1.744024e+00	2.179387e-02	3.807368e-04	3.033876e-05	3.923183e-04	1.964616e-05	1.069358e-05
2.876098632812502e-03	6.194833e-01	6.576746e-01	1.580671e+00	1.753749e+00	1.856197e-02	3.802511e-04	2.605362e-05	3.914023e-04	1.734380e-05	8.710781e-06
2.879272460937501e-03	6.036150e-01	6.454842e-01	1.580965e+00	1.763448e+00	1.570829e-02	3.798478e-04	2.220863e-05	3.905129e-04	1.524138e-05	6.968182e-06
2.882446289062502e-03	5.877466e-01	6.338553e-01	1.581220e+00	1.773048e+00	1.322532e-02	3.795280e-04	1.881615e-05	3.896549e-04	1.334611e-05	5.470918e-06
2.885620117187501e-03	5.718784e-01	6.228375e-01	1.581434e+00	1.782468e+00	1.109748e-02	3.792886e-04	1.587398e-05	3.888329e-04	1.165951e-05	4.215264e-06
2.888793945312502e-03	5.560099e-01	6.124697e-01	1.581613e+00	1.791629e+00	9.301115e-03	3.791218e-04	1.336492e-05	3.880507e-04	1.017718e-05	3.188456e-06
2.891967773437501e-03	5.401417e-01	6.027765e-01	1.581759e+00	1.800458e+00	7.805516e-03	3.790156e-04	1.125827e-05	3.873113e-04	8.889126e-06	2.369770e-06
2.895141601562502e-03	5.242732e-01	5.937656e-01	1.581879e+00	1.808894e+00	6.575072e-03	3.789559e-04	9.513000e-06	3.866166e-04	7.780764e-06	1.732776e-06
2.898315429687501e-03	5.084050e-01	5.854288e-01	1.581978e+00	1.816892e+00	5.572014e-03	3.789278e-04	8.082132e-06	3.859672e-04	6.834330e-06	1.248267e-06
2.901489257812502e-03	4.925365e-01	5.777423e-01	1.582064e+00	1.824424e+00	4.759173e-03	3.789178e-04	6.917238e-06	3.853625e-04	6.030464e-06	8.871714e-07
2.904663085937501e-03	4.766683e-01	5.706716e-01	1.582140e+00	1.831480e+00	4.102188e-03	3.789149e-04	5.972176e-06	3.848009e-04	5.349689e-06	6.228252e-07
2.907836914062501e-03	4.607998e-01	5.641738e-01	1.582210e+00	1.838065e+00	3.570870e-03	3.789110e-04	5.205578e-06	3.842801e-04	4.773553e-06	4.323115e-07
2.911010742187501e-03	4.449316e-01	5.582025e-01	1.582277e+00	1.844194e+00	3.139743e-03	3.789007e-04	4.582018e-06	3.837974e-04	4.285357e-06	2.969045e-07
2.914184570312501e-03	4.290631e-01	5.527099e-01	1.582343e+00	1.849893e+00	2.787936e-03	3.788811e-04	4.072174e-06	3.833497e-04	3.870502e-06	2.018779e-07
2.917358398437501e-03	4.131949e-01	5.476494e-01	1.582408e+00	1.855189e+00	2.498713e-03	3.788508e-04	3.652350e-06	3.829342e-04	3.516549e-06	1.359773e-07
2.920532226562501e-03	3.973264e-01	5.429770e-01	1.582474e+00	1.860115e+00	2.258853e-03	3.788096e-04	3.303715e-06	3.825476e-04	3.213078e-06	9.078758e-08
2.923706054687501e-03	3.814582e-01	5.386521e-01	1.582541e+00	1.864701e+00	2.058013e-03	3.787581e-04	3.011470e-06	3.821874e-04	2.951473e-06	6.012898e-08
2.926879882812501e-03	3.655898e-01	5.346375e-01	1.582608e+00	1.868978e+00	1.888151e-03	3.786971e-04	2.764074e-06	3.818509e-04	2.724655e-06	3.953569e-08
2.930053710937501e-03	3.497215e-01	5.309002e-01	1.582675e+00	1.872975e+00	1.743042e-03	3.786278e-04	2.552562e-06	3.815356e-04	2.526836e-06	2.582959e-08
2.933227539062501e-03	3.338531e-01	5.274105e-01	1.582743e+00	1.876719e+00	1.617865e-03	3.785514e-04	2.369981e-06	3.812395e-04	2.353293e-06	1.678241e-08
2.936401367187501e-03	3.179848e-01	5.241424e-01	1.582811e+00	1.880235e+00	1.508887e-03	3.784692e-04	2.210934e-06	3.809606e-04	2.200167e-06	1.085391e-08
2.939575195312501e-03	3.021164e-01	5.210729e-01	1.582879e+00	1.883543e+00	1.413202e-03	3.783822e-04	2.071216e-06	3.806974e-04	2.064304e-06	6.993578e-09
2.942749023437501e-03	2.862481e-01	5.181819e-01	1.582946e+00	1.886665e+00	1.328535e-03	3.782914e-04	1.947533e-06	3.804481e-04	1.943115e-06	4.493492e-09
2.945922851562501e-03	2.703797e-01	5.154517e-01	1.583013e+00	1.889617e+00	1.253093e-03	3.781978e-04	1.837281e-06	3.802116e-04	1.834472e-06	2.881740e-09
2.949096679687501e-03	2.545114e-01	5.128669e-01	1.583079e+00	1.892416e+00	1.185449e-03	3.781021e-04	1.738390e-06	3.799866e-04	1.736613e-06	1.846643e-09
2.955444335937501e-03	2.227747e-01	5.080810e-01	1.583208e+00	1.897604e+00	1.069180e-03	3.779069e-04	1.568335e-06	3.795673e-04	1.567640e-06	7.608787e-10
2.961791992187501e-03	1.910380e-01	5.037343e-01	1.583334e+00	1.902323e+00	9.728629e-04	3.777098e-04	1.427389e-06	3.791833e-04	1.427131e-06	3.198349e-10
2.968139648437501e-03	1.593014e-01	4.997568e-01	1.583456e+00	1.906644e+00	8.918081e-04	3.775135e-04	1.308724e-06	3.788292e-04	1.308643e-06	1.418541e-10
2.974487304687501e-03	1.275647e-01	4.960936e-01	1.583573e+00	1.910627e+00	8.226966e-04	3.773197e-04	1.207508e-06	3.785007e-04	1.207496e-06	7.034281e-11
2.980834960937500e-03	9.582796e-02	4.927005e-01	1.583686e+00	1.914318e+00	7.631079e-04	3.771295e-04	1.120210e-06	3.781943e-04	1.120226e-06	4.169134e-11
2.990356445312501e-03	4.822281e-02	4.880414e-01	1.583848e+00	1.919388e+00	6.877425e-04	3.768524e-04	1.009763e-06	3.777703e-04	1.009791e-06	2.742618e-11
2.998535156250049e-03	7.331308e-03	4.843808e-01	1.583980e+00	1.923371e+00	6.332908e-04	3.766226e-04	9.299399e-07	3.774344e-04	9.299702e-07	2.401856e-11
3.000000000000000e-03	7.550116e-06	4.837558e-01	1.584003e+00	1.924051e+00	6.244059e-04	3.765823e-04	9.169128e-07	3.773768e-04	9.169430e-07	2.387376e-11
