Sample	Time(S)	CH1(V)	CH2(V)
0	-0.0016	1.4176	1.65488
1	-0.001599	1.41305	1.65488
2	-0.001598	1.40697	1.65488
3	-0.001597	1.40394	1.65488
4	-0.001596	1.39787	1.6564
5	-0.001595	1.39179	1.6564
6	-0.001594	1.38876	1.6564
7	-0.001593	1.3842	1.6564
8	-0.001592	1.37813	1.6564
9	-0.001591	1.37054	1.65488
10	-0.00159	1.37054	1.65791
11	-0.001589	1.36295	1.65791
12	-0.001588	1.35688	1.65488
13	-0.001587	1.35384	1.6564
14	-0.001586	1.35081	1.65791
15	-0.001585	1.34322	1.65791
16	-0.001584	1.33714	1.65488
17	-0.001583	1.33411	1.6564
18	-0.001582	1.32804	1.6564
19	-0.001581	1.32045	1.6564
20	-0.00158	1.31893	1.6564
21	-0.001579	1.31286	1.65488
22	-0.001578	1.30678	1.6564
23	-0.001577	1.30071	1.6564
24	-0.001576	1.29767	1.6564
25	-0.001575	1.2916	1.65791
26	-0.001574	1.28705	1.65791
27	-0.001573	1.27946	1.65791
28	-0.001572	1.27794	1.65791
29	-0.001571	1.27035	1.65791
30	-0.00157	1.2658	1.6564
31	-0.001569	1.2658	1.65943
32	-0.001568	1.25821	1.65943
33	-0.001567	1.25062	1.6564
34	-0.001566	1.2491	1.65791
35	-0.001565	1.24303	1.65943
36	-0.001564	1.23847	1.65943
37	-0.001563	1.23088	1.65791
38	-0.001562	1.22936	1.66095
39	-0.001561	1.22329	1.65943
40	-0.00156	1.21874	1.66095
41	-0.001559	1.21266	1.66095
42	-0.001558	1.20811	1.66095
43	-0.001557	1.20204	1.66095
44	-0.001556	1.19597	1.65943
45	-0.001555	1.19597	1.66247
46	-0.001554	1.18838	1.66247
47	-0.001553	1.18079	1.66247
48	-0.001552	1.17775	1.66095
49	-0.001551	1.17471	1.66399
50	-0.00155	1.16864	1.66399
51	-0.001549	1.16105	1.66399
52	-0.001548	1.15953	1.66399
53	-0.001547	1.15194	1.66702
54	-0.001546	1.14891	1.66702
55	-0.001545	1.14587	1.66702
56	-0.001544	1.13828	1.66702
57	-0.001543	1.13221	1.66854
58	-0.001542	1.12765	1.66854
59	-0.001541	1.12614	1.66854
60	-0.00154	1.11703	1.67006
61	-0.001539	1.11247	1.66854
62	-0.001538	1.10792	1.67158
63	-0.001537	1.10488	1.67158
64	-0.001536	1.09881	1.67158
65	-0.001535	1.09122	1.6731
66	-0.001534	1.08818	1.6731
67	-0.001533	1.08363	1.67461
68	-0.001532	1.07756	1.67461
69	-0.001531	1.07452	1.67613
70	-0.00153	1.06997	1.67765
71	-0.001529	1.0639	1.67613
72	-0.001528	1.05782	1.67917
73	-0.001527	1.05479	1.67917
74	-0.001526	1.05023	1.68069
75	-0.001525	1.04264	1.68069
76	-0.001524	1.03961	1.68372
77	-0.001523	1.03505	1.68372
78	-0.001522	1.0305	1.68372
79	-0.001521	1.02291	1.68979
80	-0.00152	1.02139	1.68676
81	-0.001519	1.01532	1.69131
82	-0.001518	1.00925	1.69131
83	-0.001517	1.00621	1.69283
84	-0.001516	0.99862	1.69435
85	-0.001515	0.992548	1.69435
86	-0.001514	0.989512	1.69587
87	-0.001513	0.986476	1.69738
88	-0.001512	0.977368	1.6989
89	-0.001511	0.972813	1.6989
90	-0.00151	0.969777	1.70194
91	-0.001509	0.963705	1.70194
92	-0.001508	0.959151	1.70497
93	-0.001507	0.956115	1.70649
94	-0.001506	0.950043	1.70801
95	-0.001505	0.943971	1.70801
96	-0.001504	0.939416	1.71105
97	-0.001503	0.93638	1.7156
98	-0.001502	0.92879	1.71408
99	-0.001501	0.922718	1.71712
100	-0.0015	0.916646	1.71864
101	-0.001499	0.915128	1.72167
102	-0.001498	0.912092	1.72167
103	-0.001497	0.902983	1.72319
104	-0.001496	0.901465	1.72471
105	-0.001495	0.895393	1.72623
106	-0.001494	0.889321	1.72775
107	-0.001493	0.884767	1.73382
108	-0.001492	0.881731	1.73382
109	-0.001491	0.875659	1.73534
110	-0.00149	0.868068	1.73685
111	-0.001489	0.865032	1.73837
112	-0.001488	0.85896	1.73989
113	-0.001487	0.85137	1.74141
114	-0.001486	0.85137	1.74444
115	-0.001485	0.846816	1.74748
116	-0.001484	0.840744	1.74748
117	-0.001483	0.833153	1.749
118	-0.001482	0.830117	1.75507
119	-0.001481	0.822527	1.75507
120	-0.00148	0.819491	1.75659
121	-0.001479	0.813419	1.75962
122	-0.001478	0.810383	1.76266
123	-0.001477	0.804311	1.76418
124	-0.001476	0.798238	1.7657
125	-0.001475	0.79672	1.76873
126	-0.001474	0.78913	1.76873
127	-0.001473	0.783058	1.77025
128	-0.001472	0.78154	1.77329
129	-0.001471	0.77395	1.77784
130	-0.00147	0.770914	1.77936
131	-0.001469	0.763323	1.78239
132	-0.001468	0.761805	1.78391
133	-0.001467	0.755733	1.78695
134	-0.001466	0.748143	1.78695
135	-0.001465	0.743589	1.7915
136	-0.001464	0.740553	1.7915
137	-0.001463	0.735999	1.79606
138	-0.001462	0.729926	1.79606
139	-0.001461	0.72689	1.80061
140	-0.00146	0.7193	1.80365
141	-0.001459	0.713228	1.80365
142	-0.001458	0.71171	1.80668
143	-0.001457	0.705638	1.80972
144	-0.001456	0.698047	1.80972
145	-0.001455	0.691975	1.81276
146	-0.001454	0.691975	1.81579
147	-0.001453	0.684385	1.81579
148	-0.001452	0.678313	1.81883
149	-0.001451	0.673759	1.82186
150	-0.00145	0.670723	1.8249
151	-0.001449	0.66465	1.82642
152	-0.001448	0.660096	1.82642
153	-0.001447	0.65706	1.83097
154	-0.001446	0.64947	1.83097
155	-0.001445	0.644916	1.83401
156	-0.001444	0.64188	1.83553
157	-0.001443	0.635808	1.83856
158	-0.001442	0.628217	1.83856
159	-0.001441	0.623663	1.84312
160	-0.00144	0.620627	1.84463
161	-0.001439	0.614555	1.84615
162	-0.001438	0.610001	1.84767
163	-0.001437	0.605447	1.84919
164	-0.001436	0.599375	1.85071
165	-0.001435	0.596338	1.85222
166	-0.001434	0.588748	1.85374
167	-0.001433	0.58723	1.85526
168	-0.001432	0.57964	1.85526
169	-0.001431	0.573568	1.8583
170	-0.00143	0.570532	1.8583
171	-0.001429	0.565978	1.85981
172	-0.001428	0.558387	1.85981
173	-0.001427	0.553833	1.86285
174	-0.001426	0.550797	1.86285
175	-0.001425	0.546243	1.86741
176	-0.001424	0.538653	1.86741
177	-0.001423	0.535617	1.86892
178	-0.001422	0.529544	1.86892
179	-0.001421	0.526508	1.86892
180	-0.00142	0.518918	1.87196
181	-0.001419	0.5174	1.87044
182	-0.001418	0.50981	1.875
183	-0.001417	0.503738	1.87348
184	-0.001416	0.499184	1.875
185	-0.001415	0.496148	1.875
186	-0.001414	0.490075	1.87803
187	-0.001413	0.484003	1.87803
188	-0.001412	0.482485	1.87803
189	-0.001411	0.476413	1.87803
190	-0.00141	0.470341	1.88107
191	-0.001409	0.465787	1.88107
192	-0.001408	0.459714	1.88107
193	-0.001407	0.45516	1.88107
194	-0.001406	0.449088	1.8841
195	-0.001405	0.44757	1.88259
196	-0.001404	0.43998	1.8841
197	-0.001403	0.43239	1.8841
198	-0.001402	0.429354	1.8841
199	-0.001401	0.426317	1.8841
200	-0.0014	0.417209	1.88866
201	-0.001399	0.414173	1.88714
202	-0.001398	0.411137	1.88866
203	-0.001397	0.406583	1.88866
204	-0.001396	0.398993	1.88866
205	-0.001395	0.394439	1.89169
206	-0.001394	0.391402	1.89018
207	-0.001393	0.38533	1.89018
208	-0.001392	0.379258	1.89169
209	-0.001391	0.376222	1.89018
210	-0.00139	0.37015	1.89321
211	-0.001389	0.364078	1.89169
212	-0.001388	0.361042	1.89321
213	-0.001387	0.354969	1.89169
214	-0.001386	0.347379	1.89473
215	-0.001385	0.344343	1.89321
216	-0.001384	0.341307	1.89321
217	-0.001383	0.335235	1.89321
218	-0.001382	0.329163	1.89321
219	-0.001381	0.324609	1.89473
220	-0.00138	0.320054	1.89473
221	-0.001379	0.313982	1.89473
222	-0.001378	0.309428	1.89473
223	-0.001377	0.30791	1.89625
224	-0.001376	0.298802	1.89625
225	-0.001375	0.295766	1.89625
226	-0.001374	0.29273	1.89928
227	-0.001373	0.286657	1.89777
228	-0.001372	0.283621	1.89777
229	-0.001371	0.274513	1.89777
230	-0.00137	0.274513	1.89777
231	-0.001369	0.266923	1.89928
232	-0.001368	0.260851	1.89777
233	-0.001367	0.256297	1.9008
234	-0.001366	0.250224	1.89928
235	-0.001365	0.244152	1.89928
236	-0.001364	0.241116	1.89928
237	-0.001363	0.23808	1.89928
238	-0.001362	0.23049	1.89928
239	-0.001361	0.224418	1.90232
240	-0.00136	0.2229	1.89928
241	-0.001359	0.216827	1.89928
242	-0.001358	0.209237	1.90232
243	-0.001357	0.204683	1.9008
244	-0.001356	0.203165	1.9008
245	-0.001355	0.197093	1.90232
246	-0.001354	0.192539	1.90384
247	-0.001353	0.186466	1.9008
248	-0.001352	0.180394	1.90232
249	-0.001351	0.17584	1.9008
250	-0.00135	0.172804	1.90384
251	-0.001349	0.16825	1.90232
252	-0.001348	0.16066	1.90232
253	-0.001347	0.154588	1.90232
254	-0.001346	0.153069	1.90232
255	-0.001345	0.146997	1.90232
256	-0.001344	0.139407	1.90232
257	-0.001343	0.134853	1.90384
258	-0.001342	0.131817	1.90232
259	-0.001341	0.125745	1.90536
260	-0.00134	0.121191	1.90232
261	-0.001339	0.116636	1.90232
262	-0.001338	0.110564	1.90536
263	-0.001337	0.104492	1.90384
264	-0.001336	0.101456	1.90384
265	-0.001335	0.0984199	1.90384
266	-0.001334	0.0893116	1.90384
267	-0.001333	0.0862755	1.90384
268	-0.001332	0.0832395	1.90384
269	-0.001331	0.0771673	1.90384
270	-0.00133	0.0710951	1.90687
271	-0.001329	0.0650229	1.90384
272	-0.001328	0.0619868	1.90384
273	-0.001327	0.0574327	1.90687
274	-0.001326	0.0513605	1.90384
275	-0.001325	0.0468064	1.90536
276	-0.001324	0.0407342	1.90687
277	-0.001323	0.034662	1.90384
278	-0.001322	0.031626	1.90536
279	-0.001321	0.0255538	1.90384
280	-0.00132	0.0225177	1.90687
281	-0.001319	0.0134094	1.90536
282	-0.001318	0.0118914	1.90536
283	-0.001317	0.0058192	1.90536
284	-0.001316	-0.000252978	1.90536
285	-0.001315	-0.00632516	1.90536
286	-0.001314	-0.000252978	1.90536
287	-0.001313	0.0058192	1.90536
288	-0.001312	0.0118914	1.90536
289	-0.001311	0.0134094	1.90536
290	-0.00131	0.0209996	1.90536
291	-0.001309	0.0285899	1.90536
292	-0.001308	0.031626	1.90536
293	-0.001307	0.034662	1.90536
294	-0.001306	0.0422523	1.90991
295	-0.001305	0.0452884	1.90536
296	-0.001304	0.0513605	1.90687
297	-0.001303	0.0574327	1.90384
298	-0.001302	0.0619868	1.90687
299	-0.001301	0.0635049	1.90687
300	-0.0013	0.0710951	1.90991
301	-0.001299	0.0786853	1.90536
302	-0.001298	0.0832395	1.90687
303	-0.001297	0.0832395	1.90536
304	-0.001296	0.0908297	1.90991
305	-0.001295	0.0984199	1.90687
306	-0.001294	0.101456	1.90687
307	-0.001293	0.10601	1.90687
308	-0.001292	0.112082	1.90687
309	-0.001291	0.116636	1.90687
310	-0.00129	0.121191	1.90687
311	-0.001289	0.127263	1.90991
312	-0.001288	0.131817	1.90687
313	-0.001287	0.134853	1.90687
314	-0.001286	0.140925	1.91143
315	-0.001285	0.145479	1.90687
316	-0.001284	0.153069	1.91143
317	-0.001283	0.154588	1.90991
318	-0.001282	0.16066	1.90991
319	-0.001281	0.16825	1.91143
320	-0.00128	0.172804	1.90687
321	-0.001279	0.17584	1.90687
322	-0.001278	0.18343	1.90687
323	-0.001277	0.186466	1.91143
324	-0.001276	0.191021	1.90991
325	-0.001275	0.197093	1.90991
326	-0.001274	0.203165	1.90991
327	-0.001273	0.204683	1.90687
328	-0.001272	0.210755	1.91143
329	-0.001271	0.216827	1.90687
330	-0.00127	0.2229	1.90991
331	-0.001269	0.224418	1.90687
332	-0.001268	0.232008	1.90687
333	-0.001267	0.236562	1.90687
334	-0.001266	0.241116	1.90687
335	-0.001265	0.244152	1.90687
336	-0.001264	0.250224	1.90687
337	-0.001263	0.254778	1.90687
338	-0.001262	0.257815	1.90991
339	-0.001261	0.265405	1.90687
340	-0.00126	0.272995	1.90991
341	-0.001259	0.276031	1.90687
342	-0.001258	0.279067	1.90687
343	-0.001257	0.286657	1.90687
344	-0.001256	0.291212	1.90687
345	-0.001255	0.294248	1.90687
346	-0.001254	0.298802	1.90687
347	-0.001253	0.306392	1.90991
348	-0.001252	0.309428	1.90991
349	-0.001251	0.3155	1.90991
350	-0.00125	0.321572	1.91143
351	-0.001249	0.326127	1.90687
352	-0.001248	0.329163	1.90687
353	-0.001247	0.335235	1.90687
354	-0.001246	0.341307	1.90991
355	-0.001245	0.344343	1.91143
356	-0.001244	0.350415	1.90991
357	-0.001243	0.354969	1.90991
358	-0.001242	0.361042	1.90991
359	-0.001241	0.364078	1.90991
360	-0.00124	0.37015	1.90991
361	-0.001239	0.376222	1.90991
362	-0.001238	0.379258	1.90991
363	-0.001237	0.38533	1.90991
364	-0.001236	0.391402	1.91143
365	-0.001235	0.394439	1.90687
366	-0.001234	0.398993	1.90991
367	-0.001233	0.403547	1.90991
368	-0.001232	0.412655	1.90991
369	-0.001231	0.414173	1.90991
370	-0.00123	0.420245	1.90991
371	-0.001229	0.427836	1.90991
372	-0.001228	0.429354	1.91143
373	-0.001227	0.43239	1.90991
374	-0.001226	0.43998	1.90991
375	-0.001225	0.44757	1.90991
376	-0.001224	0.449088	1.90991
377	-0.001223	0.45516	1.90991
378	-0.001222	0.459714	1.90991
379	-0.001221	0.465787	1.90991
380	-0.00122	0.470341	1.91143
381	-0.001219	0.474895	1.90687
382	-0.001218	0.480967	1.90991
383	-0.001217	0.484003	1.90991
384	-0.001216	0.488557	1.90991
385	-0.001215	0.496148	1.90687
386	-0.001214	0.499184	1.90991
387	-0.001213	0.503738	1.90991
388	-0.001212	0.50981	1.91143
389	-0.001211	0.5174	1.90687
390	-0.00121	0.518918	1.90687
391	-0.001209	0.526508	1.91143
392	-0.001208	0.529544	1.90991
393	-0.001207	0.535617	1.90991
394	-0.001206	0.540171	1.90991
395	-0.001205	0.546243	1.90991
396	-0.001204	0.550797	1.90991
397	-0.001203	0.553833	1.90991
398	-0.001202	0.561423	1.90991
399	-0.001201	0.565978	1.90991
400	-0.0012	0.569014	1.90991
401	-0.001199	0.573568	1.90991
402	-0.001198	0.57964	1.90991
403	-0.001197	0.58723	1.90991
404	-0.001196	0.588748	1.90991
405	-0.001195	0.593302	1.90991
406	-0.001194	0.599375	1.90991
407	-0.001193	0.605447	1.90991
408	-0.001192	0.610001	1.90991
409	-0.001191	0.614555	1.90991
410	-0.00119	0.620627	1.91143
411	-0.001189	0.623663	1.90687
412	-0.001188	0.628217	1.90991
413	-0.001187	0.637326	1.90991
414	-0.001186	0.638844	1.90991
415	-0.001185	0.644916	1.90991
416	-0.001184	0.64947	1.90991
417	-0.001183	0.65706	1.90991
418	-0.001182	0.660096	1.91143
419	-0.001181	0.66465	1.90991
420	-0.00118	0.670723	1.90991
421	-0.001179	0.673759	1.90991
422	-0.001178	0.678313	1.90991
423	-0.001177	0.684385	1.90991
424	-0.001176	0.690457	1.90991
425	-0.001175	0.693493	1.90991
426	-0.001174	0.698047	1.90991
427	-0.001173	0.707156	1.90991
428	-0.001172	0.710192	1.90991
429	-0.001171	0.714746	1.90991
430	-0.00117	0.717782	1.90991
431	-0.001169	0.72689	1.90991
432	-0.001168	0.729926	1.90991
433	-0.001167	0.732962	1.90991
434	-0.001166	0.740553	1.90991
435	-0.001165	0.743589	1.90991
436	-0.001164	0.748143	1.90991
437	-0.001163	0.755733	1.90991
438	-0.001162	0.761805	1.90991
439	-0.001161	0.763323	1.90991
440	-0.00116	0.767877	1.90991
441	-0.001159	0.775468	1.90991
442	-0.001158	0.78154	1.90687
443	-0.001157	0.784576	1.91143
444	-0.001156	0.790648	1.90991
445	-0.001155	0.79672	1.90991
446	-0.001154	0.79672	1.90991
447	-0.001153	0.804311	1.90687
448	-0.001152	0.810383	1.90687
449	-0.001151	0.813419	1.90536
450	-0.00115	0.819491	1.90536
451	-0.001149	0.825563	1.90384
452	-0.001148	0.830117	1.90232
453	-0.001147	0.831635	1.89928
454	-0.001146	0.840744	1.89625
455	-0.001145	0.845298	1.89169
456	-0.001144	0.849852	1.8841
457	-0.001143	0.852888	1.87803
458	-0.001142	0.857442	1.87348
459	-0.001141	0.865032	1.86133
460	-0.00114	0.868068	1.85678
461	-0.001139	0.874141	1.84767
462	-0.001138	0.878695	1.83704
463	-0.001137	0.881731	1.82794
464	-0.001136	0.889321	1.81883
465	-0.001135	0.893875	1.81276
466	-0.001134	0.899947	1.80517
467	-0.001133	0.901465	1.79606
468	-0.001132	0.907538	1.78998
469	-0.001131	0.91361	1.78391
470	-0.00113	0.915128	1.77784
471	-0.001129	0.9212	1.77177
472	-0.001128	0.927272	1.76721
473	-0.001127	0.934862	1.76266
474	-0.001126	0.93638	1.75962
475	-0.001125	0.942453	1.75203
476	-0.001124	0.947007	1.749
477	-0.001123	0.951561	1.74444
478	-0.001122	0.957633	1.74141
479	-0.001121	0.962187	1.74141
480	-0.00112	0.969777	1.73685
481	-0.001119	0.971295	1.73382
482	-0.001118	0.977368	1.73382
483	-0.001117	0.984958	1.72926
484	-0.001116	0.987994	1.72623
485	-0.001115	0.992548	1.72471
486	-0.001114	0.997102	1.72319
487	-0.001113	1.00469	1.72015
488	-0.001112	1.00773	1.71864
489	-0.001111	1.0138	1.71712
490	-0.00111	1.01987	1.7156
491	-0.001109	1.02291	1.71408
492	-0.001108	1.02746	1.71105
493	-0.001107	1.03505	1.71105
494	-0.001106	1.03809	1.70801
495	-0.001105	1.04113	1.70649
496	-0.001104	1.0472	1.70649
497	-0.001103	1.05479	1.70497
498	-0.001102	1.05782	1.70346
499	-0.001101	1.0639	1.70194
500	-0.0011	1.06693	1.70194
501	-0.001099	1.07604	1.70042
502	-0.001098	1.07604	1.6989
503	-0.001097	1.08363	1.69587
504	-0.001096	1.08818	1.69738
505	-0.001095	1.09122	1.69587
506	-0.001094	1.09729	1.69283
507	-0.001093	1.10337	1.69435
508	-0.001092	1.1064	1.69131
509	-0.001091	1.11247	1.69283
510	-0.00109	1.12006	1.69131
511	-0.001089	1.12614	1.69131
512	-0.001088	1.12765	1.68979
513	-0.001087	1.13221	1.68979
514	-0.001086	1.13828	1.68979
515	-0.001085	1.14587	1.68676
516	-0.001084	1.14587	1.68372
517	-0.001083	1.15194	1.68524
518	-0.001082	1.15801	1.68372
519	-0.001081	1.16105	1.68372
520	-0.00108	1.16864	1.68372
521	-0.001079	1.17471	1.68372
522	-0.001078	1.17775	1.6822
523	-0.001077	1.18079	1.6822
524	-0.001076	1.18838	1.68069
525	-0.001075	1.19445	1.68069
526	-0.001074	1.19597	1.68069
527	-0.001073	1.20204	1.68069
528	-0.001072	1.20811	1.68069
529	-0.001071	1.2157	1.68069
530	-0.00107	1.21722	1.67765
531	-0.001069	1.22329	1.67917
532	-0.001068	1.22936	1.67917
533	-0.001067	1.23088	1.67917
534	-0.001066	1.23847	1.67613
535	-0.001065	1.24454	1.67765
536	-0.001064	1.2491	1.67765
537	-0.001063	1.25062	1.67765
538	-0.001062	1.25821	1.67613
539	-0.001061	1.26428	1.67917
540	-0.00106	1.2658	1.67461
541	-0.001059	1.27339	1.67613
542	-0.001058	1.27642	1.67613
543	-0.001057	1.27946	1.67613
544	-0.001056	1.28705	1.67613
545	-0.001055	1.2916	1.67613
546	-0.001054	1.29767	1.67613
547	-0.001053	1.30071	1.6731
548	-0.001052	1.30678	1.67461
549	-0.001051	1.31437	1.67461
550	-0.00105	1.31741	1.67461
551	-0.001049	1.32196	1.67461
552	-0.001048	1.32804	1.67461
553	-0.001047	1.33259	1.67613
554	-0.001046	1.33714	1.6731
555	-0.001045	1.3417	1.67461
556	-0.001044	1.34777	1.67461
557	-0.001043	1.35232	1.67461
558	-0.001042	1.3584	1.67461
559	-0.001041	1.36295	1.67461
560	-0.00104	1.36902	1.67461
561	-0.001039	1.37054	1.67461
562	-0.001038	1.37661	1.67461
563	-0.001037	1.3842	1.67461
564	-0.001036	1.38724	1.67461
565	-0.001035	1.39028	1.67461
566	-0.001034	1.39938	1.67461
567	-0.001033	1.40546	1.67461
568	-0.001032	1.40697	1.67461
569	-0.001031	1.41305	1.67461
570	-0.00103	1.42064	1.67461
571	-0.001029	1.42215	1.6731
572	-0.001028	1.42823	1.6731
573	-0.001027	1.4343	1.6731
574	-0.001026	1.44037	1.67461
575	-0.001025	1.44189	1.67158
576	-0.001024	1.44644	1.6731
577	-0.001023	1.45252	1.6731
578	-0.001022	1.45859	1.6731
579	-0.001021	1.46011	1.67158
580	-0.00102	1.4677	1.67158
581	-0.001019	1.47377	1.67158
582	-0.001018	1.4768	1.67158
583	-0.001017	1.48136	1.67158
584	-0.001016	1.48743	1.67158
585	-0.001015	1.49198	1.67006
586	-0.001014	1.49806	1.67006
587	-0.001013	1.50109	1.67158
588	-0.001012	1.50868	1.67158
589	-0.001011	1.5102	1.67158
590	-0.00101	1.51779	1.67158
591	-0.001009	1.52386	1.67158
592	-0.001008	1.52538	1.67006
593	-0.001007	1.53145	1.67158
594	-0.001006	1.53904	1.67158
595	-0.001005	1.5436	1.67158
596	-0.001004	1.54663	1.67006
597	-0.001003	1.55119	1.66854
598	-0.001002	1.55726	1.67158
599	-0.001001	1.56333	1.67158
600	-0.001	1.56637	1.67158
601	-0.000999	1.57244	1.67158
602	-0.000998	1.58003	1.67158
603	-0.000997	1.58003	1.67006
604	-0.000996	1.58914	1.67006
605	-0.000995	1.59218	1.67006
606	-0.000994	1.59521	1.67006
607	-0.000993	1.60128	1.66854
608	-0.000992	1.61039	1.67158
609	-0.000991	1.61343	1.67158
610	-0.00099	1.61646	1.66854
611	-0.000989	1.62102	1.67006
612	-0.000988	1.63013	1.67158
613	-0.000987	1.63316	1.66854
614	-0.000986	1.6362	1.66854
615	-0.000985	1.64379	1.67006
616	-0.000984	1.64531	1.67158
617	-0.000983	1.6529	1.67006
618	-0.000982	1.65897	1.67006
619	-0.000981	1.66201	1.67158
620	-0.00098	1.66504	1.66854
621	-0.000979	1.67111	1.67006
622	-0.000978	1.67719	1.67006
623	-0.000977	1.68326	1.67006
624	-0.000976	1.68781	1.67006
625	-0.000975	1.69085	1.67006
626	-0.000974	1.69996	1.67006
627	-0.000973	1.70299	1.67006
628	-0.000972	1.70755	1.67006
629	-0.000971	1.71362	1.67006
630	-0.00097	1.71666	1.67006
631	-0.000969	1.71969	1.67006
632	-0.000968	1.7288	1.67006
633	-0.000967	1.73335	1.67006
634	-0.000966	1.73639	1.66854
635	-0.000965	1.73943	1.66854
636	-0.000964	1.74853	1.66854
637	-0.000963	1.75309	1.67006
638	-0.000962	1.75612	1.66702
639	-0.000961	1.7622	1.67006
640	-0.00096	1.76675	1.67006
641	-0.000959	1.76979	1.66702
642	-0.000958	1.77586	1.66854
643	-0.000957	1.78345	1.66854
644	-0.000956	1.78649	1.66854
645	-0.000955	1.78952	1.66854
646	-0.000954	1.79711	1.66854
647	-0.000953	1.80318	1.67006
648	-0.000952	1.8047	1.66702
649	-0.000951	1.81077	1.66702
650	-0.00095	1.81836	1.67006
651	-0.000949	1.82444	1.67006
652	-0.000948	1.82747	1.66702
653	-0.000947	1.83051	1.66854
654	-0.000946	1.83658	1.66854
655	-0.000945	1.84113	1.66854
656	-0.000944	1.84721	1.66702
657	-0.000943	1.85176	1.67006
658	-0.000942	1.8548	1.66854
659	-0.000941	1.85935	1.66854
660	-0.00094	1.86694	1.66854
661	-0.000939	1.87301	1.66854
662	-0.000938	1.87453	1.66854
663	-0.000937	1.8806	1.66854
664	-0.000936	1.88819	1.66854
665	-0.000935	1.88971	1.66702
666	-0.000934	1.8973	1.66702
667	-0.000933	1.90034	1.66854
668	-0.000932	1.90945	1.66854
669	-0.000931	1.90945	1.66854
670	-0.00093	1.91704	1.66854
671	-0.000929	1.92311	1.66854
672	-0.000928	1.92615	1.66702
673	-0.000927	1.92918	1.66399
674	-0.000926	1.93677	1.66854
675	-0.000925	1.94284	1.66854
676	-0.000924	1.94436	1.66702
677	-0.000923	1.95043	1.66702
678	-0.000922	1.95802	1.66854
679	-0.000921	1.95954	1.66399
680	-0.00092	1.96561	1.66854
681	-0.000919	1.9732	1.66399
682	-0.000918	1.97624	1.66702
683	-0.000917	1.98079	1.66702
684	-0.000916	1.98687	1.66702
685	-0.000915	1.99142	1.66702
686	-0.000914	1.99749	1.66702
687	-0.000913	1.99901	1.66702
688	-0.000912	2.0066	1.66702
689	-0.000911	2.01116	1.66702
690	-0.00091	2.01571	1.66702
691	-0.000909	2.01875	1.66702
692	-0.000908	2.02785	1.66702
693	-0.000907	2.03089	1.66702
694	-0.000906	2.03393	1.66702
695	-0.000905	2.04	1.66702
696	-0.000904	2.04759	1.66702
697	-0.000903	2.05062	1.66247
698	-0.000902	2.0567	1.66399
699	-0.000901	2.05973	1.66399
700	-0.0009	2.06581	1.66399
701	-0.000899	2.07188	1.66399
702	-0.000898	2.07795	1.66399
703	-0.000897	2.08099	1.66399
704	-0.000896	2.08402	1.66399
705	-0.000895	2.08858	1.66399
706	-0.000894	2.09617	1.66399
707	-0.000893	2.10224	1.66399
708	-0.000892	2.10376	1.66399
709	-0.000891	2.11135	1.66399
710	-0.00089	2.11894	1.66399
711	-0.000889	2.12046	1.66399
712	-0.000888	2.12653	1.66702
713	-0.000887	2.1326	1.66702
714	-0.000886	2.13412	1.66247
715	-0.000885	2.13867	1.66247
716	-0.000884	2.14626	1.66702
717	-0.000883	2.15233	1.66702
718	-0.000882	2.15233	1.66247
719	-0.000881	2.15992	1.66399
720	-0.00088	2.16751	1.66399
721	-0.000879	2.17055	1.66399
722	-0.000878	2.1751	1.66247
723	-0.000877	2.17966	1.66702
724	-0.000876	2.18725	1.66702
725	-0.000875	2.19028	1.66399
726	-0.000874	2.19636	1.66399
727	-0.000873	2.20091	1.66702
728	-0.000872	2.20547	1.66247
729	-0.000871	2.21002	1.66399
730	-0.00087	2.21609	1.66399
731	-0.000869	2.22065	1.66399
732	-0.000868	2.22368	1.66399
733	-0.000867	2.22975	1.66399
734	-0.000866	2.23583	1.66399
735	-0.000865	2.24038	1.66399
736	-0.000864	2.24493	1.66399
737	-0.000863	2.24949	1.66399
738	-0.000862	2.25404	1.66399
739	-0.000861	2.2586	1.66399
740	-0.00086	2.26467	1.66399
741	-0.000859	2.27074	1.66399
742	-0.000858	2.27378	1.66399
743	-0.000857	2.27985	1.66399
744	-0.000856	2.28744	1.66399
745	-0.000855	2.29048	1.66702
746	-0.000854	2.29351	1.66247
747	-0.000853	2.3011	1.66399
748	-0.000852	2.30566	1.66399
749	-0.000851	2.31021	1.66399
750	-0.00085	2.31325	1.66399
751	-0.000849	2.31932	1.66702
752	-0.000848	2.32691	1.66702
753	-0.000847	2.32843	1.66702
754	-0.000846	2.3345	1.66399
755	-0.000845	2.34057	1.66854
756	-0.000844	2.34361	1.66702
757	-0.000843	2.34968	1.66702
758	-0.000842	2.35575	1.66702
759	-0.000841	2.36031	1.66854
760	-0.00084	2.36334	1.66854
761	-0.000839	2.36941	1.66854
762	-0.000838	2.377	1.66854
763	-0.000837	2.37852	1.67006
764	-0.000836	2.38308	1.67006
765	-0.000835	2.39067	1.67006
766	-0.000834	2.3937	1.67006
767	-0.000833	2.39978	1.67006
768	-0.000832	2.40585	1.67158
769	-0.000831	2.4104	1.6731
770	-0.00083	2.41344	1.67006
771	-0.000829	2.41951	1.67158
772	-0.000828	2.42558	1.67158
773	-0.000827	2.43014	1.67461
774	-0.000826	2.43317	1.67461
775	-0.000825	2.43924	1.6731
776	-0.000824	2.44835	1.67613
777	-0.000823	2.44835	1.67613
778	-0.000822	2.45442	1.67613
779	-0.000821	2.4605	1.67613
780	-0.00082	2.46353	1.67613
781	-0.000819	2.46961	1.67613
782	-0.000818	2.47568	1.67613
783	-0.000817	2.48023	1.67765
784	-0.000816	2.48327	1.67461
785	-0.000815	2.4863	1.67613
786	-0.000814	2.48327	1.6731
787	-0.000813	2.48023	1.67006
788	-0.000812	2.47568	1.66702
789	-0.000811	2.46961	1.66247
790	-0.00081	2.46353	1.65943
791	-0.000809	2.4605	1.65943
792	-0.000808	2.45442	1.6564
793	-0.000807	2.44835	1.6564
794	-0.000806	2.44683	1.65336
795	-0.000805	2.43924	1.65336
796	-0.000804	2.43317	1.65032
797	-0.000803	2.43165	1.65184
798	-0.000802	2.4271	1.65032
799	-0.000801	2.42103	1.64729
800	-0.0008	2.41344	1.64729
801	-0.000799	2.41192	1.64729
802	-0.000798	2.40585	1.64577
803	-0.000797	2.39978	1.64122
804	-0.000796	2.39674	1.64122
805	-0.000795	2.38915	1.64122
806	-0.000794	2.38459	1.6397
807	-0.000793	2.377	1.63666
808	-0.000792	2.377	1.63818
809	-0.000791	2.36941	1.63514
810	-0.00079	2.36334	1.63514
811	-0.000789	2.36334	1.63514
812	-0.000788	2.35575	1.63514
813	-0.000787	2.3512	1.63514
814	-0.000786	2.34361	1.63211
815	-0.000785	2.34057	1.63363
816	-0.000784	2.3345	1.63363
817	-0.000783	2.32843	1.63211
818	-0.000782	2.32843	1.63514
819	-0.000781	2.31932	1.63514
820	-0.00078	2.31476	1.63363
821	-0.000779	2.31173	1.63514
822	-0.000778	2.30717	1.63818
823	-0.000777	2.29807	1.63666
824	-0.000776	2.29351	1.63666
825	-0.000775	2.29351	1.6397
826	-0.000774	2.28592	1.6397
827	-0.000773	2.27985	1.6397
828	-0.000772	2.2753	1.6397
829	-0.000771	2.27226	1.64273
830	-0.00077	2.26467	1.64273
831	-0.000769	2.26011	1.64122
832	-0.000768	2.25708	1.64577
833	-0.000767	2.24949	1.64577
834	-0.000766	2.24342	1.64273
835	-0.000765	2.2419	1.64729
836	-0.000764	2.23734	1.64729
837	-0.000763	2.22975	1.64729
838	-0.000762	2.22368	1.64729
839	-0.000761	2.22216	1.64729
840	-0.00076	2.21609	1.64729
841	-0.000759	2.21154	1.64729
842	-0.000758	2.20395	1.64577
843	-0.000757	2.20243	1.64881
844	-0.000756	2.19636	1.64881
845	-0.000755	2.19028	1.64881
846	-0.000754	2.18877	1.64881
847	-0.000753	2.18118	1.64881
848	-0.000752	2.17662	1.64881
849	-0.000751	2.17359	1.64729
850	-0.00075	2.16751	1.64881
851	-0.000749	2.15992	1.64881
852	-0.000748	2.15537	1.64881
853	-0.000747	2.15082	1.64881
854	-0.000746	2.14778	1.65032
855	-0.000745	2.14171	1.64881
856	-0.000744	2.13412	1.64881
857	-0.000743	2.1326	1.64881
858	-0.000742	2.12653	1.65032
859	-0.000741	2.12197	1.64729
860	-0.00074	2.12046	1.65032
861	-0.000739	2.11135	1.65032
862	-0.000738	2.10527	1.65032
863	-0.000737	2.10224	1.65032
864	-0.000736	2.0992	1.65032
865	-0.000735	2.09161	1.65032
866	-0.000734	2.08554	1.65032
867	-0.000733	2.0825	1.65032
868	-0.000732	2.07795	1.65032
869	-0.000731	2.07188	1.65032
870	-0.00073	2.06732	1.65032
871	-0.000729	2.06277	1.65032
872	-0.000728	2.0567	1.65032
873	-0.000727	2.05214	1.65032
874	-0.000726	2.04911	1.65032
875	-0.000725	2.04152	1.65032
876	-0.000724	2.03544	1.65032
877	-0.000723	2.03089	1.65032
878	-0.000722	2.02937	1.65032
879	-0.000721	2.02178	1.65032
880	-0.00072	2.01267	1.65032
881	-0.000719	2.01116	1.65032
882	-0.000718	2.0066	1.65032
883	-0.000717	2.00357	1.64881
884	-0.000716	1.99749	1.65184
885	-0.000715	1.99142	1.65032
886	-0.000714	1.98839	1.65032
887	-0.000713	1.98231	1.64881
888	-0.000712	1.97624	1.65184
889	-0.000711	1.9732	1.65032
890	-0.00071	1.96561	1.65032
891	-0.000709	1.96258	1.65032
892	-0.000708	1.95954	1.65032
893	-0.000707	1.95043	1.65032
894	-0.000706	1.9474	1.65032
895	-0.000705	1.94436	1.65032
896	-0.000704	1.93677	1.65032
897	-0.000703	1.93222	1.65032
898	-0.000702	1.92766	1.65032
899	-0.000701	1.92159	1.65032
900	-0.0007	1.91704	1.65032
901	-0.000699	1.91096	1.65032
902	-0.000698	1.90945	1.65032
903	-0.000697	1.90186	1.65184
904	-0.000696	1.89578	1.64881
905	-0.000695	1.89123	1.65032
906	-0.000694	1.88819	1.65184
907	-0.000693	1.8806	1.64881
908	-0.000692	1.87453	1.65032
909	-0.000691	1.87301	1.65032
910	-0.00069	1.86694	1.65184
911	-0.000689	1.85935	1.65184
912	-0.000688	1.85632	1.65184
913	-0.000687	1.85176	1.65184
914	-0.000686	1.84721	1.65184
915	-0.000685	1.84113	1.65184
916	-0.000684	1.83962	1.65184
917	-0.000683	1.83203	1.65184
918	-0.000682	1.82444	1.65184
919	-0.000681	1.82444	1.65184
920	-0.00068	1.81685	1.65032
921	-0.000679	1.81229	1.65184
922	-0.000678	1.80622	1.65032
923	-0.000677	1.8047	1.65336
924	-0.000676	1.79863	1.65032
925	-0.000675	1.79256	1.65184
926	-0.000674	1.78649	1.65184
927	-0.000673	1.78345	1.65336
928	-0.000672	1.77738	1.65032
929	-0.000671	1.76979	1.65184
930	-0.00067	1.76979	1.65184
931	-0.000669	1.76371	1.65184
932	-0.000668	1.75612	1.65184
933	-0.000667	1.75461	1.65184
934	-0.000666	1.74853	1.65336
935	-0.000665	1.74246	1.65032
936	-0.000664	1.73639	1.65184
937	-0.000663	1.73639	1.65336
938	-0.000662	1.72728	1.65184
939	-0.000661	1.72273	1.65336
940	-0.00066	1.71817	1.65336
941	-0.000659	1.71362	1.65336
942	-0.000658	1.70755	1.65336
943	-0.000657	1.70451	1.65336
944	-0.000656	1.70147	1.65336
945	-0.000655	1.69388	1.65336
946	-0.000654	1.68629	1.65032
947	-0.000653	1.68326	1.65336
948	-0.000652	1.6787	1.65336
949	-0.000651	1.67263	1.65336
950	-0.00065	1.66656	1.65336
951	-0.000649	1.66504	1.65336
952	-0.000648	1.65897	1.65336
953	-0.000647	1.6529	1.65336
954	-0.000646	1.64834	1.65336
955	-0.000645	1.64227	1.65336
956	-0.000644	1.63772	1.65336
957	-0.000643	1.63468	1.65336
958	-0.000642	1.63164	1.65336
959	-0.000641	1.62254	1.65184
960	-0.00064	1.61798	1.65336
961	-0.000639	1.61495	1.65336
962	-0.000638	1.61039	1.65336
963	-0.000637	1.6028	1.65336
964	-0.000636	1.59673	1.65336
965	-0.000635	1.59369	1.65184
966	-0.000634	1.58762	1.65488
967	-0.000633	1.58459	1.65184
968	-0.000632	1.58003	1.65488
969	-0.000631	1.57396	1.65488
970	-0.00063	1.5694	1.65336
971	-0.000629	1.56333	1.65336
972	-0.000628	1.5603	1.65336
973	-0.000627	1.55271	1.65488
974	-0.000626	1.54663	1.65336
975	-0.000625	1.54512	1.65336
976	-0.000624	1.53904	1.65488
977	-0.000623	1.53449	1.65488
978	-0.000622	1.5269	1.65336
979	-0.000621	1.52386	1.65336
980	-0.00062	1.51931	1.65488
981	-0.000619	1.5102	1.65488
982	-0.000618	1.5102	1.65488
983	-0.000617	1.50413	1.65488
984	-0.000616	1.49806	1.65488
985	-0.000615	1.4935	1.65488
986	-0.000614	1.49047	1.65488
987	-0.000613	1.48288	1.65488
988	-0.000612	1.47529	1.65488
989	-0.000611	1.47529	1.65488
990	-0.00061	1.46921	1.6564
991	-0.000609	1.46162	1.65336
992	-0.000608	1.46011	1.65488
993	-0.000607	1.45403	1.65336
994	-0.000606	1.44796	1.65488
995	-0.000605	1.44189	1.65336
996	-0.000604	1.44037	1.6564
997	-0.000603	1.4343	1.6564
998	-0.000602	1.42823	1.65336
999	-0.000601	1.42215	1.65488
1000	-0.0006	1.42064	1.65488
1001	-0.000599	1.41305	1.6564
1002	-0.000598	1.40546	1.6564
1003	-0.000597	1.40242	1.6564
1004	-0.000596	1.39938	1.6564
1005	-0.000595	1.39028	1.6564
1006	-0.000594	1.38876	1.6564
1007	-0.000593	1.3842	1.6564
1008	-0.000592	1.37965	1.6564
1009	-0.000591	1.37206	1.65488
1010	-0.00059	1.3675	1.65791
1011	-0.000589	1.36295	1.65791
1012	-0.000588	1.3584	1.65488
1013	-0.000587	1.35384	1.65791
1014	-0.000586	1.35081	1.65791
1015	-0.000585	1.34322	1.6564
1016	-0.000584	1.33714	1.65488
1017	-0.000583	1.33259	1.65791
1018	-0.000582	1.32955	1.6564
1019	-0.000581	1.32045	1.6564
1020	-0.00058	1.31893	1.6564
1021	-0.000579	1.31286	1.6564
1022	-0.000578	1.30678	1.6564
1023	-0.000577	1.30071	1.65488
1024	-0.000576	1.29767	1.65791
1025	-0.000575	1.2916	1.65791
1026	-0.000574	1.28705	1.65791
1027	-0.000573	1.27946	1.65791
1028	-0.000572	1.27794	1.65791
1029	-0.000571	1.27187	1.65791
1030	-0.00057	1.2658	1.6564
1031	-0.000569	1.26428	1.65943
1032	-0.000568	1.25821	1.65791
1033	-0.000567	1.25062	1.6564
1034	-0.000566	1.2491	1.65943
1035	-0.000565	1.24303	1.65943
1036	-0.000564	1.23999	1.65943
1037	-0.000563	1.23088	1.65943
1038	-0.000562	1.22936	1.65943
1039	-0.000561	1.22329	1.65943
1040	-0.00056	1.21722	1.65943
1041	-0.000559	1.2157	1.66095
1042	-0.000558	1.20811	1.66095
1043	-0.000557	1.20204	1.65943
1044	-0.000556	1.199	1.66247
1045	-0.000555	1.19445	1.66247
1046	-0.000554	1.18989	1.66247
1047	-0.000553	1.1823	1.66247
1048	-0.000552	1.17775	1.66095
1049	-0.000551	1.17471	1.66399
1050	-0.00055	1.16864	1.66399
1051	-0.000549	1.16257	1.66399
1052	-0.000548	1.15953	1.66399
1053	-0.000547	1.15346	1.66399
1054	-0.000546	1.14739	1.66702
1055	-0.000545	1.14587	1.66702
1056	-0.000544	1.13828	1.66854
1057	-0.000543	1.13221	1.66854
1058	-0.000542	1.12765	1.66702
1059	-0.000541	1.12614	1.67006
1060	-0.00054	1.12006	1.67006
1061	-0.000539	1.11247	1.67006
1062	-0.000538	1.10792	1.67158
1063	-0.000537	1.10488	1.67006
1064	-0.000536	1.09881	1.6731
1065	-0.000535	1.09274	1.67158
1066	-0.000534	1.0897	1.67461
1067	-0.000533	1.08363	1.67461
1068	-0.000532	1.07756	1.67461
1069	-0.000531	1.07452	1.67613
1070	-0.00053	1.06997	1.67765
1071	-0.000529	1.0639	1.67613
1072	-0.000528	1.05631	1.67917
1073	-0.000527	1.05631	1.68069
1074	-0.000526	1.05023	1.68069
1075	-0.000525	1.04264	1.6822
1076	-0.000524	1.03809	1.6822
1077	-0.000523	1.03657	1.68372
1078	-0.000522	1.0305	1.68372
1079	-0.000521	1.02594	1.68676
1080	-0.00052	1.02139	1.68979
1081	-0.000519	1.0138	1.68979
1082	-0.000518	1.00773	1.68979
1083	-0.000517	1.00469	1.69283
1084	-0.000516	0.99862	1.69435
1085	-0.000515	0.995584	1.69435
1086	-0.000514	0.989512	1.69587
1087	-0.000513	0.987994	1.69587
1088	-0.000512	0.977368	1.6989
1089	-0.000511	0.971295	1.6989
1090	-0.00051	0.971295	1.70042
1091	-0.000509	0.966741	1.70194
1092	-0.000508	0.959151	1.70497
1093	-0.000507	0.956115	1.70497
1094	-0.000506	0.951561	1.70801
1095	-0.000505	0.943971	1.70801
1096	-0.000504	0.939416	1.71105
1097	-0.000503	0.93638	1.71256
1098	-0.000502	0.92879	1.71408
1099	-0.000501	0.924236	1.71712
1100	-0.0005	0.918164	1.71864
1101	-0.000499	0.915128	1.72015
1102	-0.000498	0.912092	1.72319
1103	-0.000497	0.902983	1.72319
1104	-0.000496	0.901465	1.72471
1105	-0.000495	0.895393	1.72623
1106	-0.000494	0.889321	1.72775
1107	-0.000493	0.884767	1.72926
1108	-0.000492	0.880213	1.73534
1109	-0.000491	0.875659	1.73534
1110	-0.00049	0.869586	1.73534
1111	-0.000489	0.86655	1.73989
1112	-0.000488	0.85896	1.73989
1113	-0.000487	0.852888	1.74141
1114	-0.000486	0.849852	1.74444
1115	-0.000485	0.846816	1.74748
1116	-0.000484	0.840744	1.74748
1117	-0.000483	0.833153	1.75052
1118	-0.000482	0.830117	1.75052
1119	-0.000481	0.825563	1.75659
1120	-0.00048	0.819491	1.75659
1121	-0.000479	0.813419	1.76114
1122	-0.000478	0.810383	1.76114
1123	-0.000477	0.804311	1.76418
1124	-0.000476	0.798238	1.7657
1125	-0.000475	0.793684	1.76873
1126	-0.000474	0.790648	1.76873
1127	-0.000473	0.783058	1.77025
1128	-0.000472	0.78154	1.77329
1129	-0.000471	0.77395	1.77784
1130	-0.00047	0.770914	1.77936
1131	-0.000469	0.763323	1.78239
1132	-0.000468	0.761805	1.78239
1133	-0.000467	0.755733	1.78695
1134	-0.000466	0.748143	1.78695
1135	-0.000465	0.743589	1.78998
1136	-0.000464	0.740553	1.79302
1137	-0.000463	0.735999	1.79454
1138	-0.000462	0.729926	1.79909
1139	-0.000461	0.72689	1.80061
1140	-0.00046	0.720818	1.80213
1141	-0.000459	0.714746	1.80365
1142	-0.000458	0.708674	1.80668
1143	-0.000457	0.707156	1.80972
1144	-0.000456	0.701083	1.80972
1145	-0.000455	0.693493	1.81276
1146	-0.000454	0.690457	1.81579
1147	-0.000453	0.684385	1.81579
1148	-0.000452	0.678313	1.81883
1149	-0.000451	0.673759	1.82338
1150	-0.00045	0.670723	1.8249
1151	-0.000449	0.66465	1.8249
1152	-0.000448	0.658578	1.82794
1153	-0.000447	0.658578	1.82945
1154	-0.000446	0.650988	1.83249
1155	-0.000445	0.644916	1.83401
1156	-0.000444	0.638844	1.83401
1157	-0.000443	0.637326	1.83704
1158	-0.000442	0.628217	1.83856
1159	-0.000441	0.622145	1.84312
1160	-0.00044	0.620627	1.84463
1161	-0.000439	0.616073	1.84463
1162	-0.000438	0.608483	1.84767
1163	-0.000437	0.608483	1.85071
1164	-0.000436	0.599375	1.85071
1165	-0.000435	0.596338	1.85071
1166	-0.000434	0.588748	1.85222
1167	-0.000433	0.58723	1.85526
1168	-0.000432	0.57964	1.85678
1169	-0.000431	0.573568	1.85678
1170	-0.00043	0.570532	1.85981
1171	-0.000429	0.565978	1.8583
1172	-0.000428	0.558387	1.85981
1173	-0.000427	0.553833	1.86133
1174	-0.000426	0.550797	1.86589
1175	-0.000425	0.546243	1.86589
1176	-0.000424	0.540171	1.86741
1177	-0.000423	0.535617	1.86741
1178	-0.000422	0.529544	1.87044
1179	-0.000421	0.526508	1.87044
1180	-0.00042	0.518918	1.87196
1181	-0.000419	0.518918	1.87196
1182	-0.000418	0.50981	1.87348
1183	-0.000417	0.505256	1.87348
1184	-0.000416	0.500702	1.87651
1185	-0.000415	0.496148	1.875
1186	-0.000414	0.488557	1.87803
1187	-0.000413	0.485521	1.87803
1188	-0.000412	0.480967	1.87803
1189	-0.000411	0.474895	1.87803
1190	-0.00041	0.470341	1.87955
1191	-0.000409	0.464269	1.88107
1192	-0.000408	0.461232	1.88107
1193	-0.000407	0.45516	1.8841
1194	-0.000406	0.449088	1.88259
1195	-0.000405	0.44757	1.88259
1196	-0.000404	0.43998	1.8841
1197	-0.000403	0.433908	1.8841
1198	-0.000402	0.430872	1.8841
1199	-0.000401	0.426317	1.88866
1200	-0.0004	0.417209	1.88714
1201	-0.000399	0.414173	1.88714
1202	-0.000398	0.411137	1.88714
1203	-0.000397	0.405065	1.89018
1204	-0.000396	0.398993	1.88866
1205	-0.000395	0.394439	1.89018
1206	-0.000394	0.389884	1.89018
1207	-0.000393	0.383812	1.89018
1208	-0.000392	0.379258	1.89018
1209	-0.000391	0.376222	1.89169
1210	-0.00039	0.368632	1.89169
1211	-0.000389	0.365596	1.89169
1212	-0.000388	0.361042	1.89169
1213	-0.000387	0.354969	1.89321
1214	-0.000386	0.347379	1.89321
1215	-0.000385	0.345861	1.89321
1216	-0.000384	0.339789	1.89321
1217	-0.000383	0.336753	1.89321
1218	-0.000382	0.329163	1.89625
1219	-0.000381	0.324609	1.89473
1220	-0.00038	0.321572	1.89473
1221	-0.000379	0.3155	1.89473
1222	-0.000378	0.30791	1.89473
1223	-0.000377	0.30791	1.89473
1224	-0.000376	0.30032	1.89777
1225	-0.000375	0.294248	1.89625
1226	-0.000374	0.29273	1.89928
1227	-0.000373	0.286657	1.89777
1228	-0.000372	0.279067	1.89777
1229	-0.000371	0.276031	1.89777
1230	-0.00037	0.272995	1.89777
1231	-0.000369	0.266923	1.89777
1232	-0.000368	0.260851	1.89777
1233	-0.000367	0.256297	1.89928
1234	-0.000366	0.250224	1.89928
1235	-0.000365	0.244152	1.89928
1236	-0.000364	0.242634	1.89928
1237	-0.000363	0.23808	1.89928
1238	-0.000362	0.23049	1.89928
1239	-0.000361	0.224418	1.89928
1240	-0.00036	0.2229	1.9008
1241	-0.000359	0.216827	1.9008
1242	-0.000358	0.209237	1.9008
1243	-0.000357	0.206201	1.9008
1244	-0.000356	0.203165	1.9008
1245	-0.000355	0.197093	1.9008
1246	-0.000354	0.191021	1.90232
1247	-0.000353	0.186466	1.89928
1248	-0.000352	0.181912	1.90384
1249	-0.000351	0.17584	1.90232
1250	-0.00035	0.174322	1.90232
1251	-0.000349	0.16825	1.90232
1252	-0.000348	0.16066	1.90232
1253	-0.000347	0.154588	1.90232
1254	-0.000346	0.153069	1.90232
1255	-0.000345	0.145479	1.90232
1256	-0.000344	0.140925	1.90232
1257	-0.000343	0.134853	1.90232
1258	-0.000342	0.131817	1.90232
1259	-0.000341	0.125745	1.90232
1260	-0.00034	0.121191	1.90536
1261	-0.000339	0.118154	1.90536
1262	-0.000338	0.112082	1.90232
1263	-0.000337	0.10601	1.90384
1264	-0.000336	0.101456	1.90384
1265	-0.000335	0.0984199	1.90384
1266	-0.000334	0.0893116	1.90384
1267	-0.000333	0.0862755	1.90384
1268	-0.000332	0.0832395	1.90384
1269	-0.000331	0.0771673	1.90384
1270	-0.00033	0.0695771	1.90384
1271	-0.000329	0.0650229	1.90384
1272	-0.000328	0.0619868	1.90384
1273	-0.000327	0.0574327	1.90384
1274	-0.000326	0.0513605	1.90384
1275	-0.000325	0.0483244	1.90687
1276	-0.000324	0.0422523	1.90384
1277	-0.000323	0.034662	1.90536
1278	-0.000322	0.031626	1.90687
1279	-0.000321	0.0285899	1.90384
1280	-0.00032	0.0209996	1.90536
1281	-0.000319	0.0149275	1.90536
1282	-0.000318	0.0118914	1.90536
1283	-0.000317	0.0058192	1.90536
1284	-0.000316	-0.00177102	1.90536
1285	-0.000315	-0.00480711	1.90536
1286	-0.000314	0.00126507	1.90536
1287	-0.000313	0.0058192	1.90536
1288	-0.000312	0.0118914	1.90536
1289	-0.000311	0.0164455	1.90536
1290	-0.00031	0.0209996	1.90536
1291	-0.000309	0.0285899	1.90991
1292	-0.000308	0.031626	1.90687
1293	-0.000307	0.034662	1.90687
1294	-0.000306	0.0422523	1.90687
1295	-0.000305	0.0483244	1.90687
1296	-0.000304	0.0528786	1.90687
1297	-0.000303	0.0574327	1.90687
1298	-0.000302	0.0619868	1.90687
1299	-0.000301	0.0650229	1.90687
1300	-0.0003	0.0710951	1.90687
1301	-0.000299	0.0786853	1.90687
1302	-0.000298	0.0847575	1.90687
1303	-0.000297	0.0847575	1.90687
1304	-0.000296	0.0908297	1.90687
1305	-0.000295	0.0984199	1.90687
1306	-0.000294	0.102974	1.90687
1307	-0.000293	0.10601	1.90687
1308	-0.000292	0.112082	1.90687
1309	-0.000291	0.116636	1.90687
1310	-0.00029	0.121191	1.90687
1311	-0.000289	0.127263	1.90687
1312	-0.000288	0.133335	1.90687
1313	-0.000287	0.134853	1.90687
1314	-0.000286	0.139407	1.91143
1315	-0.000285	0.146997	1.90991
1316	-0.000284	0.153069	1.90687
1317	-0.000283	0.156106	1.90687
1318	-0.000282	0.16066	1.90687
1319	-0.000281	0.16825	1.91143
1320	-0.00028	0.174322	1.90991
1321	-0.000279	0.17584	1.90687
1322	-0.000278	0.181912	1.90687
1323	-0.000277	0.186466	1.90687
1324	-0.000276	0.192539	1.90687
1325	-0.000275	0.198611	1.90991
1326	-0.000274	0.201647	1.91143
1327	-0.000273	0.206201	1.90687
1328	-0.000272	0.209237	1.90687
1329	-0.000271	0.216827	1.91143
1330	-0.00027	0.2229	1.90991
1331	-0.000269	0.2229	1.90687
1332	-0.000268	0.23049	1.90687
1333	-0.000267	0.236562	1.90687
1334	-0.000266	0.242634	1.90687
1335	-0.000265	0.24567	1.90687
1336	-0.000264	0.251742	1.90687
1337	-0.000263	0.256297	1.90687
1338	-0.000262	0.257815	1.90687
1339	-0.000261	0.265405	1.90687
1340	-0.00026	0.271477	1.90687
1341	-0.000259	0.276031	1.90687
1342	-0.000258	0.279067	1.90687
1343	-0.000257	0.286657	1.90687
1344	-0.000256	0.29273	1.90991
1345	-0.000255	0.294248	1.90991
1346	-0.000254	0.30032	1.90991
1347	-0.000253	0.30791	1.90687
1348	-0.000252	0.309428	1.91143
1349	-0.000251	0.317018	1.90991
1350	-0.00025	0.320054	1.90991
1351	-0.000249	0.326127	1.90991
1352	-0.000248	0.329163	1.90991
1353	-0.000247	0.335235	1.90991
1354	-0.000246	0.339789	1.90991
1355	-0.000245	0.344343	1.90991
1356	-0.000244	0.350415	1.90991
1357	-0.000243	0.356487	1.90991
1358	-0.000242	0.36256	1.90991
1359	-0.000241	0.365596	1.90991
1360	-0.00024	0.368632	1.90991
1361	-0.000239	0.376222	1.90991
1362	-0.000238	0.379258	1.90991
1363	-0.000237	0.38533	1.90991
1364	-0.000236	0.389884	1.90991
1365	-0.000235	0.394439	1.90991
1366	-0.000234	0.398993	1.90991
1367	-0.000233	0.406583	1.90991
1368	-0.000232	0.411137	1.90991
1369	-0.000231	0.414173	1.90991
1370	-0.00023	0.420245	1.90991
1371	-0.000229	0.426317	1.90991
1372	-0.000228	0.429354	1.90991
1373	-0.000227	0.433908	1.90991
1374	-0.000226	0.43998	1.90991
1375	-0.000225	0.44757	1.90991
1376	-0.000224	0.44757	1.90991
1377	-0.000223	0.45516	1.90991
1378	-0.000222	0.461232	1.90991
1379	-0.000221	0.464269	1.90991
1380	-0.00022	0.470341	1.90991
1381	-0.000219	0.474895	1.90991
1382	-0.000218	0.480967	1.90991
1383	-0.000217	0.484003	1.90687
1384	-0.000216	0.488557	1.91143
1385	-0.000215	0.496148	1.90991
1386	-0.000214	0.499184	1.90991
1387	-0.000213	0.503738	1.90991
1388	-0.000212	0.50981	1.90991
1389	-0.000211	0.5174	1.90991
1390	-0.00021	0.518918	1.90991
1391	-0.000209	0.52499	1.90991
1392	-0.000208	0.531063	1.90991
1393	-0.000207	0.535617	1.90991
1394	-0.000206	0.540171	1.90991
1395	-0.000205	0.544725	1.90991
1396	-0.000204	0.550797	1.90991
1397	-0.000203	0.553833	1.90991
1398	-0.000202	0.561423	1.90991
1399	-0.000201	0.565978	1.90991
1400	-0.0002	0.570532	1.90991
1401	-0.000199	0.573568	1.90991
1402	-0.000198	0.57964	1.91295
1403	-0.000197	0.58723	1.90991
1404	-0.000196	0.58723	1.90991
1405	-0.000195	0.59482	1.91143
1406	-0.000194	0.599375	1.90687
1407	-0.000193	0.605447	1.90991
1408	-0.000192	0.610001	1.90991
1409	-0.000191	0.616073	1.90991
1410	-0.00019	0.620627	1.90991
1411	-0.000189	0.622145	1.90991
1412	-0.000188	0.628217	1.90991
1413	-0.000187	0.637326	1.90991
1414	-0.000186	0.640362	1.90991
1415	-0.000185	0.643398	1.90991
1416	-0.000184	0.64947	1.90991
1417	-0.000183	0.65706	1.90991
1418	-0.000182	0.660096	1.90991
1419	-0.000181	0.663132	1.90991
1420	-0.00018	0.670723	1.90991
1421	-0.000179	0.673759	1.90991
1422	-0.000178	0.678313	1.90991
1423	-0.000177	0.684385	1.90991
1424	-0.000176	0.690457	1.90991
1425	-0.000175	0.693493	1.90991
1426	-0.000174	0.701083	1.90991
1427	-0.000173	0.705638	1.90991
1428	-0.000172	0.710192	1.90991
1429	-0.000171	0.713228	1.90991
1430	-0.00017	0.7193	1.90991
1431	-0.000169	0.72689	1.90991
1432	-0.000168	0.72689	1.90991
1433	-0.000167	0.73448	1.90991
1434	-0.000166	0.739035	1.90991
1435	-0.000165	0.743589	1.90991
1436	-0.000164	0.749661	1.90991
1437	-0.000163	0.755733	1.90991
1438	-0.000162	0.761805	1.90991
1439	-0.000161	0.763323	1.90991
1440	-0.00016	0.767877	1.90991
1441	-0.000159	0.775468	1.90991
1442	-0.000158	0.780022	1.90991
1443	-0.000157	0.784576	1.90991
1444	-0.000156	0.790648	1.90991
1445	-0.000155	0.795202	1.91143
1446	-0.000154	0.799756	1.90687
1447	-0.000153	0.802792	1.90687
1448	-0.000152	0.810383	1.90687
1449	-0.000151	0.811901	1.90687
1450	-0.00015	0.819491	1.90384
1451	-0.000149	0.824045	1.90232
1452	-0.000148	0.830117	1.89928
1453	-0.000147	0.831635	1.89928
1454	-0.000146	0.840744	1.89625
1455	-0.000145	0.845298	1.89169
1456	-0.000144	0.848334	1.88714
1457	-0.000143	0.854406	1.88107
1458	-0.000142	0.85896	1.87196
1459	-0.000141	0.86655	1.86589
1460	-0.00014	0.868068	1.85526
1461	-0.000139	0.875659	1.84615
1462	-0.000138	0.878695	1.83856
1463	-0.000137	0.881731	1.82945
1464	-0.000136	0.887803	1.81883
1465	-0.000135	0.893875	1.81124
1466	-0.000134	0.899947	1.80517
1467	-0.000133	0.901465	1.79606
1468	-0.000132	0.910574	1.78998
1469	-0.000131	0.915128	1.78391
1470	-0.00013	0.915128	1.77784
1471	-0.000129	0.9212	1.77025
1472	-0.000128	0.92879	1.76721
1473	-0.000127	0.934862	1.76266
1474	-0.000126	0.937898	1.75811
1475	-0.000125	0.943971	1.75507
1476	-0.000124	0.950043	1.749
1477	-0.000123	0.953079	1.74596
1478	-0.000122	0.957633	1.74293
1479	-0.000121	0.962187	1.73989
1480	-0.00012	0.971295	1.73685
1481	-0.000119	0.972813	1.73382
1482	-0.000118	0.977368	1.73382
1483	-0.000117	0.984958	1.72926
1484	-0.000116	0.987994	1.72623
1485	-0.000115	0.994066	1.72471
1486	-0.000114	0.997102	1.72319
1487	-0.000113	1.00469	1.72015
1488	-0.000112	1.00773	1.71712
1489	-0.000111	1.0138	1.71712
1490	-0.00011	1.01987	1.7156
1491	-0.000109	1.02291	1.71408
1492	-0.000108	1.02898	1.71256
1493	-0.000107	1.03505	1.71105
1494	-0.000106	1.03809	1.70801
1495	-0.000105	1.04113	1.70801
1496	-0.000104	1.05023	1.70497
1497	-0.000103	1.05631	1.70497
1498	-0.000102	1.05782	1.70346
1499	-0.000101	1.06238	1.70346
1500	-0.0001	1.06845	1.6989
1501	-9.9e-05	1.073	1.6989
1502	-9.8e-05	1.07604	1.6989
1503	-9.7e-05	1.08363	1.69587
1504	-9.6e-05	1.08818	1.69738
1505	-9.5e-05	1.09122	1.69587
1506	-9.4e-05	1.09729	1.69283
1507	-9.3e-05	1.10337	1.69435
1508	-9.2e-05	1.10792	1.69283
1509	-9.1e-05	1.11247	1.68979
1510	-9e-05	1.11703	1.69131
1511	-8.9e-05	1.12462	1.69131
1512	-8.8e-05	1.12614	1.68676
1513	-8.7e-05	1.13221	1.68979
1514	-8.6e-05	1.13828	1.68676
1515	-8.5e-05	1.14283	1.68676
1516	-8.4e-05	1.14739	1.68524
1517	-8.3e-05	1.15346	1.68524
1518	-8.2e-05	1.15801	1.68524
1519	-8.1e-05	1.16105	1.68372
1520	-8e-05	1.16864	1.68372
1521	-7.9e-05	1.17471	1.68372
1522	-7.8e-05	1.17775	1.68372
1523	-7.7e-05	1.18079	1.68069
1524	-7.6e-05	1.18838	1.68069
1525	-7.5e-05	1.19597	1.68372
1526	-7.4e-05	1.19445	1.67917
1527	-7.3e-05	1.20507	1.68069
1528	-7.2e-05	1.20811	1.68069
1529	-7.1e-05	1.2157	1.68069
1530	-7e-05	1.21874	1.67765
1531	-6.9e-05	1.22329	1.67917
1532	-6.8e-05	1.22936	1.67917
1533	-6.7e-05	1.23088	1.67917
1534	-6.6e-05	1.23847	1.67917
1535	-6.5e-05	1.24454	1.67917
1536	-6.4e-05	1.24758	1.67765
1537	-6.3e-05	1.25213	1.67765
1538	-6.2e-05	1.25821	1.67765
1539	-6.1e-05	1.2658	1.67765
1540	-6e-05	1.2658	1.67461
1541	-5.9e-05	1.27187	1.67613
1542	-5.8e-05	1.27794	1.67613
1543	-5.7e-05	1.27946	1.67613
1544	-5.6e-05	1.28857	1.67613
1545	-5.5e-05	1.2916	1.67613
1546	-5.4e-05	1.29616	1.67461
1547	-5.3e-05	1.30071	1.6731
1548	-5.2e-05	1.30982	1.67613
1549	-5.1e-05	1.31286	1.67613
1550	-5e-05	1.31741	1.67461
1551	-4.9e-05	1.32045	1.67461
1552	-4.8e-05	1.32804	1.6731
1553	-4.7e-05	1.33411	1.67613
1554	-4.6e-05	1.33714	1.67461
1555	-4.5e-05	1.3417	1.67461
1556	-4.4e-05	1.34777	1.67461
1557	-4.3e-05	1.35232	1.67461
1558	-4.2e-05	1.3584	1.67461
1559	-4.1e-05	1.36447	1.67461
1560	-4e-05	1.3675	1.67461
1561	-3.9e-05	1.37206	1.67461
1562	-3.8e-05	1.37813	1.67461
1563	-3.7e-05	1.3842	1.67461
1564	-3.6e-05	1.38724	1.67461
1565	-3.5e-05	1.39179	1.67158
1566	-3.4e-05	1.39483	1.6731
1567	-3.3e-05	1.40394	1.67461
1568	-3.2e-05	1.40546	1.67158
1569	-3.1e-05	1.41305	1.67461
1570	-3e-05	1.42064	1.67461
1571	-2.9e-05	1.42367	1.6731
1572	-2.8e-05	1.42823	1.67461
1573	-2.7e-05	1.43278	1.67158
1574	-2.6e-05	1.43734	1.6731
1575	-2.5e-05	1.44037	1.67158
1576	-2.4e-05	1.44796	1.6731
1577	-2.3e-05	1.45403	1.6731
1578	-2.2e-05	1.45859	1.67158
1579	-2.1e-05	1.46162	1.67158
1580	-2e-05	1.46921	1.67158
1581	-1.9e-05	1.47225	1.67158
1582	-1.8e-05	1.4768	1.67006
1583	-1.7e-05	1.48136	1.6731
1584	-1.6e-05	1.48743	1.67158
1585	-1.5e-05	1.49198	1.67158
1586	-1.4e-05	1.49806	1.67006
1587	-1.3e-05	1.50261	1.6731
1588	-1.2e-05	1.5102	1.6731
1589	-1.1e-05	1.5102	1.67006
1590	-1e-05	1.51779	1.67158
1591	-9e-06	1.52386	1.67158
1592	-8e-06	1.5269	1.67158
1593	-7e-06	1.53297	1.67158
1594	-6e-06	1.53904	1.67158
1595	-5e-06	1.5436	1.67158
1596	-4e-06	1.54663	1.66854
1597	-3e-06	1.55271	1.67158
1598	-2e-06	1.5603	1.67158
1599	-1e-06	1.56485	1.67158
1600	0	1.56789	1.66854
1601	1e-06	1.57244	1.67158
1602	2e-06	1.58003	1.67158
1603	3e-06	1.58003	1.66854
1604	4e-06	1.58762	1.67006
1605	5e-06	1.59521	1.67158
1606	6e-06	1.59521	1.66854
1607	7e-06	1.60128	1.67006
1608	8e-06	1.61039	1.67006
1609	9e-06	1.61343	1.67006
1610	1e-05	1.61646	1.67006
1611	1.1e-05	1.62254	1.67006
1612	1.2e-05	1.63013	1.67158
1613	1.3e-05	1.63316	1.66854
1614	1.4e-05	1.6362	1.67006
1615	1.5e-05	1.64379	1.67006
1616	1.6e-05	1.64683	1.67006
1617	1.7e-05	1.64986	1.67006
1618	1.8e-05	1.65897	1.67006
1619	1.9e-05	1.66201	1.67006
1620	2e-05	1.66656	1.67006
1621	2.1e-05	1.67111	1.67006
1622	2.2e-05	1.6787	1.67006
1623	2.3e-05	1.68326	1.67006
1624	2.4e-05	1.68781	1.66702
1625	2.5e-05	1.69085	1.67006
1626	2.6e-05	1.69692	1.67006
1627	2.7e-05	1.70299	1.67006
1628	2.8e-05	1.70755	1.67006
1629	2.9e-05	1.71362	1.67006
1630	3e-05	1.71666	1.66702
1631	3.1e-05	1.71969	1.66702
1632	3.2e-05	1.72728	1.67006
1633	3.3e-05	1.73487	1.67006
1634	3.4e-05	1.73639	1.67006
1635	3.5e-05	1.74094	1.66702
1636	3.6e-05	1.74853	1.67006
1637	3.7e-05	1.75309	1.67006
1638	3.8e-05	1.75612	1.66702
1639	3.9e-05	1.7622	1.67006
1640	4e-05	1.76979	1.67006
1641	4.1e-05	1.76979	1.66702
1642	4.2e-05	1.77738	1.66702
1643	4.3e-05	1.78041	1.67006
1644	4.4e-05	1.788	1.66854
1645	4.5e-05	1.78952	1.66854
1646	4.6e-05	1.79711	1.67006
1647	4.7e-05	1.80318	1.67006
1648	4.8e-05	1.80622	1.66702
1649	4.9e-05	1.81077	1.67006
1650	5e-05	1.81836	1.66854
1651	5.1e-05	1.82444	1.66854
1652	5.2e-05	1.82444	1.66854
1653	5.3e-05	1.83203	1.66854
1654	5.4e-05	1.83506	1.66854
1655	5.5e-05	1.83962	1.66854
1656	5.6e-05	1.84569	1.66854
1657	5.7e-05	1.85176	1.66854
1658	5.8e-05	1.85632	1.66854
1659	5.9e-05	1.85935	1.66702
1660	6e-05	1.86694	1.66854
1661	6.1e-05	1.87301	1.66854
1662	6.2e-05	1.87605	1.66854
1663	6.3e-05	1.8806	1.66854
1664	6.4e-05	1.88819	1.66854
1665	6.5e-05	1.88971	1.66702
1666	6.6e-05	1.89578	1.66399
1667	6.7e-05	1.90186	1.66854
1668	6.8e-05	1.90641	1.66854
1669	6.9e-05	1.91096	1.66399
1670	7e-05	1.91704	1.66854
1671	7.1e-05	1.92159	1.66399
1672	7.2e-05	1.92766	1.66854
1673	7.3e-05	1.92918	1.66399
1674	7.4e-05	1.93677	1.66854
1675	7.5e-05	1.94284	1.66854
1676	7.6e-05	1.94588	1.66702
1677	7.7e-05	1.94892	1.66702
1678	7.8e-05	1.95802	1.66702
1679	7.9e-05	1.96106	1.66702
1680	8e-05	1.96713	1.66702
1681	8.1e-05	1.97017	1.66702
1682	8.2e-05	1.97624	1.66702
1683	8.3e-05	1.98079	1.66702
1684	8.4e-05	1.98687	1.66702
1685	8.5e-05	1.99142	1.66702
1686	8.6e-05	1.99749	1.66702
1687	8.7e-05	1.99901	1.66247
1688	8.8e-05	2.0066	1.66399
1689	8.9e-05	2.01116	1.66702
1690	9e-05	2.01419	1.66247
1691	9.1e-05	2.02026	1.66702
1692	9.2e-05	2.02785	1.66702
1693	9.3e-05	2.03089	1.66399
1694	9.4e-05	2.03393	1.66399
1695	9.5e-05	2.04152	1.66399
1696	9.6e-05	2.04455	1.66399
1697	9.7e-05	2.05062	1.66399
1698	9.8e-05	2.05518	1.66399
1699	9.9e-05	2.05973	1.66399
1700	0.0001	2.06732	1.66399
1701	0.000101	2.07188	1.66399
1702	0.000102	2.07491	1.66399
1703	0.000103	2.08099	1.66399
1704	0.000104	2.08402	1.66399
1705	0.000105	2.09009	1.66399
1706	0.000106	2.09465	1.66399
1707	0.000107	2.10072	1.66399
1708	0.000108	2.10527	1.66399
1709	0.000109	2.11135	1.66702
1710	0.00011	2.11742	1.66702
1711	0.000111	2.12046	1.66702
1712	0.000112	2.12653	1.66702
1713	0.000113	2.13108	1.66702
1714	0.000114	2.13412	1.66247
1715	0.000115	2.13867	1.66399
1716	0.000116	2.14626	1.66399
1717	0.000117	2.15233	1.66702
1718	0.000118	2.15537	1.66247
1719	0.000119	2.15992	1.66702
1720	0.00012	2.16751	1.66399
1721	0.000121	2.17055	1.66399
1722	0.000122	2.1751	1.66399
1723	0.000123	2.17966	1.66399
1724	0.000124	2.18725	1.66399
1725	0.000125	2.19028	1.66399
1726	0.000126	2.19636	1.66247
1727	0.000127	2.20091	1.66399
1728	0.000128	2.20395	1.66399
1729	0.000129	2.21154	1.66399
1730	0.00013	2.21761	1.66399
1731	0.000131	2.22065	1.66399
1732	0.000132	2.22368	1.66399
1733	0.000133	2.22975	1.66247
1734	0.000134	2.23734	1.66702
1735	0.000135	2.24038	1.66399
1736	0.000136	2.24493	1.66399
1737	0.000137	2.25101	1.66399
1738	0.000138	2.25252	1.66399
1739	0.000139	2.26011	1.66399
1740	0.00014	2.26467	1.66399
1741	0.000141	2.27074	1.66399
1742	0.000142	2.27378	1.66399
1743	0.000143	2.27985	1.66399
1744	0.000144	2.28592	1.66399
1745	0.000145	2.29048	1.66702
1746	0.000146	2.29503	1.66247
1747	0.000147	2.29958	1.66702
1748	0.000148	2.30566	1.66702
1749	0.000149	2.31021	1.66702
1750	0.00015	2.31628	1.66399
1751	0.000151	2.31932	1.66702
1752	0.000152	2.32691	1.66702
1753	0.000153	2.32995	1.66399
1754	0.000154	2.3345	1.66702
1755	0.000155	2.34361	1.66702
1756	0.000156	2.34209	1.66702
1757	0.000157	2.3512	1.66702
1758	0.000158	2.35727	1.66854
1759	0.000159	2.36031	1.66854
1760	0.00016	2.36182	1.66854
1761	0.000161	2.37093	1.66854
1762	0.000162	2.37852	1.67006
1763	0.000163	2.37852	1.66854
1764	0.000164	2.38459	1.67006
1765	0.000165	2.39067	1.66854
1766	0.000166	2.3937	1.67158
1767	0.000167	2.39826	1.67158
1768	0.000168	2.40585	1.67006
1769	0.000169	2.4104	1.6731
1770	0.00017	2.41344	1.67158
1771	0.000171	2.41951	1.6731
1772	0.000172	2.42558	1.67158
1773	0.000173	2.43165	1.67461
1774	0.000174	2.43317	1.6731
1775	0.000175	2.44228	1.67461
1776	0.000176	2.44532	1.67613
1777	0.000177	2.44835	1.67613
1778	0.000178	2.45442	1.67461
1779	0.000179	2.4605	1.67765
1780	0.00018	2.46353	1.67765
1781	0.000181	2.46961	1.67765
1782	0.000182	2.47568	1.67765
1783	0.000183	2.48023	1.67765
1784	0.000184	2.48327	1.67613
1785	0.000185	2.4863	1.67613
1786	0.000186	2.48327	1.67158
1787	0.000187	2.48023	1.67158
1788	0.000188	2.47416	1.66702
1789	0.000189	2.46809	1.66247
1790	0.00019	2.46353	1.66095
1791	0.000191	2.4605	1.66095
1792	0.000192	2.45442	1.65791
1793	0.000193	2.44835	1.6564
1794	0.000194	2.44683	1.65336
1795	0.000195	2.43924	1.65336
1796	0.000196	2.43317	1.65032
1797	0.000197	2.43165	1.65184
1798	0.000198	2.42558	1.64881
1799	0.000199	2.41951	1.64729
1800	0.0002	2.41344	1.64729
1801	0.000201	2.4104	1.64729
1802	0.000202	2.40585	1.64577
1803	0.000203	2.39826	1.64122
1804	0.000204	2.39826	1.64122
1805	0.000205	2.39067	1.64122
1806	0.000206	2.38459	1.63818
1807	0.000207	2.37852	1.63818
1808	0.000208	2.37549	1.63818
1809	0.000209	2.36941	1.63666
1810	0.00021	2.36182	1.63666
1811	0.000211	2.36182	1.63514
1812	0.000212	2.35423	1.63514
1813	0.000213	2.3512	1.63514
1814	0.000214	2.34361	1.63211
1815	0.000215	2.34057	1.63514
1816	0.000216	2.3345	1.63211
1817	0.000217	2.32843	1.63211
1818	0.000218	2.32691	1.63514
1819	0.000219	2.31932	1.63514
1820	0.00022	2.31476	1.63363
1821	0.000221	2.31173	1.63666
1822	0.000222	2.30566	1.63818
1823	0.000223	2.29958	1.63818
1824	0.000224	2.29351	1.63818
1825	0.000225	2.29048	1.6397
1826	0.000226	2.28744	1.6397
1827	0.000227	2.27985	1.6397
1828	0.000228	2.27226	1.6397
1829	0.000229	2.27226	1.64273
1830	0.00023	2.26467	1.64273
1831	0.000231	2.2586	1.64273
1832	0.000232	2.25708	1.64273
1833	0.000233	2.24949	1.64577
1834	0.000234	2.24493	1.64273
1835	0.000235	2.23886	1.64729
1836	0.000236	2.23583	1.64729
1837	0.000237	2.23127	1.64729
1838	0.000238	2.22368	1.64729
1839	0.000239	2.22216	1.64881
1840	0.00024	2.21609	1.64577
1841	0.000241	2.21002	1.64577
1842	0.000242	2.20547	1.64881
1843	0.000243	2.20243	1.64881
1844	0.000244	2.19636	1.64881
1845	0.000245	2.19028	1.64729
1846	0.000246	2.18877	1.65032
1847	0.000247	2.18118	1.64729
1848	0.000248	2.1751	1.64881
1849	0.000249	2.17055	1.64729
1850	0.00025	2.16751	1.65032
1851	0.000251	2.15992	1.64729
1852	0.000252	2.15537	1.64881
1853	0.000253	2.15233	1.64881
1854	0.000254	2.14474	1.64729
1855	0.000255	2.14171	1.65032
1856	0.000256	2.13412	1.64729
1857	0.000257	2.1326	1.64881
1858	0.000258	2.12653	1.64881
1859	0.000259	2.12046	1.64881
1860	0.00026	2.11742	1.64881
1861	0.000261	2.11286	1.65032
1862	0.000262	2.10679	1.65032
1863	0.000263	2.10072	1.64729
1864	0.000264	2.09768	1.65032
1865	0.000265	2.09009	1.64729
1866	0.000266	2.08554	1.64729
1867	0.000267	2.0825	1.65032
1868	0.000268	2.07795	1.64881
1869	0.000269	2.06884	1.64729
1870	0.00027	2.06581	1.65032
1871	0.000271	2.06277	1.65032
1872	0.000272	2.05518	1.65032
1873	0.000273	2.05214	1.65032
1874	0.000274	2.04759	1.65032
1875	0.000275	2.04152	1.65032
1876	0.000276	2.03544	1.65032
1877	0.000277	2.03089	1.65032
1878	0.000278	2.02634	1.65032
1879	0.000279	2.01875	1.65032
1880	0.00028	2.01571	1.65032
1881	0.000281	2.01116	1.65032
1882	0.000282	2.0066	1.65032
1883	0.000283	1.99901	1.65032
1884	0.000284	1.99598	1.65032
1885	0.000285	1.99294	1.65032
1886	0.000286	1.98687	1.65032
1887	0.000287	1.98079	1.65032
1888	0.000288	1.97928	1.65032
1889	0.000289	1.97017	1.65032
1890	0.00029	1.96561	1.65032
1891	0.000291	1.96258	1.65032
1892	0.000292	1.95954	1.64881
1893	0.000293	1.95195	1.65184
1894	0.000294	1.94588	1.65032
1895	0.000295	1.94284	1.65032
1896	0.000296	1.93677	1.65032
1897	0.000297	1.92918	1.64881
1898	0.000298	1.92766	1.65184
1899	0.000299	1.92159	1.64881
1900	0.0003	1.91704	1.65032
1901	0.000301	1.91096	1.65032
1902	0.000302	1.90641	1.65032
1903	0.000303	1.90034	1.65032
1904	0.000304	1.89578	1.65032
1905	0.000305	1.88971	1.64881
1906	0.000306	1.88668	1.65032
1907	0.000307	1.87909	1.65032
1908	0.000308	1.87605	1.65032
1909	0.000309	1.8715	1.65032
1910	0.00031	1.86542	1.65184
1911	0.000311	1.85783	1.65184
1912	0.000312	1.8548	1.65184
1913	0.000313	1.85176	1.65184
1914	0.000314	1.84569	1.65184
1915	0.000315	1.83962	1.65184
1916	0.000316	1.83658	1.65184
1917	0.000317	1.83051	1.65184
1918	0.000318	1.82747	1.65184
1919	0.000319	1.82444	1.65184
1920	0.00032	1.81836	1.65184
1921	0.000321	1.81077	1.65184
1922	0.000322	1.80774	1.65184
1923	0.000323	1.80167	1.65184
1924	0.000324	1.79559	1.65184
1925	0.000325	1.79256	1.65184
1926	0.000326	1.788	1.65184
1927	0.000327	1.78193	1.65184
1928	0.000328	1.77738	1.65184
1929	0.000329	1.7713	1.65184
1930	0.00033	1.76675	1.65184
1931	0.000331	1.7622	1.65184
1932	0.000332	1.75612	1.65336
1933	0.000333	1.75309	1.65336
1934	0.000334	1.74853	1.65336
1935	0.000335	1.74094	1.65336
1936	0.000336	1.73791	1.65184
1937	0.000337	1.73487	1.65184
1938	0.000338	1.7288	1.65336
1939	0.000339	1.72273	1.65032
1940	0.00034	1.71666	1.65184
1941	0.000341	1.71362	1.65184
1942	0.000342	1.70603	1.65032
1943	0.000343	1.70299	1.65336
1944	0.000344	1.69996	1.65336
1945	0.000345	1.69237	1.65032
1946	0.000346	1.68629	1.65184
1947	0.000347	1.68326	1.65184
1948	0.000348	1.67719	1.65184
1949	0.000349	1.67263	1.65336
1950	0.00035	1.66656	1.65336
1951	0.000351	1.66352	1.65336
1952	0.000352	1.65745	1.65184
1953	0.000353	1.64986	1.65184
1954	0.000354	1.64683	1.65336
1955	0.000355	1.64227	1.65336
1956	0.000356	1.63772	1.65336
1957	0.000357	1.63468	1.65336
1958	0.000358	1.63013	1.65488
1959	0.000359	1.62254	1.65184
1960	0.00036	1.61646	1.65336
1961	0.000361	1.61646	1.65336
1962	0.000362	1.60887	1.65336
1963	0.000363	1.60128	1.65336
1964	0.000364	1.59521	1.65336
1965	0.000365	1.59521	1.65336
1966	0.000366	1.58914	1.65336
1967	0.000367	1.58307	1.65336
1968	0.000368	1.58003	1.65336
1969	0.000369	1.57396	1.65488
1970	0.00037	1.56789	1.65184
1971	0.000371	1.56485	1.65336
1972	0.000372	1.5603	1.65336
1973	0.000373	1.55271	1.65336
1974	0.000374	1.54663	1.65336
1975	0.000375	1.5436	1.65488
1976	0.000376	1.53904	1.65336
1977	0.000377	1.53145	1.65488
1978	0.000378	1.52842	1.65488
1979	0.000379	1.52538	1.65488
1980	0.00038	1.51931	1.65488
1981	0.000381	1.5102	1.65488
1982	0.000382	1.50868	1.65488
1983	0.000383	1.50261	1.65488
1984	0.000384	1.49806	1.65488
1985	0.000385	1.4935	1.65488
1986	0.000386	1.48743	1.65488
1987	0.000387	1.48136	1.65488
1988	0.000388	1.47529	1.65488
1989	0.000389	1.47377	1.65488
1990	0.00039	1.46921	1.65488
1991	0.000391	1.46162	1.6564
1992	0.000392	1.46011	1.6564
1993	0.000393	1.45403	1.65488
1994	0.000394	1.44796	1.65488
1995	0.000395	1.44189	1.65488
1996	0.000396	1.44037	1.65488
1997	0.000397	1.4343	1.6564
1998	0.000398	1.42823	1.6564
1999	0.000399	1.42215	1.6564
2000	0.0004	1.4176	1.6564
2001	0.000401	1.41305	1.6564
2002	0.000402	1.40546	1.6564
2003	0.000403	1.40394	1.6564
2004	0.000404	1.39787	1.6564
2005	0.000405	1.39028	1.6564
2006	0.000406	1.38724	1.6564
2007	0.000407	1.3842	1.6564
2008	0.000408	1.37813	1.6564
2009	0.000409	1.37054	1.65488
2010	0.00041	1.3675	1.65791
2011	0.000411	1.36295	1.65791
2012	0.000412	1.35688	1.65791
2013	0.000413	1.35384	1.6564
2014	0.000414	1.34777	1.65791
2015	0.000415	1.34018	1.65791
2016	0.000416	1.33714	1.65488
2017	0.000417	1.33411	1.6564
2018	0.000418	1.32804	1.6564
2019	0.000419	1.32045	1.6564
2020	0.00042	1.31741	1.6564
2021	0.000421	1.31286	1.65488
2022	0.000422	1.30678	1.6564
2023	0.000423	1.30071	1.65488
2024	0.000424	1.29767	1.65791
2025	0.000425	1.2916	1.65791
2026	0.000426	1.28553	1.65791
2027	0.000427	1.28249	1.65791
2028	0.000428	1.27642	1.65791
2029	0.000429	1.27187	1.65791
2030	0.00043	1.26731	1.6564
2031	0.000431	1.26428	1.65943
2032	0.000432	1.25821	1.65943
2033	0.000433	1.25062	1.65791
2034	0.000434	1.24758	1.65943
2035	0.000435	1.24303	1.65791
2036	0.000436	1.23695	1.65943
2037	0.000437	1.2324	1.65943
2038	0.000438	1.22784	1.65943
2039	0.000439	1.22177	1.66095
2040	0.00044	1.21722	1.66095
2041	0.000441	1.21266	1.66095
2042	0.000442	1.20659	1.66095
2043	0.000443	1.20356	1.66095
2044	0.000444	1.19597	1.65943
2045	0.000445	1.19597	1.66247
2046	0.000446	1.18838	1.66247
2047	0.000447	1.18079	1.66247
2048	0.000448	1.17775	1.66095
2049	0.000449	1.17471	1.66399
2050	0.00045	1.16864	1.66399
2051	0.000451	1.15953	1.66247
2052	0.000452	1.15801	1.66702
2053	0.000453	1.15346	1.66702
2054	0.000454	1.14587	1.66702
2055	0.000455	1.14587	1.66399
2056	0.000456	1.13828	1.66854
2057	0.000457	1.13221	1.66854
2058	0.000458	1.12614	1.66702
2059	0.000459	1.12462	1.67006
2060	0.00046	1.11703	1.67006
2061	0.000461	1.11096	1.67006
2062	0.000462	1.1064	1.67006
2063	0.000463	1.10337	1.67158
2064	0.000464	1.09881	1.67158
2065	0.000465	1.09122	1.6731
2066	0.000466	1.08818	1.6731
2067	0.000467	1.08363	1.6731
2068	0.000468	1.07604	1.6731
2069	0.000469	1.07604	1.67613
2070	0.00047	1.06845	1.67613
2071	0.000471	1.06086	1.67765
2072	0.000472	1.05782	1.67613
2073	0.000473	1.05479	1.68069
2074	0.000474	1.0472	1.68069
2075	0.000475	1.04113	1.68069
2076	0.000476	1.03809	1.6822
2077	0.000477	1.03505	1.6822
2078	0.000478	1.02746	1.68524
2079	0.000479	1.02594	1.68524
2080	0.00048	1.02139	1.68676
2081	0.000481	1.01228	1.68979
2082	0.000482	1.00621	1.68676
2083	0.000483	1.00621	1.69131
2084	0.000484	0.997102	1.69131
2085	0.000485	0.992548	1.69435
2086	0.000486	0.986476	1.69587
2087	0.000487	0.984958	1.69587
2088	0.000488	0.97585	1.69587
2089	0.000489	0.971295	1.6989
2090	0.00049	0.969777	1.70042
2091	0.000491	0.963705	1.70194
2092	0.000492	0.957633	1.70346
2093	0.000493	0.953079	1.70497
2094	0.000494	0.950043	1.70649
2095	0.000495	0.942453	1.70649
2096	0.000496	0.937898	1.70801
2097	0.000497	0.934862	1.71256
2098	0.000498	0.930308	1.7156
2099	0.000499	0.9212	1.71408
2100	0.0005	0.918164	1.71712
2101	0.000501	0.91361	1.72015
2102	0.000502	0.907538	1.72167
2103	0.000503	0.902983	1.72319
2104	0.000504	0.899947	1.72623
2105	0.000505	0.893875	1.72471
2106	0.000506	0.890839	1.72926
2107	0.000507	0.883249	1.72926
2108	0.000508	0.880213	1.73382
2109	0.000509	0.875659	1.73685
2110	0.00051	0.869586	1.73685
2111	0.000511	0.86655	1.73837
2112	0.000512	0.85896	1.73989
2113	0.000513	0.852888	1.74444
2114	0.000514	0.849852	1.74444
2115	0.000515	0.846816	1.74748
2116	0.000516	0.840744	1.749
2117	0.000517	0.831635	1.75052
2118	0.000518	0.830117	1.75507
2119	0.000519	0.825563	1.75507
2120	0.00052	0.821009	1.75811
2121	0.000521	0.814937	1.76266
2122	0.000522	0.810383	1.76266
2123	0.000523	0.805829	1.76418
2124	0.000524	0.799756	1.7657
2125	0.000525	0.79672	1.76873
2126	0.000526	0.790648	1.77025
2127	0.000527	0.784576	1.77329
2128	0.000528	0.783058	1.7748
2129	0.000529	0.776986	1.77936
2130	0.00053	0.770914	1.78088
2131	0.000531	0.763323	1.78391
2132	0.000532	0.761805	1.78391
2133	0.000533	0.754215	1.78695
2134	0.000534	0.752697	1.78998
2135	0.000535	0.745107	1.79302
2136	0.000536	0.742071	1.79454
2137	0.000537	0.73448	1.79454
2138	0.000538	0.732962	1.80061
2139	0.000539	0.72689	1.80061
2140	0.00054	0.720818	1.80365
2141	0.000541	0.713228	1.80668
2142	0.000542	0.71171	1.80972
2143	0.000543	0.708674	1.81124
2144	0.000544	0.702602	1.81276
2145	0.000545	0.693493	1.81276
2146	0.000546	0.690457	1.81579
2147	0.000547	0.684385	1.81731
2148	0.000548	0.681349	1.82186
2149	0.000549	0.675277	1.82338
2150	0.00055	0.672241	1.8249
2151	0.000551	0.666168	1.82642
2152	0.000552	0.660096	1.82794
2153	0.000553	0.65706	1.82945
2154	0.000554	0.64947	1.83249
2155	0.000555	0.644916	1.83401
2156	0.000556	0.640362	1.83704
2157	0.000557	0.635808	1.83856
2158	0.000558	0.628217	1.83856
2159	0.000559	0.623663	1.84312
2160	0.00056	0.620627	1.84463
2161	0.000561	0.616073	1.84767
2162	0.000562	0.610001	1.84767
2163	0.000563	0.605447	1.84767
2164	0.000564	0.599375	1.85222
2165	0.000565	0.596338	1.85222
2166	0.000566	0.588748	1.85374
2167	0.000567	0.58723	1.85526
2168	0.000568	0.57964	1.85678
2169	0.000569	0.573568	1.85678
2170	0.00057	0.569014	1.85981
2171	0.000571	0.565978	1.85981
2172	0.000572	0.561423	1.86133
2173	0.000573	0.552315	1.86133
2174	0.000574	0.550797	1.86589
2175	0.000575	0.546243	1.86285
2176	0.000576	0.540171	1.86741
2177	0.000577	0.535617	1.86741
2178	0.000578	0.529544	1.86892
2179	0.000579	0.523472	1.86892
2180	0.00058	0.520436	1.87196
2181	0.000581	0.5174	1.87196
2182	0.000582	0.50981	1.87196
2183	0.000583	0.505256	1.875
2184	0.000584	0.499184	1.875
2185	0.000585	0.496148	1.875
2186	0.000586	0.488557	1.87651
2187	0.000587	0.485521	1.87651
2188	0.000588	0.480967	1.87955
2189	0.000589	0.474895	1.87803
2190	0.00059	0.468823	1.88107
2191	0.000591	0.465787	1.87955
2192	0.000592	0.459714	1.88259
2193	0.000593	0.45516	1.88107
2194	0.000594	0.449088	1.88259
2195	0.000595	0.44757	1.88259
2196	0.000596	0.43998	1.88259
2197	0.000597	0.43239	1.8841
2198	0.000598	0.429354	1.8841
2199	0.000599	0.426317	1.88714
2200	0.0006	0.420245	1.88714
2201	0.000601	0.414173	1.88714
2202	0.000602	0.409619	1.88866
2203	0.000603	0.405065	1.88866
2204	0.000604	0.398993	1.88866
2205	0.000605	0.395957	1.89018
2206	0.000606	0.389884	1.89018
2207	0.000607	0.382294	1.89018
2208	0.000608	0.379258	1.89169
2209	0.000609	0.37774	1.89169
2210	0.00061	0.37015	1.89169
2211	0.000611	0.364078	1.89169
2212	0.000612	0.361042	1.89169
2213	0.000613	0.356487	1.89169
2214	0.000614	0.348897	1.89321
2215	0.000615	0.344343	1.89321
2216	0.000616	0.339789	1.89321
2217	0.000617	0.336753	1.89473
2218	0.000618	0.329163	1.89473
2219	0.000619	0.324609	1.89473
2220	0.00062	0.321572	1.89473
2221	0.000621	0.3155	1.89473
2222	0.000622	0.309428	1.89473
2223	0.000623	0.306392	1.89777
2224	0.000624	0.298802	1.89625
2225	0.000625	0.295766	1.89625
2226	0.000626	0.29273	1.89777
2227	0.000627	0.288175	1.89777
2228	0.000628	0.279067	1.89777
2229	0.000629	0.276031	1.89777
2230	0.00063	0.271477	1.89777
2231	0.000631	0.268441	1.89777
2232	0.000632	0.260851	1.89777
2233	0.000633	0.256297	1.89777
2234	0.000634	0.251742	1.89928
2235	0.000635	0.24567	1.89928
2236	0.000636	0.242634	1.89928
2237	0.000637	0.23808	1.89928
2238	0.000638	0.23049	1.9008
2239	0.000639	0.225936	1.9008
2240	0.00064	0.224418	1.9008
2241	0.000641	0.218345	1.9008
2242	0.000642	0.209237	1.9008
2243	0.000643	0.206201	1.9008
2244	0.000644	0.203165	1.9008
2245	0.000645	0.197093	1.90384
2246	0.000646	0.191021	1.90232
2247	0.000647	0.186466	1.90232
2248	0.000648	0.181912	1.90232
2249	0.000649	0.174322	1.90232
2250	0.00065	0.174322	1.90232
2251	0.000651	0.16825	1.90384
2252	0.000652	0.16066	1.90384
2253	0.000653	0.156106	1.90384
2254	0.000654	0.151551	1.90384
2255	0.000655	0.148515	1.90232
2256	0.000656	0.140925	1.90232
2257	0.000657	0.134853	1.90232
2258	0.000658	0.133335	1.90384
2259	0.000659	0.127263	1.90384
2260	0.00066	0.121191	1.90384
2261	0.000661	0.118154	1.90384
2262	0.000662	0.112082	1.90384
2263	0.000663	0.107528	1.90384
2264	0.000664	0.101456	1.90384
2265	0.000665	0.0984199	1.90384
2266	0.000666	0.0908297	1.90384
2267	0.000667	0.0862755	1.90536
2268	0.000668	0.0832395	1.90384
2269	0.000669	0.0786853	1.90536
2270	0.00067	0.0710951	1.90536
2271	0.000671	0.0650229	1.90536
2272	0.000672	0.0619868	1.90536
2273	0.000673	0.0559147	1.90536
2274	0.000674	0.0528786	1.90536
2275	0.000675	0.0483244	1.90536
2276	0.000676	0.0422523	1.90536
2277	0.000677	0.0361801	1.90536
2278	0.000678	0.031626	1.90536
2279	0.000679	0.0301079	1.90536
2280	0.00068	0.0209996	1.90536
2281	0.000681	0.0149275	1.90536
2282	0.000682	0.0118914	1.90536
2283	0.000683	0.00885529	1.90536
2284	0.000684	0.00126507	1.90536
2285	0.000685	-0.00632516	1.90687
2286	0.000686	0.00126507	1.90687
2287	0.000687	0.00885529	1.90687
2288	0.000688	0.0118914	1.90991
2289	0.000689	0.0149275	1.90536
2290	0.00069	0.0209996	1.90536
2291	0.000691	0.0285899	1.90991
2292	0.000692	0.033144	1.90687
2293	0.000693	0.0361801	1.90687
2294	0.000694	0.0422523	1.90687
2295	0.000695	0.0483244	1.90687
2296	0.000696	0.0528786	1.90687
2297	0.000697	0.0574327	1.90687
2298	0.000698	0.0635049	1.90687
2299	0.000699	0.0650229	1.90687
2300	0.0007	0.0710951	1.90687
2301	0.000701	0.0786853	1.90687
2302	0.000702	0.0832395	1.90687
2303	0.000703	0.0862755	1.90687
2304	0.000704	0.0923477	1.90687
2305	0.000705	0.0999379	1.90687
2306	0.000706	0.101456	1.90687
2307	0.000707	0.107528	1.90687
2308	0.000708	0.110564	1.90687
2309	0.000709	0.118154	1.90687
2310	0.00071	0.122709	1.91143
2311	0.000711	0.125745	1.90991
2312	0.000712	0.133335	1.90991
2313	0.000713	0.134853	1.90991
2314	0.000714	0.140925	1.90991
2315	0.000715	0.146997	1.90991
2316	0.000716	0.153069	1.90991
2317	0.000717	0.156106	1.90991
2318	0.000718	0.162178	1.90991
2319	0.000719	0.166732	1.91143
2320	0.00072	0.174322	1.90687
2321	0.000721	0.17584	1.91143
2322	0.000722	0.181912	1.90991
2323	0.000723	0.184948	1.91143
2324	0.000724	0.194057	1.90687
2325	0.000725	0.197093	1.91143
2326	0.000726	0.203165	1.90991
2327	0.000727	0.206201	1.90991
2328	0.000728	0.209237	1.90687
2329	0.000729	0.216827	1.90991
2330	0.00073	0.2229	1.90991
2331	0.000731	0.224418	1.90991
2332	0.000732	0.23049	1.90991
2333	0.000733	0.23808	1.90991
2334	0.000734	0.242634	1.90991
2335	0.000735	0.24567	1.91143
2336	0.000736	0.251742	1.90687
2337	0.000737	0.254778	1.91143
2338	0.000738	0.262369	1.90687
2339	0.000739	0.266923	1.90991
2340	0.00074	0.272995	1.90991
2341	0.000741	0.276031	1.90991
2342	0.000742	0.280585	1.90991
2343	0.000743	0.286657	1.90991
2344	0.000744	0.29273	1.90991
2345	0.000745	0.295766	1.90991
2346	0.000746	0.298802	1.90991
2347	0.000747	0.30791	1.90991
2348	0.000748	0.309428	1.90991
2349	0.000749	0.3155	1.90991
2350	0.00075	0.320054	1.90991
2351	0.000751	0.326127	1.90991
2352	0.000752	0.329163	1.90991
2353	0.000753	0.335235	1.90991
2354	0.000754	0.342825	1.90991
2355	0.000755	0.344343	1.90991
2356	0.000756	0.350415	1.90991
2357	0.000757	0.358005	1.91295
2358	0.000758	0.361042	1.91143
2359	0.000759	0.365596	1.90991
2360	0.00076	0.37015	1.90991
2361	0.000761	0.37774	1.90991
2362	0.000762	0.379258	1.90991
2363	0.000763	0.383812	1.90991
2364	0.000764	0.391402	1.90991
2365	0.000765	0.398993	1.90991
2366	0.000766	0.398993	1.90991
2367	0.000767	0.406583	1.90991
2368	0.000768	0.411137	1.91143
2369	0.000769	0.414173	1.91143
2370	0.00077	0.418727	1.91143
2371	0.000771	0.426317	1.90991
2372	0.000772	0.429354	1.91295
2373	0.000773	0.433908	1.90991
2374	0.000774	0.43998	1.90991
2375	0.000775	0.44757	1.90991
2376	0.000776	0.449088	1.90991
2377	0.000777	0.45516	1.90991
2378	0.000778	0.461232	1.90991
2379	0.000779	0.465787	1.90991
2380	0.00078	0.471859	1.91295
2381	0.000781	0.476413	1.91143
2382	0.000782	0.484003	1.91143
2383	0.000783	0.484003	1.91143
2384	0.000784	0.490075	1.90991
2385	0.000785	0.497666	1.90991
2386	0.000786	0.500702	1.90991
2387	0.000787	0.503738	1.90991
2388	0.000788	0.50981	1.91143
2389	0.000789	0.5174	1.91143
2390	0.00079	0.521954	1.91143
2391	0.000791	0.52499	1.91446
2392	0.000792	0.531063	1.91143
2393	0.000793	0.535617	1.91143
2394	0.000794	0.540171	1.90991
2395	0.000795	0.546243	1.90991
2396	0.000796	0.552315	1.90991
2397	0.000797	0.553833	1.90991
2398	0.000798	0.561423	1.90991
2399	0.000799	0.567496	1.90991
2400	0.0008	0.570532	1.90991
2401	0.000801	0.573568	1.90991
2402	0.000802	0.57964	1.90991
2403	0.000803	0.58723	1.91143
2404	0.000804	0.588748	1.91143
2405	0.000805	0.596338	1.91143
2406	0.000806	0.599375	1.90991
2407	0.000807	0.605447	1.90991
2408	0.000808	0.610001	1.90991
2409	0.000809	0.616073	1.90991
2410	0.00081	0.620627	1.90991
2411	0.000811	0.623663	1.90991
2412	0.000812	0.628217	1.90991
2413	0.000813	0.635808	1.90991
2414	0.000814	0.64188	1.91295
2415	0.000815	0.644916	1.91295
2416	0.000816	0.650988	1.90991
2417	0.000817	0.655542	1.90991
2418	0.000818	0.660096	1.90991
2419	0.000819	0.666168	1.90991
2420	0.00082	0.672241	1.91143
2421	0.000821	0.672241	1.90991
2422	0.000822	0.679831	1.90991
2423	0.000823	0.685903	1.90991
2424	0.000824	0.690457	1.91143
2425	0.000825	0.693493	1.91143
2426	0.000826	0.702602	1.91143
2427	0.000827	0.705638	1.91143
2428	0.000828	0.710192	1.91295
2429	0.000829	0.713228	1.90991
2430	0.00083	0.7193	1.91143
2431	0.000831	0.72689	1.91143
2432	0.000832	0.729926	1.91143
2433	0.000833	0.73448	1.91143
2434	0.000834	0.740553	1.90991
2435	0.000835	0.743589	1.90991
2436	0.000836	0.748143	1.90991
2437	0.000837	0.755733	1.91143
2438	0.000838	0.761805	1.91143
2439	0.000839	0.763323	1.91295
2440	0.00084	0.770914	1.90991
2441	0.000841	0.77395	1.90991
2442	0.000842	0.78154	1.90991
2443	0.000843	0.784576	1.90991
2444	0.000844	0.790648	1.91143
2445	0.000845	0.795202	1.90687
2446	0.000846	0.798238	1.90687
2447	0.000847	0.804311	1.90991
2448	0.000848	0.810383	1.90536
2449	0.000849	0.813419	1.90536
2450	0.00085	0.819491	1.90687
2451	0.000851	0.825563	1.90536
2452	0.000852	0.830117	1.89928
2453	0.000853	0.831635	1.89928
2454	0.000854	0.840744	1.89473
2455	0.000855	0.846816	1.89169
2456	0.000856	0.849852	1.88714
2457	0.000857	0.852888	1.87803
2458	0.000858	0.85896	1.87196
2459	0.000859	0.865032	1.86285
2460	0.00086	0.869586	1.85678
2461	0.000861	0.874141	1.84767
2462	0.000862	0.880213	1.83553
2463	0.000863	0.881731	1.82945
2464	0.000864	0.889321	1.81883
2465	0.000865	0.893875	1.81276
2466	0.000866	0.899947	1.80365
2467	0.000867	0.901465	1.79454
2468	0.000868	0.907538	1.78998
2469	0.000869	0.915128	1.78391
2470	0.00087	0.916646	1.77784
2471	0.000871	0.922718	1.77177
2472	0.000872	0.92879	1.7657
2473	0.000873	0.934862	1.76266
2474	0.000874	0.937898	1.75811
2475	0.000875	0.942453	1.75203
2476	0.000876	0.950043	1.749
2477	0.000877	0.951561	1.74596
2478	0.000878	0.959151	1.74293
2479	0.000879	0.963705	1.73989
2480	0.00088	0.971295	1.73685
2481	0.000881	0.971295	1.73382
2482	0.000882	0.97585	1.73078
2483	0.000883	0.984958	1.72926
2484	0.000884	0.987994	1.72623
2485	0.000885	0.992548	1.72471
2486	0.000886	0.99862	1.72319
2487	0.000887	1.00317	1.72015
2488	0.000888	1.00621	1.72015
2489	0.000889	1.01228	1.71712
2490	0.00089	1.01987	1.71408
2491	0.000891	1.02291	1.7156
2492	0.000892	1.02898	1.71256
2493	0.000893	1.03505	1.70801
2494	0.000894	1.03809	1.71105
2495	0.000895	1.04113	1.70497
2496	0.000896	1.05023	1.70649
2497	0.000897	1.05479	1.70497
2498	0.000898	1.05782	1.70346
2499	0.000899	1.0639	1.70042
2500	0.0009	1.06693	1.70042
2501	0.000901	1.07452	1.6989
2502	0.000902	1.07756	1.6989
2503	0.000903	1.08363	1.69587
2504	0.000904	1.08818	1.69738
2505	0.000905	1.09274	1.69435
2506	0.000906	1.09729	1.69435
2507	0.000907	1.10337	1.69435
2508	0.000908	1.10792	1.69435
2509	0.000909	1.11096	1.69283
2510	0.00091	1.12006	1.68979
2511	0.000911	1.12462	1.69131
2512	0.000912	1.12765	1.68676
2513	0.000913	1.13221	1.68979
2514	0.000914	1.13828	1.68979
2515	0.000915	1.14435	1.68524
2516	0.000916	1.14739	1.68524
2517	0.000917	1.15346	1.68524
2518	0.000918	1.1565	1.68524
2519	0.000919	1.16105	1.6822
2520	0.00092	1.16864	1.68372
2521	0.000921	1.17471	1.68372
2522	0.000922	1.17775	1.6822
2523	0.000923	1.1823	1.6822
2524	0.000924	1.18838	1.67917
2525	0.000925	1.19445	1.68069
2526	0.000926	1.19597	1.68069
2527	0.000927	1.20204	1.67917
2528	0.000928	1.20811	1.68069
2529	0.000929	1.2157	1.68069
2530	0.00093	1.21874	1.67765
2531	0.000931	1.22329	1.67765
2532	0.000932	1.22936	1.68069
2533	0.000933	1.2324	1.67917
2534	0.000934	1.23847	1.67917
2535	0.000935	1.24303	1.67917
2536	0.000936	1.24758	1.67765
2537	0.000937	1.25213	1.67765
2538	0.000938	1.25821	1.67765
2539	0.000939	1.26428	1.67765
2540	0.00094	1.2658	1.67613
2541	0.000941	1.27339	1.67613
2542	0.000942	1.27642	1.67613
2543	0.000943	1.27946	1.67461
2544	0.000944	1.28857	1.67613
2545	0.000945	1.2916	1.67613
2546	0.000946	1.29919	1.6731
2547	0.000947	1.29919	1.6731
2548	0.000948	1.30678	1.67613
2549	0.000949	1.31437	1.67613
2550	0.00095	1.31893	1.67613
2551	0.000951	1.32045	1.6731
2552	0.000952	1.32804	1.67461
2553	0.000953	1.33411	1.67461
2554	0.000954	1.33714	1.67461
2555	0.000955	1.34322	1.67461
2556	0.000956	1.34625	1.67461
2557	0.000957	1.35232	1.67461
2558	0.000958	1.3584	1.67461
2559	0.000959	1.36295	1.67461
2560	0.00096	1.3675	1.67461
2561	0.000961	1.37054	1.67461
2562	0.000962	1.37813	1.67461
2563	0.000963	1.3842	1.67461
2564	0.000964	1.38724	1.67461
2565	0.000965	1.39028	1.67461
2566	0.000966	1.39938	1.67461
2567	0.000967	1.40242	1.67461
2568	0.000968	1.40546	1.67158
2569	0.000969	1.41305	1.67461
2570	0.00097	1.4176	1.67461
2571	0.000971	1.42215	1.67158
2572	0.000972	1.42823	1.6731
2573	0.000973	1.4343	1.6731
2574	0.000974	1.44037	1.6731
2575	0.000975	1.44037	1.67158
2576	0.000976	1.44796	1.67006
2577	0.000977	1.45403	1.6731
2578	0.000978	1.45859	1.6731
2579	0.000979	1.46162	1.67158
2580	0.00098	1.46466	1.67158
2581	0.000981	1.47377	1.67158
2582	0.000982	1.4768	1.67006
2583	0.000983	1.48288	1.6731
2584	0.000984	1.49047	1.67006
2585	0.000985	1.4935	1.6731
2586	0.000986	1.49654	1.67158
2587	0.000987	1.50261	1.67158
2588	0.000988	1.50868	1.6731
2589	0.000989	1.51172	1.67006
2590	0.00099	1.51779	1.67158
2591	0.000991	1.52538	1.67158
2592	0.000992	1.52538	1.67158
2593	0.000993	1.53145	1.67158
2594	0.000994	1.53904	1.67158
2595	0.000995	1.5436	1.67158
2596	0.000996	1.54663	1.67158
2597	0.000997	1.55271	1.67158
2598	0.000998	1.5603	1.67158
2599	0.000999	1.56181	1.67158
2600	0.001	1.56789	1.67158
2601	0.001001	1.57244	1.67158
2602	0.001002	1.57851	1.67158
2603	0.001003	1.58307	1.67006
2604	0.001004	1.58762	1.67006
2605	0.001005	1.59521	1.67006
2606	0.001006	1.59521	1.67006
2607	0.001007	1.60128	1.67006
2608	0.001008	1.60887	1.67006
2609	0.001009	1.61646	1.67006
2610	0.00101	1.61646	1.67006
2611	0.001011	1.62254	1.66854
2612	0.001012	1.63013	1.67158
2613	0.001013	1.63316	1.66854
2614	0.001014	1.6362	1.67006
2615	0.001015	1.64379	1.67006
2616	0.001016	1.64683	1.67006
2617	0.001017	1.6529	1.67006
2618	0.001018	1.65593	1.67006
2619	0.001019	1.66352	1.67006
2620	0.00102	1.66504	1.67006
2621	0.001021	1.67111	1.67006
2622	0.001022	1.67719	1.67006
2623	0.001023	1.68326	1.67006
2624	0.001024	1.68781	1.67006
2625	0.001025	1.69085	1.67006
2626	0.001026	1.69996	1.67006
2627	0.001027	1.70299	1.67006
2628	0.001028	1.70755	1.67006
2629	0.001029	1.71362	1.66854
2630	0.00103	1.71666	1.66854
2631	0.001031	1.71969	1.66702
2632	0.001032	1.7288	1.67006
2633	0.001033	1.73335	1.67006
2634	0.001034	1.73639	1.66854
2635	0.001035	1.73943	1.66854
2636	0.001036	1.74853	1.66854
2637	0.001037	1.75157	1.66854
2638	0.001038	1.75461	1.66702
2639	0.001039	1.7622	1.67006
2640	0.00104	1.76979	1.67006
2641	0.001041	1.76979	1.66702
2642	0.001042	1.77434	1.66854
2643	0.001043	1.78193	1.67006
2644	0.001044	1.788	1.67006
2645	0.001045	1.79256	1.66702
2646	0.001046	1.79559	1.66854
2647	0.001047	1.80318	1.67006
2648	0.001048	1.8047	1.67006
2649	0.001049	1.81077	1.67006
2650	0.00105	1.81836	1.67006
2651	0.001051	1.8214	1.67006
2652	0.001052	1.82595	1.66702
2653	0.001053	1.82899	1.66854
2654	0.001054	1.83658	1.67006
2655	0.001055	1.83962	1.66702
2656	0.001056	1.84569	1.66854
2657	0.001057	1.85176	1.66854
2658	0.001058	1.85632	1.66854
2659	0.001059	1.85935	1.66854
2660	0.00106	1.86694	1.66854
2661	0.001061	1.8715	1.66854
2662	0.001062	1.87453	1.66854
2663	0.001063	1.8806	1.66854
2664	0.001064	1.88819	1.66854
2665	0.001065	1.88971	1.66702
2666	0.001066	1.8973	1.66702
2667	0.001067	1.90034	1.66702
2668	0.001068	1.90641	1.66854
2669	0.001069	1.91096	1.66399
2670	0.00107	1.91704	1.66854
2671	0.001071	1.92007	1.66854
2672	0.001072	1.92615	1.66854
2673	0.001073	1.92918	1.66702
2674	0.001074	1.93677	1.66702
2675	0.001075	1.94284	1.66854
2676	0.001076	1.94436	1.66399
2677	0.001077	1.95043	1.66399
2678	0.001078	1.95802	1.66854
2679	0.001079	1.95954	1.66702
2680	0.00108	1.96561	1.66702
2681	0.001081	1.97017	1.66702
2682	0.001082	1.97928	1.66702
2683	0.001083	1.97928	1.66247
2684	0.001084	1.98535	1.66702
2685	0.001085	1.99294	1.66702
2686	0.001086	1.99598	1.66702
2687	0.001087	1.99901	1.66702
2688	0.001088	2.0066	1.66702
2689	0.001089	2.00964	1.66702
2690	0.00109	2.01267	1.66702
2691	0.001091	2.02026	1.66702
2692	0.001092	2.02785	1.66702
2693	0.001093	2.02937	1.66702
2694	0.001094	2.03544	1.66247
2695	0.001095	2.04	1.66702
2696	0.001096	2.04911	1.66702
2697	0.001097	2.04911	1.66399
2698	0.001098	2.05366	1.66399
2699	0.001099	2.06125	1.66702
2700	0.0011	2.06581	1.66702
2701	0.001101	2.06884	1.66247
2702	0.001102	2.07643	1.66399
2703	0.001103	2.08099	1.66399
2704	0.001104	2.08402	1.66399
2705	0.001105	2.09009	1.66247
2706	0.001106	2.09617	1.66702
2707	0.001107	2.0992	1.66399
2708	0.001108	2.10527	1.66399
2709	0.001109	2.11135	1.66702
2710	0.00111	2.11742	1.66702
2711	0.001111	2.12046	1.66399
2712	0.001112	2.12501	1.66399
2713	0.001113	2.13108	1.66399
2714	0.001114	2.13412	1.66399
2715	0.001115	2.13867	1.66399
2716	0.001116	2.14626	1.66702
2717	0.001117	2.15233	1.66702
2718	0.001118	2.15385	1.66247
2719	0.001119	2.15992	1.66399
2720	0.00112	2.16751	1.66399
2721	0.001121	2.17055	1.66399
2722	0.001122	2.1751	1.66399
2723	0.001123	2.17966	1.66702
2724	0.001124	2.18725	1.66702
2725	0.001125	2.18877	1.66399
2726	0.001126	2.19484	1.66399
2727	0.001127	2.20243	1.66399
2728	0.001128	2.20243	1.66399
2729	0.001129	2.21154	1.66399
2730	0.00113	2.21457	1.66247
2731	0.001131	2.21913	1.66399
2732	0.001132	2.22216	1.66399
2733	0.001133	2.22824	1.66247
2734	0.001134	2.23583	1.66702
2735	0.001135	2.24038	1.66399
2736	0.001136	2.24342	1.66399
2737	0.001137	2.24949	1.66247
2738	0.001138	2.25404	1.66399
2739	0.001139	2.2586	1.66399
2740	0.00114	2.26467	1.66399
2741	0.001141	2.27074	1.66702
2742	0.001142	2.27226	1.66247
2743	0.001143	2.27985	1.66399
2744	0.001144	2.2844	1.66399
2745	0.001145	2.29048	1.66702
2746	0.001146	2.29351	1.66702
2747	0.001147	2.29807	1.66702
2748	0.001148	2.30717	1.66702
2749	0.001149	2.30869	1.66702
2750	0.00115	2.31476	1.66702
2751	0.001151	2.32084	1.66702
2752	0.001152	2.32387	1.66702
2753	0.001153	2.32843	1.66702
2754	0.001154	2.3345	1.66702
2755	0.001155	2.33905	1.66854
2756	0.001156	2.34209	1.66399
2757	0.001157	2.34968	1.66702
2758	0.001158	2.35423	1.66854
2759	0.001159	2.36031	1.66854
2760	0.00116	2.36334	1.66854
2761	0.001161	2.36941	1.66854
2762	0.001162	2.37549	1.66854
2763	0.001163	2.37852	1.67006
2764	0.001164	2.38459	1.67006
2765	0.001165	2.39067	1.67006
2766	0.001166	2.3937	1.67006
2767	0.001167	2.39826	1.67006
2768	0.001168	2.40585	1.67158
2769	0.001169	2.4104	1.6731
2770	0.00117	2.41344	1.67006
2771	0.001171	2.41647	1.67158
2772	0.001172	2.42558	1.67158
2773	0.001173	2.43165	1.67461
2774	0.001174	2.43165	1.67461
2775	0.001175	2.43924	1.67461
2776	0.001176	2.44683	1.67461
2777	0.001177	2.44835	1.67461
2778	0.001178	2.45442	1.67613
2779	0.001179	2.45898	1.67765
2780	0.00118	2.46657	1.67765
2781	0.001181	2.46809	1.67613
2782	0.001182	2.47416	1.67613
2783	0.001183	2.48023	1.67613
2784	0.001184	2.48175	1.67613
2785	0.001185	2.48934	1.67613
2786	0.001186	2.48479	1.6731
2787	0.001187	2.47871	1.67006
2788	0.001188	2.47264	1.66702
2789	0.001189	2.46809	1.66247
2790	0.00119	2.46353	1.66095
2791	0.001191	2.45898	1.66095
2792	0.001192	2.45139	1.65791
2793	0.001193	2.44683	1.6564
2794	0.001194	2.44683	1.65488
2795	0.001195	2.43773	1.65336
2796	0.001196	2.43317	1.65032
2797	0.001197	2.43014	1.65184
2798	0.001198	2.42558	1.64881
2799	0.001199	2.41951	1.64881
2800	0.0012	2.41192	1.64577
2801	0.001201	2.4104	1.64729
2802	0.001202	2.40281	1.64577
2803	0.001203	2.39978	1.64122
2804	0.001204	2.39674	1.64273
2805	0.001205	2.38915	1.64122
2806	0.001206	2.38308	1.6397
2807	0.001207	2.377	1.63666
2808	0.001208	2.377	1.63666
2809	0.001209	2.36941	1.63666
2810	0.00121	2.36334	1.63514
2811	0.001211	2.36031	1.63666
2812	0.001212	2.35423	1.63514
2813	0.001213	2.34664	1.63514
2814	0.001214	2.34361	1.63514
2815	0.001215	2.34057	1.63514
2816	0.001216	2.3345	1.63211
2817	0.001217	2.32843	1.63363
2818	0.001218	2.32387	1.63363
2819	0.001219	2.32084	1.63514
2820	0.00122	2.31325	1.63363
2821	0.001221	2.31021	1.63666
2822	0.001222	2.30717	1.63818
2823	0.001223	2.29958	1.63818
2824	0.001224	2.29199	1.63666
2825	0.001225	2.29199	1.6397
2826	0.001226	2.28744	1.64122
2827	0.001227	2.27985	1.64122
2828	0.001228	2.27378	1.6397
2829	0.001229	2.27074	1.64273
2830	0.00123	2.26467	1.64122
2831	0.001231	2.26011	1.64577
2832	0.001232	2.25404	1.64577
2833	0.001233	2.24949	1.64577
2834	0.001234	2.24342	1.64577
2835	0.001235	2.24038	1.64577
2836	0.001236	2.23583	1.64577
2837	0.001237	2.23127	1.64729
2838	0.001238	2.22368	1.64729
2839	0.001239	2.22216	1.64729
2840	0.00124	2.21457	1.64729
2841	0.001241	2.21002	1.64729
2842	0.001242	2.20243	1.64881
2843	0.001243	2.20091	1.64881
2844	0.001244	2.19788	1.64881
2845	0.001245	2.19028	1.64729
2846	0.001246	2.18725	1.65032
2847	0.001247	2.18118	1.64881
2848	0.001248	2.1751	1.64881
2849	0.001249	2.17055	1.64881
2850	0.00125	2.16751	1.65032
2851	0.001251	2.15992	1.64729
2852	0.001252	2.15233	1.64729
2853	0.001253	2.15233	1.65032
2854	0.001254	2.14626	1.65032
2855	0.001255	2.14171	1.65032
2856	0.001256	2.13412	1.64881
2857	0.001257	2.13108	1.64881
2858	0.001258	2.12653	1.65032
2859	0.001259	2.12046	1.65032
2860	0.00126	2.11894	1.65032
2861	0.001261	2.11135	1.64881
2862	0.001262	2.10527	1.64881
2863	0.001263	2.10072	1.64881
2864	0.001264	2.09465	1.64881
2865	0.001265	2.09009	1.64881
2866	0.001266	2.08554	1.64881
2867	0.001267	2.0825	1.64881
2868	0.001268	2.07643	1.64881
2869	0.001269	2.06732	1.65032
2870	0.00127	2.06732	1.64881
2871	0.001271	2.06125	1.64881
2872	0.001272	2.0567	1.65032
2873	0.001273	2.05062	1.65032
2874	0.001274	2.04759	1.65032
2875	0.001275	2.04	1.65032
2876	0.001276	2.03393	1.65032
2877	0.001277	2.03089	1.65032
2878	0.001278	2.02785	1.65032
2879	0.001279	2.02026	1.65032
2880	0.00128	2.01419	1.64729
2881	0.001281	2.01116	1.65032
2882	0.001282	2.00508	1.65032
2883	0.001283	2.00205	1.65032
2884	0.001284	1.99598	1.65032
2885	0.001285	1.99294	1.64881
2886	0.001286	1.98687	1.65032
2887	0.001287	1.98079	1.65032
2888	0.001288	1.97624	1.65032
2889	0.001289	1.97169	1.64881
2890	0.00129	1.96561	1.65032
2891	0.001291	1.95954	1.64881
2892	0.001292	1.95802	1.65184
2893	0.001293	1.95043	1.64881
2894	0.001294	1.94588	1.65032
2895	0.001295	1.94284	1.65032
2896	0.001296	1.93677	1.65184
2897	0.001297	1.92918	1.64881
2898	0.001298	1.92766	1.65032
2899	0.001299	1.92159	1.65032
2900	0.0013	1.91552	1.65032
2901	0.001301	1.91096	1.64881
2902	0.001302	1.90641	1.65184
2903	0.001303	1.90034	1.65032
2904	0.001304	1.89427	1.65032
2905	0.001305	1.89123	1.64881
2906	0.001306	1.88668	1.65032
2907	0.001307	1.8806	1.65032
2908	0.001308	1.87453	1.65032
2909	0.001309	1.8715	1.65032
2910	0.00131	1.86542	1.65184
2911	0.001311	1.85783	1.65184
2912	0.001312	1.8548	1.65184
2913	0.001313	1.85176	1.65184
2914	0.001314	1.84569	1.65184
2915	0.001315	1.83962	1.65184
2916	0.001316	1.83658	1.65184
2917	0.001317	1.83051	1.65184
2918	0.001318	1.82444	1.65184
2919	0.001319	1.82444	1.65184
2920	0.00132	1.81836	1.65184
2921	0.001321	1.81077	1.65184
2922	0.001322	1.80622	1.65032
2923	0.001323	1.80318	1.65336
2924	0.001324	1.79711	1.65184
2925	0.001325	1.78952	1.65184
2926	0.001326	1.788	1.65184
2927	0.001327	1.78041	1.65184
2928	0.001328	1.77738	1.65336
2929	0.001329	1.7713	1.65032
2930	0.00133	1.76675	1.65184
2931	0.001331	1.7622	1.65184
2932	0.001332	1.75612	1.65336
2933	0.001333	1.75309	1.65336
2934	0.001334	1.74702	1.65336
2935	0.001335	1.73943	1.65032
2936	0.001336	1.73639	1.65336
2937	0.001337	1.73335	1.65184
2938	0.001338	1.7288	1.65184
2939	0.001339	1.71969	1.65184
2940	0.00134	1.71666	1.65184
2941	0.001341	1.71058	1.65336
2942	0.001342	1.70755	1.65336
2943	0.001343	1.70299	1.65336
2944	0.001344	1.69692	1.65336
2945	0.001345	1.69388	1.65336
2946	0.001346	1.68629	1.65032
2947	0.001347	1.68326	1.65336
2948	0.001348	1.67719	1.65336
2949	0.001349	1.67263	1.65336
2950	0.00135	1.66656	1.65336
2951	0.001351	1.66352	1.65336
2952	0.001352	1.65745	1.65336
2953	0.001353	1.64986	1.65336
2954	0.001354	1.64683	1.65336
2955	0.001355	1.64379	1.65336
2956	0.001356	1.63772	1.65336
2957	0.001357	1.63316	1.65184
2958	0.001358	1.63013	1.65488
2959	0.001359	1.62254	1.65184
2960	0.00136	1.61495	1.65336
2961	0.001361	1.61495	1.65336
2962	0.001362	1.60887	1.65488
2963	0.001363	1.60432	1.65336
2964	0.001364	1.59673	1.65184
2965	0.001365	1.59369	1.65488
2966	0.001366	1.58762	1.65336
2967	0.001367	1.58459	1.65336
2968	0.001368	1.58003	1.65488
2969	0.001369	1.57244	1.65336
2970	0.00137	1.56789	1.65336
2971	0.001371	1.56333	1.65336
2972	0.001372	1.55726	1.65488
2973	0.001373	1.55271	1.65184
2974	0.001374	1.54663	1.65184
2975	0.001375	1.54512	1.65488
2976	0.001376	1.53904	1.65488
2977	0.001377	1.53297	1.65488
2978	0.001378	1.52538	1.65336
2979	0.001379	1.52386	1.65336
2980	0.00138	1.52083	1.65488
2981	0.001381	1.50868	1.65488
2982	0.001382	1.5102	1.65488
2983	0.001383	1.50261	1.65488
2984	0.001384	1.49806	1.65488
2985	0.001385	1.49198	1.65336
2986	0.001386	1.49047	1.6564
2987	0.001387	1.48288	1.65336
2988	0.001388	1.4768	1.65488
2989	0.001389	1.47225	1.65488
2990	0.00139	1.46921	1.65488
2991	0.001391	1.46162	1.65488
2992	0.001392	1.46011	1.65488
2993	0.001393	1.45403	1.65488
2994	0.001394	1.44796	1.65488
2995	0.001395	1.44189	1.65488
2996	0.001396	1.43885	1.65488
2997	0.001397	1.4343	1.6564
2998	0.001398	1.42823	1.6564
2999	0.001399	1.42215	1.6564
3000	0.0014	1.42064	1.6564
3001	0.001401	1.41305	1.6564
3002	0.001402	1.40546	1.65336
3003	0.001403	1.40242	1.6564
3004	0.001404	1.39938	1.6564
3005	0.001405	1.39028	1.6564
3006	0.001406	1.38724	1.6564
3007	0.001407	1.3842	1.65791
3008	0.001408	1.37661	1.65791
3009	0.001409	1.37206	1.6564
3010	0.00141	1.3675	1.65791
3011	0.001411	1.36447	1.65791
3012	0.001412	1.35688	1.65488
3013	0.001413	1.35232	1.65791
3014	0.001414	1.35081	1.65791
3015	0.001415	1.34322	1.6564
3016	0.001416	1.33714	1.65488
3017	0.001417	1.33259	1.6564
3018	0.001418	1.32804	1.6564
3019	0.001419	1.32045	1.65488
3020	0.00142	1.31741	1.65791
3021	0.001421	1.31437	1.65791
3022	0.001422	1.30678	1.65488
3023	0.001423	1.30071	1.65488
3024	0.001424	1.29767	1.65791
3025	0.001425	1.2916	1.65791
3026	0.001426	1.28705	1.65791
3027	0.001427	1.27946	1.6564
3028	0.001428	1.27642	1.65791
3029	0.001429	1.27339	1.65791
3030	0.00143	1.26731	1.65791
3031	0.001431	1.26428	1.65943
3032	0.001432	1.25972	1.65943
3033	0.001433	1.25213	1.6564
3034	0.001434	1.24606	1.65943
3035	0.001435	1.24454	1.65943
3036	0.001436	1.23847	1.65943
3037	0.001437	1.23088	1.65943
3038	0.001438	1.22936	1.65943
3039	0.001439	1.22177	1.65943
3040	0.00144	1.21722	1.65943
3041	0.001441	1.2157	1.66095
3042	0.001442	1.20811	1.66095
3043	0.001443	1.20204	1.66095
3044	0.001444	1.19597	1.66095
3045	0.001445	1.19597	1.66247
3046	0.001446	1.18838	1.66247
3047	0.001447	1.18079	1.66247
3048	0.001448	1.17775	1.66247
3049	0.001449	1.1732	1.66095
3050	0.00145	1.16712	1.66399
3051	0.001451	1.15953	1.66399
3052	0.001452	1.15801	1.66399
3053	0.001453	1.15346	1.66247
3054	0.001454	1.14587	1.66702
3055	0.001455	1.14435	1.66854
3056	0.001456	1.13828	1.66854
3057	0.001457	1.13221	1.66854
3058	0.001458	1.12765	1.66702
3059	0.001459	1.12462	1.67006
3060	0.00146	1.11551	1.67006
3061	0.001461	1.11247	1.67006
3062	0.001462	1.1064	1.67006
3063	0.001463	1.10337	1.67158
3064	0.001464	1.09881	1.67158
3065	0.001465	1.09274	1.67158
3066	0.001466	1.08818	1.6731
3067	0.001467	1.08211	1.6731
3068	0.001468	1.07756	1.6731
3069	0.001469	1.07604	1.67613
3070	0.00147	1.06845	1.67461
3071	0.001471	1.06086	1.67765
3072	0.001472	1.05782	1.67765
3073	0.001473	1.05479	1.68069
3074	0.001474	1.05023	1.68069
3075	0.001475	1.04113	1.68069
3076	0.001476	1.03809	1.6822
3077	0.001477	1.03354	1.68372
3078	0.001478	1.0305	1.68372
3079	0.001479	1.02594	1.68676
3080	0.00148	1.01835	1.68979
3081	0.001481	1.01532	1.68676
3082	0.001482	1.00773	1.69131
3083	0.001483	1.00621	1.69283
3084	0.001484	0.99862	1.69435
3085	0.001485	0.992548	1.69435
3086	0.001486	0.987994	1.69587
3087	0.001487	0.986476	1.69587
3088	0.001488	0.977368	1.70042
3089	0.001489	0.974331	1.6989
3090	0.00149	0.969777	1.70194
3091	0.001491	0.966741	1.70346
3092	0.001492	0.959151	1.70497
3093	0.001493	0.953079	1.70497
3094	0.001494	0.948525	1.70801
3095	0.001495	0.945489	1.71105
3096	0.001496	0.939416	1.71105
3097	0.001497	0.93638	1.71408
3098	0.001498	0.92879	1.71712
3099	0.001499	0.924236	1.71712
3100	0.0015	0.918164	1.71864
3101	0.001501	0.915128	1.71864
3102	0.001502	0.907538	1.72319
3103	0.001503	0.904501	1.72319
3104	0.001504	0.899947	1.72623
3105	0.001505	0.896911	1.72775
3106	0.001506	0.889321	1.72926
3107	0.001507	0.884767	1.73382
3108	0.001508	0.880213	1.73382
3109	0.001509	0.875659	1.73685
3110	0.00151	0.869586	1.73837
3111	0.001511	0.868068	1.74141
3112	0.001512	0.85896	1.74141
3113	0.001513	0.852888	1.74141
3114	0.001514	0.85137	1.74444
3115	0.001515	0.845298	1.74748
3116	0.001516	0.840744	1.749
3117	0.001517	0.831635	1.75052
3118	0.001518	0.830117	1.75507
3119	0.001519	0.825563	1.75507
3120	0.00152	0.819491	1.75811
3121	0.001521	0.813419	1.75962
3122	0.001522	0.810383	1.76266
3123	0.001523	0.804311	1.76418
3124	0.001524	0.798238	1.76721
3125	0.001525	0.795202	1.76721
3126	0.001526	0.790648	1.77025
3127	0.001527	0.784576	1.77177
3128	0.001528	0.78154	1.77329
3129	0.001529	0.775468	1.77784
3130	0.00153	0.770914	1.77936
3131	0.001531	0.763323	1.78239
3132	0.001532	0.761805	1.78391
3133	0.001533	0.754215	1.78695
3134	0.001534	0.751179	1.78847
3135	0.001535	0.743589	1.7915
3136	0.001536	0.740553	1.79302
3137	0.001537	0.732962	1.79454
3138	0.001538	0.729926	1.79909
3139	0.001539	0.728408	1.80213
3140	0.00154	0.720818	1.80365
3141	0.001541	0.713228	1.80517
3142	0.001542	0.71171	1.80517
3143	0.001543	0.705638	1.80972
3144	0.001544	0.701083	1.80972
3145	0.001545	0.691975	1.81427
3146	0.001546	0.691975	1.81427
3147	0.001547	0.685903	1.81731
3148	0.001548	0.678313	1.81731
3149	0.001549	0.673759	1.82338
3150	0.00155	0.670723	1.8249
3151	0.001551	0.66465	1.8249
3152	0.001552	0.658578	1.82794
3153	0.001553	0.65706	1.83097
3154	0.001554	0.64947	1.83249
3155	0.001555	0.643398	1.83249
3156	0.001556	0.640362	1.83553
3157	0.001557	0.635808	1.83704
3158	0.001558	0.631253	1.84008
3159	0.001559	0.623663	1.84008
3160	0.00156	0.620627	1.84463
3161	0.001561	0.614555	1.84615
3162	0.001562	0.610001	1.84767
3163	0.001563	0.605447	1.84919
3164	0.001564	0.599375	1.84919
3165	0.001565	0.593302	1.85222
3166	0.001566	0.590266	1.85526
3167	0.001567	0.58723	1.85526
3168	0.001568	0.57964	1.85678
3169	0.001569	0.573568	1.85678
3170	0.00157	0.57205	1.8583
3171	0.001571	0.565978	1.86133
3172	0.001572	0.558387	1.86133
3173	0.001573	0.553833	1.86133
3174	0.001574	0.550797	1.86589
3175	0.001575	0.546243	1.86589
3176	0.001576	0.540171	1.86741
3177	0.001577	0.535617	1.86741
3178	0.001578	0.529544	1.86741
3179	0.001579	0.52499	1.86892
3180	0.00158	0.518918	1.87196
3181	0.001581	0.5174	1.87196
3182	0.001582	0.50981	1.87348
3183	0.001583	0.503738	1.87348
3184	0.001584	0.500702	1.875
3185	0.001585	0.497666	1.875
3186	0.001586	0.490075	1.87803
3187	0.001587	0.487039	1.87803
3188	0.001588	0.479449	1.87803
3189	0.001589	0.476413	1.88107
3190	0.00159	0.470341	1.87955
3191	0.001591	0.464269	1.88107
3192	0.001592	0.461232	1.88107
3193	0.001593	0.45516	1.88107
3194	0.001594	0.449088	1.88259
3195	0.001595	0.44757	1.88259
3196	0.001596	0.43998	1.8841
3197	0.001597	0.43239	1.8841
3198	0.001598	0.429354	1.8841
3199	0.001599	0.426317	1.8841
