;Scopy version	f4beeb1
;Exported on	Wednesday February 21/02/2024
;Device	M2K
;Nr of samples	3200
;Sample rate	1e+08
;Tool	Oscilloscope
;Additional Information	
Sample	Time(S)	CH1(V)	CH2(V)
0	-6.04e-06	1.25786	1.26338
1	-6.03e-06	1.25648	1.25786
2	-6.02e-06	1.25786	1.262
3	-6.01e-06	1.25648	1.26338
4	-6e-06	1.25648	1.25924
5	-5.99e-06	1.26062	1.262
6	-5.98e-06	1.25786	1.25786
7	-5.97e-06	1.25648	1.25924
8	-5.96e-06	1.25648	1.25924
9	-5.95e-06	1.25648	1.262
10	-5.94e-06	1.25648	1.25924
11	-5.93e-06	1.25924	1.25924
12	-5.92e-06	1.25786	1.25786
13	-5.91e-06	1.2551	1.26338
14	-5.9e-06	1.25786	1.262
15	-5.89e-06	1.25648	1.25786
16	-5.88e-06	1.25924	1.262
17	-5.87e-06	1.25786	1.26338
18	-5.86e-06	1.2551	1.262
19	-5.85e-06	1.25786	1.262
20	-5.84e-06	1.25786	1.25786
21	-5.83e-06	1.25924	1.262
22	-5.82e-06	1.25924	1.25924
23	-5.81e-06	1.25648	1.25648
24	-5.8e-06	1.25372	1.25786
25	-5.79e-06	1.25786	1.25924
26	-5.78e-06	1.25786	1.25786
27	-5.77e-06	1.25924	1.262
28	-5.76e-06	1.26062	1.25924
29	-5.75e-06	1.25924	1.25924
30	-5.74e-06	1.25924	1.26338
31	-5.73e-06	1.25648	1.25648
32	-5.72e-06	1.2551	1.262
33	-5.71e-06	1.25924	1.26338
34	-5.7e-06	1.2551	1.25924
35	-5.69e-06	1.25786	1.262
36	-5.68e-06	1.2551	1.25924
37	-5.67e-06	1.2551	1.262
38	-5.66e-06	1.262	1.26338
39	-5.65e-06	1.25786	1.25924
40	-5.64e-06	1.26062	1.25648
41	-5.63e-06	1.25924	1.262
42	-5.62e-06	1.25648	1.25924
43	-5.61e-06	1.25648	1.25786
44	-5.6e-06	1.2551	1.25786
45	-5.59e-06	1.25924	1.262
46	-5.58e-06	1.25924	1.25924
47	-5.57e-06	1.25786	1.25648
48	-5.56e-06	1.2551	1.25924
49	-5.55e-06	1.25924	1.26338
50	-5.54e-06	1.25648	1.25924
51	-5.53e-06	1.25648	1.262
52	-5.52e-06	1.25786	1.25786
53	-5.51e-06	1.25924	1.25924
54	-5.5e-06	1.25786	1.262
55	-5.49e-06	1.25786	1.25924
56	-5.48e-06	1.25786	1.25786
57	-5.47e-06	1.25924	1.26338
58	-5.46e-06	1.25648	1.25924
59	-5.45e-06	1.25924	1.262
60	-5.44e-06	1.25786	1.25924
61	-5.43e-06	1.25786	1.25924
62	-5.42e-06	1.25648	1.25924
63	-5.41e-06	1.2551	1.25924
64	-5.4e-06	1.25786	1.25786
65	-5.39e-06	1.26062	1.26476
66	-5.38e-06	1.25786	1.25924
67	-5.37e-06	1.25648	1.25924
68	-5.36e-06	1.25648	1.25924
69	-5.35e-06	1.25648	1.25924
70	-5.34e-06	1.25924	1.25924
71	-5.33e-06	1.25924	1.25648
72	-5.32e-06	1.25786	1.25786
73	-5.31e-06	1.25786	1.26338
74	-5.3e-06	1.26062	1.25648
75	-5.29e-06	1.25786	1.25648
76	-5.28e-06	1.25096	1.25924
77	-5.27e-06	1.25648	1.262
78	-5.26e-06	1.25924	1.25648
79	-5.25e-06	1.25786	1.262
80	-5.24e-06	1.25372	1.25786
81	-5.23e-06	1.25648	1.25924
82	-5.22e-06	1.25786	1.25924
83	-5.21e-06	1.25648	1.262
84	-5.2e-06	1.25648	1.25924
85	-5.19e-06	1.25786	1.262
86	-5.18e-06	1.25648	1.25648
87	-5.17e-06	1.25786	1.25924
88	-5.16e-06	1.25786	1.25648
89	-5.15e-06	1.25648	1.25924
90	-5.14e-06	1.25648	1.262
91	-5.13e-06	1.2551	1.25924
92	-5.12e-06	1.2551	1.25648
93	-5.11e-06	1.25372	1.25786
94	-5.1e-06	1.25648	1.25786
95	-5.09e-06	1.25786	1.25648
96	-5.08e-06	1.25648	1.25786
97	-5.07e-06	1.2551	1.25924
98	-5.06e-06	1.25786	1.25786
99	-5.05e-06	1.2551	1.25924
100	-5.04e-06	1.25786	1.25786
101	-5.03e-06	1.25648	1.26338
102	-5.02e-06	1.25648	1.25924
103	-5.01e-06	1.25786	1.25786
104	-5e-06	1.25786	1.25786
105	-4.99e-06	1.26062	1.262
106	-4.98e-06	1.25924	1.25924
107	-4.97e-06	1.25786	1.25924
108	-4.96e-06	1.2551	1.25786
109	-4.95e-06	1.26062	1.262
110	-4.94e-06	1.25924	1.25786
111	-4.93e-06	1.25648	1.25648
112	-4.92e-06	1.25786	1.262
113	-4.91e-06	1.25648	1.25924
114	-4.9e-06	1.25786	1.25924
115	-4.89e-06	1.25786	1.26338
116	-4.88e-06	1.25648	1.25786
117	-4.87e-06	1.25924	1.262
118	-4.86e-06	1.25924	1.25924
119	-4.85e-06	1.25786	1.25786
120	-4.84e-06	1.25648	1.262
121	-4.83e-06	1.25648	1.262
122	-4.82e-06	1.25096	1.25786
123	-4.81e-06	1.2551	1.25786
124	-4.8e-06	1.25648	1.2551
125	-4.79e-06	1.25786	1.25786
126	-4.78e-06	1.25648	1.25924
127	-4.77e-06	1.25648	1.25648
128	-4.76e-06	1.25648	1.25924
129	-4.75e-06	1.25648	1.25924
130	-4.74e-06	1.25786	1.25924
131	-4.73e-06	1.25648	1.25924
132	-4.72e-06	1.2551	1.25924
133	-4.71e-06	1.25648	1.25924
134	-4.7e-06	1.25648	1.25786
135	-4.69e-06	1.25786	1.2551
136	-4.68e-06	1.26062	1.25786
137	-4.67e-06	1.25786	1.25924
138	-4.66e-06	1.25786	1.25786
139	-4.65e-06	1.25924	1.25648
140	-4.64e-06	1.25786	1.25786
141	-4.63e-06	1.262	1.262
142	-4.62e-06	1.25786	1.2551
143	-4.61e-06	1.2551	1.25924
144	-4.6e-06	1.25786	1.25924
145	-4.59e-06	1.25648	1.25924
146	-4.58e-06	1.25786	1.25924
147	-4.57e-06	1.2551	1.25924
148	-4.56e-06	1.25372	1.25786
149	-4.55e-06	1.25786	1.26476
150	-4.54e-06	1.25924	1.25924
151	-4.53e-06	1.262	1.262
152	-4.52e-06	1.25924	1.25924
153	-4.51e-06	1.25648	1.25924
154	-4.5e-06	1.25924	1.25924
155	-4.49e-06	1.262	1.25924
156	-4.48e-06	1.25096	1.25924
157	-4.47e-06	1.25648	1.262
158	-4.46e-06	1.25924	1.25924
159	-4.45e-06	1.25786	1.262
160	-4.44e-06	1.25924	1.25786
161	-4.43e-06	1.25648	1.25786
162	-4.42e-06	1.25648	1.262
163	-4.41e-06	1.25924	1.25924
164	-4.4e-06	1.25786	1.25648
165	-4.39e-06	1.25786	1.26338
166	-4.38e-06	1.2551	1.25786
167	-4.37e-06	1.25786	1.25648
168	-4.36e-06	1.25786	1.262
169	-4.35e-06	1.25786	1.25924
170	-4.34e-06	1.25786	1.25786
171	-4.33e-06	1.262	1.26338
172	-4.32e-06	1.25648	1.25648
173	-4.31e-06	1.2551	1.262
174	-4.3e-06	1.25372	1.25924
175	-4.29e-06	1.25648	1.25924
176	-4.28e-06	1.2551	1.26476
177	-4.27e-06	1.2551	1.26476
178	-4.26e-06	1.25648	1.25648
179	-4.25e-06	1.25924	1.26338
180	-4.24e-06	1.25648	1.262
181	-4.23e-06	1.25786	1.262
182	-4.22e-06	1.25924	1.25924
183	-4.21e-06	1.25648	1.25786
184	-4.2e-06	1.25648	1.25786
185	-4.19e-06	1.26062	1.25924
186	-4.18e-06	1.25786	1.25924
187	-4.17e-06	1.25786	1.26338
188	-4.16e-06	1.25786	1.25924
189	-4.15e-06	1.25924	1.262
190	-4.14e-06	1.25786	1.262
191	-4.13e-06	1.25372	1.25924
192	-4.12e-06	1.25786	1.262
193	-4.11e-06	1.26062	1.25924
194	-4.1e-06	1.25648	1.25924
195	-4.09e-06	1.2551	1.262
196	-4.08e-06	1.25786	1.25786
197	-4.07e-06	1.25924	1.262
198	-4.06e-06	1.25924	1.262
199	-4.05e-06	1.26338	1.25924
200	-4.04e-06	1.25786	1.262
201	-4.03e-06	1.25648	1.26338
202	-4.02e-06	1.25648	1.25786
203	-4.01e-06	1.26062	1.25786
204	-4e-06	1.25786	1.25924
205	-3.99e-06	1.25786	1.25924
206	-3.98e-06	1.262	1.262
207	-3.97e-06	1.26062	1.25648
208	-3.96e-06	1.25648	1.25924
209	-3.95e-06	1.25648	1.262
210	-3.94e-06	1.25648	1.25648
211	-3.93e-06	1.25786	1.25786
212	-3.92e-06	1.25648	1.25786
213	-3.91e-06	1.25648	1.262
214	-3.9e-06	1.25786	1.25786
215	-3.89e-06	1.25648	1.25786
216	-3.88e-06	1.25372	1.25924
217	-3.87e-06	1.25648	1.262
218	-3.86e-06	1.26062	1.25924
219	-3.85e-06	1.26062	1.25924
220	-3.84e-06	1.25924	1.25924
221	-3.83e-06	1.25786	1.25786
222	-3.82e-06	1.25786	1.25924
223	-3.81e-06	1.25786	1.25786
224	-3.8e-06	1.25372	1.25648
225	-3.79e-06	1.25786	1.26338
226	-3.78e-06	1.25648	1.25786
227	-3.77e-06	1.25786	1.262
228	-3.76e-06	1.25924	1.25786
229	-3.75e-06	1.25648	1.25648
230	-3.74e-06	1.25786	1.25786
231	-3.73e-06	1.25786	1.25924
232	-3.72e-06	1.25924	1.25924
233	-3.71e-06	1.26062	1.262
234	-3.7e-06	1.25786	1.25786
235	-3.69e-06	1.25648	1.25786
236	-3.68e-06	1.25786	1.25924
237	-3.67e-06	1.25786	1.25786
238	-3.66e-06	1.2551	1.262
239	-3.65e-06	1.25786	1.25924
240	-3.64e-06	1.25924	1.25648
241	-3.63e-06	1.25924	1.262
242	-3.62e-06	1.25786	1.25786
243	-3.61e-06	1.25924	1.26338
244	-3.6e-06	1.25924	1.25924
245	-3.59e-06	1.25924	1.25786
246	-3.58e-06	1.25786	1.25924
247	-3.57e-06	1.25786	1.25648
248	-3.56e-06	1.26338	1.25786
249	-3.55e-06	1.25924	1.262
250	-3.54e-06	1.25786	1.25924
251	-3.53e-06	1.25924	1.25924
252	-3.52e-06	1.25786	1.262
253	-3.51e-06	1.25924	1.262
254	-3.5e-06	1.26062	1.262
255	-3.49e-06	1.26062	1.262
256	-3.48e-06	1.25786	1.25924
257	-3.47e-06	1.25924	1.262
258	-3.46e-06	1.25786	1.25924
259	-3.45e-06	1.25648	1.262
260	-3.44e-06	1.25924	1.25924
261	-3.43e-06	1.25648	1.25924
262	-3.42e-06	1.2551	1.25648
263	-3.41e-06	1.25648	1.25786
264	-3.4e-06	1.25096	1.25786
265	-3.39e-06	1.25924	1.26338
266	-3.38e-06	1.25786	1.262
267	-3.37e-06	1.25924	1.25924
268	-3.36e-06	1.26062	1.25786
269	-3.35e-06	1.26062	1.262
270	-3.34e-06	1.25648	1.25924
271	-3.33e-06	1.25786	1.26338
272	-3.32e-06	1.25924	1.26338
273	-3.31e-06	1.2551	1.25924
274	-3.3e-06	1.25648	1.262
275	-3.29e-06	1.26062	1.25786
276	-3.28e-06	1.25924	1.25924
277	-3.27e-06	1.25924	1.26476
278	-3.26e-06	1.25648	1.25924
279	-3.25e-06	1.25786	1.25924
280	-3.24e-06	1.262	1.25924
281	-3.23e-06	1.25924	1.262
282	-3.22e-06	1.25648	1.25924
283	-3.21e-06	1.26338	1.262
284	-3.2e-06	1.25786	1.25924
285	-3.19e-06	1.25786	1.262
286	-3.18e-06	1.25648	1.25786
287	-3.17e-06	1.25786	1.262
288	-3.16e-06	1.25648	1.262
289	-3.15e-06	1.25924	1.25924
290	-3.14e-06	1.25786	1.25924
291	-3.13e-06	1.25786	1.26338
292	-3.12e-06	1.25786	1.25924
293	-3.11e-06	1.25924	1.262
294	-3.1e-06	1.25786	1.25924
295	-3.09e-06	1.25786	1.25786
296	-3.08e-06	1.25786	1.25786
297	-3.07e-06	1.25924	1.26338
298	-3.06e-06	1.25924	1.25924
299	-3.05e-06	1.25648	1.262
300	-3.04e-06	1.2551	1.262
301	-3.03e-06	1.25786	1.25924
302	-3.02e-06	1.262	1.25786
303	-3.01e-06	1.25924	1.26476
304	-3e-06	1.25372	1.262
305	-2.99e-06	1.26062	1.26338
306	-2.98e-06	1.25924	1.25786
307	-2.97e-06	1.25924	1.25786
308	-2.96e-06	1.2551	1.25924
309	-2.95e-06	1.26062	1.262
310	-2.94e-06	1.25372	1.25786
311	-2.93e-06	1.2551	1.26476
312	-2.92e-06	1.25648	1.25786
313	-2.91e-06	1.25786	1.262
314	-2.9e-06	1.25648	1.25786
315	-2.89e-06	1.25648	1.25786
316	-2.88e-06	1.25786	1.25924
317	-2.87e-06	1.25786	1.25924
318	-2.86e-06	1.26062	1.25924
319	-2.85e-06	1.25786	1.262
320	-2.84e-06	1.2551	1.25924
321	-2.83e-06	1.25096	1.25786
322	-2.82e-06	1.25786	1.262
323	-2.81e-06	1.25786	1.25648
324	-2.8e-06	1.2551	1.25786
325	-2.79e-06	1.262	1.26338
326	-2.78e-06	1.25786	1.25924
327	-2.77e-06	1.25924	1.262
328	-2.76e-06	1.25372	1.25786
329	-2.75e-06	1.2551	1.26338
330	-2.74e-06	1.25648	1.25924
331	-2.73e-06	1.25786	1.25924
332	-2.72e-06	1.25924	1.25924
333	-2.71e-06	1.25924	1.25786
334	-2.7e-06	1.25648	1.25786
335	-2.69e-06	1.25648	1.25924
336	-2.68e-06	1.25786	1.25786
337	-2.67e-06	1.25924	1.25786
338	-2.66e-06	1.25648	1.25924
339	-2.65e-06	1.2551	1.25786
340	-2.64e-06	1.25648	1.25924
341	-2.63e-06	1.2551	1.26338
342	-2.62e-06	1.26062	1.25924
343	-2.61e-06	1.25648	1.25924
344	-2.6e-06	1.25648	1.25924
345	-2.59e-06	1.25786	1.262
346	-2.58e-06	1.26062	1.25786
347	-2.57e-06	1.25924	1.25786
348	-2.56e-06	1.25924	1.25786
349	-2.55e-06	1.25924	1.25786
350	-2.54e-06	1.25924	1.25786
351	-2.53e-06	1.26062	1.25924
352	-2.52e-06	1.26062	1.25648
353	-2.51e-06	1.25786	1.25924
354	-2.5e-06	1.24958	1.26338
355	-2.49e-06	1.25648	1.25924
356	-2.48e-06	1.262	1.25786
357	-2.47e-06	1.26062	1.26338
358	-2.46e-06	1.25648	1.262
359	-2.45e-06	1.25786	1.25648
360	-2.44e-06	1.26062	1.25786
361	-2.43e-06	1.26062	1.25786
362	-2.42e-06	1.25648	1.25786
363	-2.41e-06	1.25924	1.25924
364	-2.4e-06	1.25648	1.25648
365	-2.39e-06	1.25924	1.26338
366	-2.38e-06	1.25786	1.25924
367	-2.37e-06	1.25648	1.25924
368	-2.36e-06	1.25786	1.25924
369	-2.35e-06	1.25648	1.25924
370	-2.34e-06	1.26062	1.25924
371	-2.33e-06	1.25786	1.262
372	-2.32e-06	1.25924	1.25786
373	-2.31e-06	1.25924	1.262
374	-2.3e-06	1.25924	1.25924
375	-2.29e-06	1.25924	1.25924
376	-2.28e-06	1.2551	1.262
377	-2.27e-06	1.25648	1.262
378	-2.26e-06	1.25648	1.262
379	-2.25e-06	1.25924	1.25924
380	-2.24e-06	1.2551	1.262
381	-2.23e-06	1.25924	1.26338
382	-2.22e-06	1.25786	1.25924
383	-2.21e-06	1.25648	1.25924
384	-2.2e-06	1.25648	1.26338
385	-2.19e-06	1.25786	1.262
386	-2.18e-06	1.25648	1.262
387	-2.17e-06	1.2551	1.262
388	-2.16e-06	1.25786	1.25924
389	-2.15e-06	1.25924	1.25786
390	-2.14e-06	1.25786	1.26338
391	-2.13e-06	1.25372	1.25648
392	-2.12e-06	1.25786	1.25924
393	-2.11e-06	1.25924	1.26338
394	-2.1e-06	1.25924	1.25924
395	-2.09e-06	1.25786	1.262
396	-2.08e-06	1.25786	1.262
397	-2.07e-06	1.26062	1.26338
398	-2.06e-06	1.2551	1.262
399	-2.05e-06	1.25372	1.26338
400	-2.04e-06	1.2551	1.25786
401	-2.03e-06	1.25786	1.262
402	-2.02e-06	1.25372	1.262
403	-2.01e-06	1.2551	1.25924
404	-2e-06	1.26062	1.26338
405	-1.99e-06	1.25924	1.25924
406	-1.98e-06	1.25648	1.25786
407	-1.97e-06	1.25786	1.26338
408	-1.96e-06	1.25786	1.25924
409	-1.95e-06	1.25924	1.26338
410	-1.94e-06	1.25786	1.25786
411	-1.93e-06	1.25648	1.25924
412	-1.92e-06	1.25786	1.262
413	-1.91e-06	1.25372	1.262
414	-1.9e-06	1.25648	1.25786
415	-1.89e-06	1.25786	1.262
416	-1.88e-06	1.25924	1.25924
417	-1.87e-06	1.25786	1.26476
418	-1.86e-06	1.25372	1.26338
419	-1.85e-06	1.2551	1.25924
420	-1.84e-06	1.25372	1.262
421	-1.83e-06	1.25924	1.262
422	-1.82e-06	1.25648	1.25786
423	-1.81e-06	1.25924	1.262
424	-1.8e-06	1.25648	1.25924
425	-1.79e-06	1.25372	1.262
426	-1.78e-06	1.2551	1.25786
427	-1.77e-06	1.25648	1.25786
428	-1.76e-06	1.2551	1.25924
429	-1.75e-06	1.2551	1.262
430	-1.74e-06	1.25372	1.25786
431	-1.73e-06	1.25786	1.25924
432	-1.72e-06	1.25648	1.25648
433	-1.71e-06	1.2551	1.25786
434	-1.7e-06	1.25648	1.262
435	-1.69e-06	1.25786	1.25924
436	-1.68e-06	1.25648	1.25786
437	-1.67e-06	1.2551	1.262
438	-1.66e-06	1.2551	1.25924
439	-1.65e-06	1.25786	1.25924
440	-1.64e-06	1.25372	1.25924
441	-1.63e-06	1.25648	1.25924
442	-1.62e-06	1.25648	1.25786
443	-1.61e-06	1.25648	1.25786
444	-1.6e-06	1.2551	1.25786
445	-1.59e-06	1.2551	1.25786
446	-1.58e-06	1.25786	1.25648
447	-1.57e-06	1.26062	1.262
448	-1.56e-06	1.2551	1.25648
449	-1.55e-06	1.25786	1.25924
450	-1.54e-06	1.25786	1.25924
451	-1.53e-06	1.25924	1.25786
452	-1.52e-06	1.25924	1.25924
453	-1.51e-06	1.25648	1.25786
454	-1.5e-06	1.25648	1.25924
455	-1.49e-06	1.25786	1.25786
456	-1.48e-06	1.25786	1.25648
457	-1.47e-06	1.25648	1.25924
458	-1.46e-06	1.25924	1.25924
459	-1.45e-06	1.25924	1.25924
460	-1.44e-06	1.25924	1.25786
461	-1.43e-06	1.25924	1.262
462	-1.42e-06	1.25786	1.25924
463	-1.41e-06	1.25786	1.262
464	-1.4e-06	1.25924	1.25786
465	-1.39e-06	1.25786	1.262
466	-1.38e-06	1.25648	1.25924
467	-1.37e-06	1.25786	1.25924
468	-1.36e-06	1.25786	1.25786
469	-1.35e-06	1.25648	1.26338
470	-1.34e-06	1.25648	1.262
471	-1.33e-06	1.25786	1.25786
472	-1.32e-06	1.26062	1.25924
473	-1.31e-06	1.2551	1.25924
474	-1.3e-06	1.25648	1.25924
475	-1.29e-06	1.25786	1.25924
476	-1.28e-06	1.2551	1.262
477	-1.27e-06	1.25924	1.26338
478	-1.26e-06	1.25924	1.25924
479	-1.25e-06	1.25924	1.25786
480	-1.24e-06	1.25786	1.26338
481	-1.23e-06	1.25786	1.262
482	-1.22e-06	1.25648	1.25786
483	-1.21e-06	1.25786	1.25924
484	-1.2e-06	1.25648	1.25786
485	-1.19e-06	1.25786	1.262
486	-1.18e-06	1.25924	1.25924
487	-1.17e-06	1.25924	1.25786
488	-1.16e-06	1.25786	1.262
489	-1.15e-06	1.26062	1.262
490	-1.14e-06	1.2551	1.25648
491	-1.13e-06	1.25924	1.26476
492	-1.12e-06	1.2551	1.2551
493	-1.11e-06	1.25786	1.26476
494	-1.1e-06	1.2551	1.26476
495	-1.09e-06	1.25786	1.25648
496	-1.08e-06	1.25924	1.25786
497	-1.07e-06	1.25786	1.262
498	-1.06e-06	1.26062	1.25786
499	-1.05e-06	1.25786	1.25786
500	-1.04e-06	1.25786	1.26338
501	-1.03e-06	1.25786	1.26338
502	-1.02e-06	1.25786	1.25924
503	-1.01e-06	1.25924	1.25924
504	-1e-06	1.25372	1.25924
505	-9.9e-07	1.2551	1.25924
506	-9.8e-07	1.25786	1.25924
507	-9.7e-07	1.25924	1.25924
508	-9.6e-07	1.25096	1.25786
509	-9.5e-07	1.25648	1.25924
510	-9.4e-07	1.25786	1.25648
511	-9.3e-07	1.25786	1.262
512	-9.2e-07	1.25372	1.25924
513	-9.1e-07	1.25648	1.26338
514	-9e-07	1.25648	1.25786
515	-8.9e-07	1.25786	1.25648
516	-8.8e-07	1.25372	1.25786
517	-8.7e-07	1.25786	1.262
518	-8.6e-07	1.25648	1.25924
519	-8.5e-07	1.25648	1.25924
520	-8.4e-07	1.25372	1.25924
521	-8.3e-07	1.2551	1.262
522	-8.2e-07	1.25372	1.25786
523	-8.1e-07	1.25786	1.25786
524	-8e-07	1.25786	1.25786
525	-7.9e-07	1.25924	1.262
526	-7.8e-07	1.2551	1.25786
527	-7.7e-07	1.25372	1.25924
528	-7.6e-07	1.2551	1.25924
529	-7.5e-07	1.2551	1.262
530	-7.4e-07	1.2551	1.25924
531	-7.3e-07	1.25786	1.26338
532	-7.2e-07	1.25648	1.25648
533	-7.1e-07	1.25648	1.262
534	-7e-07	1.25924	1.25786
535	-6.9e-07	1.25648	1.25786
536	-6.8e-07	1.2551	1.262
537	-6.7e-07	1.25648	1.25924
538	-6.6e-07	1.25096	1.25786
539	-6.5e-07	1.25372	1.25924
540	-6.4e-07	1.2551	1.25372
541	-6.3e-07	1.25096	1.24544
542	-6.2e-07	1.2551	1.27718
543	-6.1e-07	1.25786	1.27304
544	-6e-07	1.25372	1.25372
545	-5.9e-07	1.26614	1.2689
546	-5.8e-07	1.25786	1.25648
547	-5.7e-07	1.25786	1.25648
548	-5.6e-07	1.25924	1.26338
549	-5.5e-07	1.25648	1.24958
550	-5.4e-07	1.25924	1.26476
551	-5.3e-07	1.25786	1.26614
552	-5.2e-07	1.2551	1.25648
553	-5.1e-07	1.25924	1.26614
554	-5e-07	1.2551	1.25372
555	-4.9e-07	1.25096	1.25096
556	-4.8e-07	1.262	1.26614
557	-4.7e-07	1.2551	1.2551
558	-4.6e-07	1.25924	1.262
559	-4.5e-07	1.25924	1.262
560	-4.4e-07	1.2551	1.25372
561	-4.3e-07	1.26338	1.2758
562	-4.2e-07	1.2551	1.24682
563	-4.1e-07	1.25924	1.24406
564	-4e-07	1.26338	1.2689
565	-3.9e-07	1.24958	1.2551
566	-3.8e-07	1.25648	1.262
567	-3.7e-07	1.25924	1.2689
568	-3.6e-07	1.25096	1.25372
569	-3.5e-07	1.25786	1.2689
570	-3.4e-07	1.25786	1.262
571	-3.3e-07	1.25648	1.25096
572	-3.2e-07	1.25786	1.262
573	-3.1e-07	1.2551	1.25786
574	-3e-07	1.2551	1.25648
575	-2.9e-07	1.25648	1.26614
576	-2.8e-07	1.25372	1.2551
577	-2.7e-07	1.25924	1.262
578	-2.6e-07	1.25786	1.262
579	-2.5e-07	1.2551	1.25648
580	-2.4e-07	1.25648	1.262
581	-2.3e-07	1.25786	1.262
582	-2.2e-07	1.26062	1.25648
583	-2.1e-07	1.25648	1.262
584	-2e-07	1.25372	1.25924
585	-1.9e-07	1.25924	1.25924
586	-1.8e-07	1.25924	1.25924
587	-1.7e-07	1.25648	1.25924
588	-1.6e-07	1.25648	1.25786
589	-1.5e-07	1.25786	1.26338
590	-1.4e-07	1.25648	1.25786
591	-1.3e-07	1.25786	1.25648
592	-1.2e-07	1.25786	1.25924
593	-1.1e-07	1.25372	1.25924
594	-1e-07	1.25648	1.25786
595	-9e-08	1.25786	1.25786
596	-8e-08	1.262	1.25924
597	-7e-08	1.25924	1.26338
598	-6e-08	1.25096	1.25648
599	-5e-08	1.25786	1.262
600	-4e-08	1.2551	1.25924
601	-3e-08	1.25096	1.25924
602	-2e-08	1.26338	1.262
603	-1e-08	1.23992	1.25786
604	0	1.28132	1.2689
605	1e-08	1.46762	1.26338
606	2e-08	1.53524	1.2482
607	3e-08	1.49246	1.27028
608	4e-08	1.49522	1.26752
609	5e-08	1.50902	1.24958
610	6e-08	1.50488	1.27304
611	7e-08	1.50488	1.26614
612	8e-08	1.50488	1.25786
613	9e-08	1.50902	1.27718
614	1e-07	1.50212	1.26338
615	1.1e-07	1.50764	1.26614
616	1.2e-07	1.50764	1.27856
617	1.3e-07	1.50074	1.26752
618	1.4e-07	1.50764	1.27718
619	1.5e-07	1.50212	1.27718
620	1.6e-07	1.49798	1.27028
621	1.7e-07	1.5104	1.28408
622	1.8e-07	1.50902	1.27442
623	1.9e-07	1.50212	1.27442
624	2e-07	1.50902	1.28684
625	2.1e-07	1.50488	1.27718
626	2.2e-07	1.50488	1.28408
627	2.3e-07	1.50626	1.28684
628	2.4e-07	1.49936	1.27856
629	2.5e-07	1.50902	1.29236
630	2.6e-07	1.50488	1.28408
631	2.7e-07	1.50074	1.27028
632	2.8e-07	1.51178	1.30754
633	2.9e-07	1.5104	1.3034
634	3e-07	1.50626	1.2827
635	3.1e-07	1.51592	1.29926
636	3.2e-07	1.50626	1.29374
637	3.3e-07	1.50764	1.29374
638	3.4e-07	1.5104	1.3034
639	3.5e-07	1.50488	1.28822
640	3.6e-07	1.50764	1.29374
641	3.7e-07	1.50764	1.30478
642	3.8e-07	1.50212	1.29788
643	3.9e-07	1.50764	1.30478
644	4e-07	1.50764	1.3103
645	4.1e-07	1.50626	1.29236
646	4.2e-07	1.50626	1.28546
647	4.3e-07	1.51178	1.30478
648	4.4e-07	1.49798	1.30202
649	4.5e-07	1.50212	1.30478
650	4.6e-07	1.50212	1.30892
651	4.7e-07	1.50488	1.3034
652	4.8e-07	1.50626	1.31168
653	4.9e-07	1.5104	1.3103
654	5e-07	1.50626	1.3034
655	5.1e-07	1.5104	1.30616
656	5.2e-07	1.50764	1.30616
657	5.3e-07	1.50626	1.30892
658	5.4e-07	1.50488	1.31306
659	5.5e-07	1.50764	1.30892
660	5.6e-07	1.50902	1.30892
661	5.7e-07	1.50626	1.31168
662	5.8e-07	1.50626	1.30892
663	5.9e-07	1.50626	1.31306
664	6e-07	1.50902	1.31306
665	6.1e-07	1.50626	1.31168
666	6.2e-07	1.50764	1.31582
667	6.3e-07	1.50902	1.31582
668	6.4e-07	1.50626	1.31444
669	6.5e-07	1.50902	1.3172
670	6.6e-07	1.50488	1.31306
671	6.7e-07	1.50212	1.31582
672	6.8e-07	1.50764	1.3172
673	6.9e-07	1.50626	1.3241
674	7e-07	1.50764	1.32824
675	7.1e-07	1.50212	1.3034
676	7.2e-07	1.5104	1.3172
677	7.3e-07	1.5104	1.3241
678	7.4e-07	1.50212	1.31306
679	7.5e-07	1.5104	1.32548
680	7.6e-07	1.50764	1.32134
681	7.7e-07	1.50626	1.31858
682	7.8e-07	1.5104	1.32548
683	7.9e-07	1.50764	1.31444
684	8e-07	1.49936	1.31306
685	8.1e-07	1.50764	1.34618
686	8.2e-07	1.50212	1.31582
687	8.3e-07	1.50074	1.3241
688	8.4e-07	1.5104	1.33376
689	8.5e-07	1.49936	1.31582
690	8.6e-07	1.51316	1.32824
691	8.7e-07	1.50764	1.32686
692	8.8e-07	1.50212	1.31582
693	8.9e-07	1.50902	1.33514
694	9e-07	1.50074	1.3241
695	9.1e-07	1.50488	1.32824
696	9.2e-07	1.50902	1.33376
697	9.3e-07	1.50488	1.32134
698	9.4e-07	1.50764	1.33514
699	9.5e-07	1.5104	1.32962
700	9.6e-07	1.50488	1.3241
701	9.7e-07	1.51316	1.34204
702	9.8e-07	1.50902	1.32686
703	9.9e-07	1.50764	1.33238
704	1e-06	1.50902	1.3379
705	1.01e-06	1.50074	1.32962
706	1.02e-06	1.5104	1.33652
707	1.03e-06	1.50626	1.33238
708	1.04e-06	1.50626	1.32962
709	1.05e-06	1.50902	1.33928
710	1.06e-06	1.50212	1.33238
711	1.07e-06	1.50902	1.33514
712	1.08e-06	1.50764	1.3379
713	1.09e-06	1.50488	1.33238
714	1.1e-06	1.50902	1.33652
715	1.11e-06	1.50764	1.33928
716	1.12e-06	1.50212	1.33238
717	1.13e-06	1.50764	1.34204
718	1.14e-06	1.50764	1.3379
719	1.15e-06	1.50764	1.33514
720	1.16e-06	1.50212	1.33928
721	1.17e-06	1.50212	1.3379
722	1.18e-06	1.50212	1.33652
723	1.19e-06	1.50764	1.34342
724	1.2e-06	1.50626	1.34204
725	1.21e-06	1.50902	1.34342
726	1.22e-06	1.50626	1.34204
727	1.23e-06	1.50902	1.33928
728	1.24e-06	1.50902	1.34204
729	1.25e-06	1.5104	1.34342
730	1.26e-06	1.5104	1.3448
731	1.27e-06	1.50764	1.34342
732	1.28e-06	1.50488	1.34342
733	1.29e-06	1.50764	1.3448
734	1.3e-06	1.50764	1.34342
735	1.31e-06	1.50902	1.3448
736	1.32e-06	1.50626	1.34618
737	1.33e-06	1.50626	1.3448
738	1.34e-06	1.50902	1.34342
739	1.35e-06	1.50626	1.34756
740	1.36e-06	1.50488	1.35032
741	1.37e-06	1.50902	1.34894
742	1.38e-06	1.50902	1.34618
743	1.39e-06	1.50764	1.34756
744	1.4e-06	1.50764	1.34756
745	1.41e-06	1.50488	1.3517
746	1.42e-06	1.50212	1.3517
747	1.43e-06	1.50626	1.34894
748	1.44e-06	1.50764	1.34756
749	1.45e-06	1.50764	1.35032
750	1.46e-06	1.50212	1.35032
751	1.47e-06	1.51178	1.35032
752	1.48e-06	1.50488	1.34894
753	1.49e-06	1.50626	1.35446
754	1.5e-06	1.50902	1.3517
755	1.51e-06	1.50626	1.3517
756	1.52e-06	1.50626	1.35308
757	1.53e-06	1.50764	1.35446
758	1.54e-06	1.50764	1.3517
759	1.55e-06	1.50764	1.35446
760	1.56e-06	1.50764	1.35446
761	1.57e-06	1.50626	1.35446
762	1.58e-06	1.50902	1.35722
763	1.59e-06	1.50488	1.35308
764	1.6e-06	1.50626	1.35446
765	1.61e-06	1.50902	1.35584
766	1.62e-06	1.50626	1.35308
767	1.63e-06	1.50764	1.35722
768	1.64e-06	1.50488	1.35446
769	1.65e-06	1.50212	1.35722
770	1.66e-06	1.50074	1.35722
771	1.67e-06	1.50902	1.35722
772	1.68e-06	1.50902	1.35722
773	1.69e-06	1.50626	1.3586
774	1.7e-06	1.50488	1.33928
775	1.71e-06	1.50626	1.36136
776	1.72e-06	1.50764	1.38482
777	1.73e-06	1.50212	1.35446
778	1.74e-06	1.5104	1.36136
779	1.75e-06	1.5104	1.36688
780	1.76e-06	1.50488	1.3517
781	1.77e-06	1.5104	1.3655
782	1.78e-06	1.50764	1.35446
783	1.79e-06	1.50764	1.3517
784	1.8e-06	1.50764	1.36826
785	1.81e-06	1.50074	1.36412
786	1.82e-06	1.50764	1.36274
787	1.83e-06	1.51316	1.37516
788	1.84e-06	1.50626	1.3586
789	1.85e-06	1.50212	1.34618
790	1.86e-06	1.50764	1.3586
791	1.87e-06	1.50626	1.3655
792	1.88e-06	1.50212	1.35722
793	1.89e-06	1.50902	1.3724
794	1.9e-06	1.50764	1.36412
795	1.91e-06	1.50626	1.3655
796	1.92e-06	1.50902	1.37102
797	1.93e-06	1.50212	1.3586
798	1.94e-06	1.50626	1.36412
799	1.95e-06	1.50902	1.3655
800	1.96e-06	1.50626	1.3586
801	1.97e-06	1.50902	1.3724
802	1.98e-06	1.50626	1.36826
803	1.99e-06	1.5104	1.36688
804	2e-06	1.50902	1.37102
805	2.01e-06	1.50764	1.3655
806	2.02e-06	1.50902	1.36826
807	2.03e-06	1.51178	1.36964
808	2.04e-06	1.50764	1.36412
809	2.05e-06	1.50902	1.37102
810	2.06e-06	1.50764	1.37102
811	2.07e-06	1.50764	1.36826
812	2.08e-06	1.50764	1.3724
813	2.09e-06	1.5104	1.3724
814	2.1e-06	1.51178	1.36964
815	2.11e-06	1.50764	1.37102
816	2.12e-06	1.50902	1.37378
817	2.13e-06	1.50902	1.3862
818	2.14e-06	1.50902	1.35722
819	2.15e-06	1.50626	1.36274
820	2.16e-06	1.51316	1.38206
821	2.17e-06	1.50488	1.36688
822	2.18e-06	1.50902	1.37516
823	2.19e-06	1.50764	1.38068
824	2.2e-06	1.49936	1.36964
825	2.21e-06	1.50902	1.38206
826	2.22e-06	1.50764	1.37654
827	2.23e-06	1.50074	1.35308
828	2.24e-06	1.50626	1.39034
829	2.25e-06	1.50764	1.38068
830	2.26e-06	1.49936	1.36688
831	2.27e-06	1.51592	1.38896
832	2.28e-06	1.50488	1.3724
833	2.29e-06	1.50902	1.37516
834	2.3e-06	1.5104	1.38344
835	2.31e-06	1.49798	1.36826
836	2.32e-06	1.5104	1.38344
837	2.33e-06	1.50764	1.38344
838	2.34e-06	1.50212	1.37378
839	2.35e-06	1.51178	1.3862
840	2.36e-06	1.50488	1.37654
841	2.37e-06	1.50626	1.37516
842	2.38e-06	1.50902	1.38482
843	2.39e-06	1.50764	1.37516
844	2.4e-06	1.50212	1.37792
845	2.41e-06	1.50764	1.38758
846	2.42e-06	1.50626	1.38068
847	2.43e-06	1.50764	1.3862
848	2.44e-06	1.50764	1.38482
849	2.45e-06	1.50488	1.38068
850	2.46e-06	1.50902	1.38482
851	2.47e-06	1.50902	1.38344
852	2.48e-06	1.50488	1.38344
853	2.49e-06	1.50764	1.39034
854	2.5e-06	1.50902	1.38482
855	2.51e-06	1.50764	1.3862
856	2.52e-06	1.50902	1.38482
857	2.53e-06	1.50902	1.38206
858	2.54e-06	1.50764	1.38758
859	2.55e-06	1.50902	1.3862
860	2.56e-06	1.50488	1.38206
861	2.57e-06	1.50764	1.38896
862	2.58e-06	1.50488	1.3862
863	2.59e-06	1.50764	1.38482
864	2.6e-06	1.5104	1.38896
865	2.61e-06	1.50626	1.3862
866	2.62e-06	1.50902	1.38758
867	2.63e-06	1.51178	1.38482
868	2.64e-06	1.5104	1.3862
869	2.65e-06	1.50902	1.38896
870	2.66e-06	1.50212	1.38482
871	2.67e-06	1.50764	1.38896
872	2.68e-06	1.50902	1.38896
873	2.69e-06	1.50626	1.38482
874	2.7e-06	1.50488	1.39034
875	2.71e-06	1.50488	1.39034
876	2.72e-06	1.50902	1.38758
877	2.73e-06	1.5104	1.39034
878	2.74e-06	1.50902	1.38758
879	2.75e-06	1.50902	1.38896
880	2.76e-06	1.50626	1.38896
881	2.77e-06	1.50488	1.38896
882	2.78e-06	1.51178	1.39034
883	2.79e-06	1.50902	1.3931
884	2.8e-06	1.50626	1.39172
885	2.81e-06	1.50488	1.39172
886	2.82e-06	1.50626	1.39172
887	2.83e-06	1.50626	1.3931
888	2.84e-06	1.50488	1.39172
889	2.85e-06	1.5104	1.39172
890	2.86e-06	1.50902	1.39034
891	2.87e-06	1.50626	1.3931
892	2.88e-06	1.50626	1.39586
893	2.89e-06	1.50626	1.39448
894	2.9e-06	1.50764	1.39586
895	2.91e-06	1.50764	1.3931
896	2.92e-06	1.50902	1.39448
897	2.93e-06	1.50902	1.39724
898	2.94e-06	1.50902	1.39172
899	2.95e-06	1.50626	1.39724
900	2.96e-06	1.50488	1.39586
901	2.97e-06	1.50488	1.39586
902	2.98e-06	1.50626	1.39448
903	2.99e-06	1.5104	1.39586
904	3e-06	1.50764	1.39172
905	3.01e-06	1.50626	1.40138
906	3.02e-06	1.50626	1.39448
907	3.03e-06	1.50488	1.39586
908	3.04e-06	1.51178	1.39724
909	3.05e-06	1.50764	1.39586
910	3.06e-06	1.50626	1.39586
911	3.07e-06	1.50764	1.40138
912	3.08e-06	1.50626	1.39448
913	3.09e-06	1.51316	1.4
914	3.1e-06	1.51178	1.39586
915	3.11e-06	1.50212	1.39724
916	3.12e-06	1.50626	1.40276
917	3.13e-06	1.50902	1.40138
918	3.14e-06	1.50764	1.4
919	3.15e-06	1.50902	1.4
920	3.16e-06	1.50626	1.39724
921	3.17e-06	1.51178	1.40414
922	3.18e-06	1.50764	1.40138
923	3.19e-06	1.50764	1.40138
924	3.2e-06	1.50764	1.40414
925	3.21e-06	1.50626	1.40138
926	3.22e-06	1.50902	1.40414
927	3.23e-06	1.50626	1.40552
928	3.24e-06	1.50488	1.40552
929	3.25e-06	1.5104	1.4069
930	3.26e-06	1.50902	1.40276
931	3.27e-06	1.50626	1.40414
932	3.28e-06	1.50764	1.40414
933	3.29e-06	1.50626	1.40138
934	3.3e-06	1.50764	1.40828
935	3.31e-06	1.50764	1.40414
936	3.32e-06	1.5104	1.40138
937	3.33e-06	1.50764	1.4069
938	3.34e-06	1.50488	1.40552
939	3.35e-06	1.50902	1.40552
940	3.36e-06	1.50488	1.4069
941	3.37e-06	1.50626	1.4069
942	3.38e-06	1.50488	1.40276
943	3.39e-06	1.50764	1.40552
944	3.4e-06	1.50488	1.4069
945	3.41e-06	1.50902	1.40828
946	3.42e-06	1.50488	1.40828
947	3.43e-06	1.50212	1.40966
948	3.44e-06	1.50626	1.40828
949	3.45e-06	1.50764	1.40966
950	3.46e-06	1.5104	1.40828
951	3.47e-06	1.5104	1.40828
952	3.48e-06	1.50764	1.40828
953	3.49e-06	1.50626	1.40966
954	3.5e-06	1.50764	1.40966
955	3.51e-06	1.50626	1.40966
956	3.52e-06	1.50764	1.41104
957	3.53e-06	1.5104	1.41242
958	3.54e-06	1.50626	1.41104
959	3.55e-06	1.50902	1.41104
960	3.56e-06	1.50764	1.41104
961	3.57e-06	1.50212	1.41104
962	3.58e-06	1.50764	1.40966
963	3.59e-06	1.50902	1.41104
964	3.6e-06	1.50902	1.41104
965	3.61e-06	1.50902	1.41242
966	3.62e-06	1.50764	1.41104
967	3.63e-06	1.50902	1.4138
968	3.64e-06	1.50902	1.4138
969	3.65e-06	1.50626	1.41518
970	3.66e-06	1.50764	1.41518
971	3.67e-06	1.50902	1.4138
972	3.68e-06	1.50764	1.41242
973	3.69e-06	1.50626	1.41242
974	3.7e-06	1.50902	1.41518
975	3.71e-06	1.50626	1.41242
976	3.72e-06	1.50626	1.4138
977	3.73e-06	1.50626	1.41656
978	3.74e-06	1.50764	1.4138
979	3.75e-06	1.50764	1.41518
980	3.76e-06	1.50212	1.4138
981	3.77e-06	1.50626	1.41518
982	3.78e-06	1.50626	1.41656
983	3.79e-06	1.5104	1.41656
984	3.8e-06	1.50902	1.4207
985	3.81e-06	1.50764	1.4207
986	3.82e-06	1.50764	1.41656
987	3.83e-06	1.50626	1.41518
988	3.84e-06	1.50488	1.41656
989	3.85e-06	1.50764	1.4207
990	3.86e-06	1.50902	1.41656
991	3.87e-06	1.5104	1.41656
992	3.88e-06	1.50902	1.41518
993	3.89e-06	1.50764	1.41794
994	3.9e-06	1.50902	1.41794
995	3.91e-06	1.50626	1.41794
996	3.92e-06	1.50626	1.41656
997	3.93e-06	1.50488	1.41794
998	3.94e-06	1.50764	1.41794
999	3.95e-06	1.50626	1.41656
1000	3.96e-06	1.50212	1.4207
1001	3.97e-06	1.50764	1.42346
1002	3.98e-06	1.50764	1.42208
1003	3.99e-06	1.50626	1.42208
1004	4e-06	1.50626	1.4207
1005	4.01e-06	1.50488	1.42346
1006	4.02e-06	1.50212	1.4207
1007	4.03e-06	1.50212	1.42208
1008	4.04e-06	1.50626	1.42346
1009	4.05e-06	1.5104	1.42346
1010	4.06e-06	1.50626	1.42346
1011	4.07e-06	1.50488	1.42484
1012	4.08e-06	1.50488	1.42346
1013	4.09e-06	1.50764	1.42346
1014	4.1e-06	1.50488	1.4207
1015	4.11e-06	1.50626	1.42208
1016	4.12e-06	1.50764	1.42208
1017	4.13e-06	1.50764	1.42622
1018	4.14e-06	1.50488	1.42484
1019	4.15e-06	1.51178	1.42484
1020	4.16e-06	1.50764	1.42484
1021	4.17e-06	1.50764	1.42484
1022	4.18e-06	1.50764	1.4276
1023	4.19e-06	1.50764	1.42484
1024	4.2e-06	1.50764	1.42484
1025	4.21e-06	1.50626	1.42898
1026	4.22e-06	1.50764	1.42622
1027	4.23e-06	1.5104	1.42622
1028	4.24e-06	1.50488	1.4276
1029	4.25e-06	1.50764	1.42622
1030	4.26e-06	1.50764	1.42622
1031	4.27e-06	1.51178	1.42622
1032	4.28e-06	1.50626	1.42208
1033	4.29e-06	1.50764	1.42898
1034	4.3e-06	1.50902	1.4276
1035	4.31e-06	1.50626	1.42484
1036	4.32e-06	1.50212	1.43036
1037	4.33e-06	1.50764	1.42622
1038	4.34e-06	1.50764	1.42622
1039	4.35e-06	1.50764	1.43036
1040	4.36e-06	1.50902	1.4276
1041	4.37e-06	1.50626	1.43036
1042	4.38e-06	1.50626	1.43174
1043	4.39e-06	1.50764	1.42898
1044	4.4e-06	1.50902	1.42898
1045	4.41e-06	1.50764	1.43174
1046	4.42e-06	1.50488	1.42898
1047	4.43e-06	1.50764	1.43036
1048	4.44e-06	1.50764	1.43036
1049	4.45e-06	1.50626	1.42898
1050	4.46e-06	1.50212	1.43174
1051	4.47e-06	1.5104	1.43174
1052	4.48e-06	1.50626	1.42898
1053	4.49e-06	1.50764	1.43312
1054	4.5e-06	1.50764	1.42898
1055	4.51e-06	1.5104	1.43174
1056	4.52e-06	1.49936	1.43174
1057	4.53e-06	1.50488	1.4345
1058	4.54e-06	1.50212	1.43312
1059	4.55e-06	1.50488	1.43312
1060	4.56e-06	1.50626	1.43174
1061	4.57e-06	1.50626	1.43312
1062	4.58e-06	1.50764	1.43036
1063	4.59e-06	1.50764	1.43174
1064	4.6e-06	1.50764	1.42898
1065	4.61e-06	1.50764	1.43312
1066	4.62e-06	1.50626	1.43312
1067	4.63e-06	1.50764	1.4345
1068	4.64e-06	1.5104	1.43312
1069	4.65e-06	1.50488	1.43588
1070	4.66e-06	1.50488	1.43174
1071	4.67e-06	1.50626	1.43588
1072	4.68e-06	1.50488	1.43312
1073	4.69e-06	1.50902	1.43588
1074	4.7e-06	1.50764	1.4345
1075	4.71e-06	1.5104	1.43588
1076	4.72e-06	1.50626	1.43312
1077	4.73e-06	1.50764	1.43588
1078	4.74e-06	1.50764	1.43588
1079	4.75e-06	1.50764	1.4345
1080	4.76e-06	1.50488	1.43726
1081	4.77e-06	1.5104	1.43588
1082	4.78e-06	1.5104	1.43588
1083	4.79e-06	1.50902	1.43726
1084	4.8e-06	1.50902	1.43588
1085	4.81e-06	1.51178	1.44002
1086	4.82e-06	1.50764	1.43726
1087	4.83e-06	1.50488	1.43726
1088	4.84e-06	1.50902	1.43726
1089	4.85e-06	1.50902	1.43588
1090	4.86e-06	1.50626	1.43588
1091	4.87e-06	1.50764	1.44002
1092	4.88e-06	1.50488	1.43726
1093	4.89e-06	1.50902	1.4414
1094	4.9e-06	1.50902	1.44002
1095	4.91e-06	1.51178	1.43726
1096	4.92e-06	1.50902	1.43726
1097	4.93e-06	1.5104	1.44002
1098	4.94e-06	1.50902	1.44002
1099	4.95e-06	1.50764	1.44002
1100	4.96e-06	1.50488	1.43588
1101	4.97e-06	1.50488	1.44278
1102	4.98e-06	1.50626	1.44278
1103	4.99e-06	1.50764	1.43726
1104	5e-06	1.50902	1.43726
1105	5.01e-06	1.50902	1.44002
1106	5.02e-06	1.51178	1.44278
1107	5.03e-06	1.50902	1.4414
1108	5.04e-06	1.50212	1.44002
1109	5.05e-06	1.50626	1.44278
1110	5.06e-06	1.50488	1.44002
1111	5.07e-06	1.50764	1.44002
1112	5.08e-06	1.50764	1.44278
1113	5.09e-06	1.50902	1.44278
1114	5.1e-06	1.50488	1.4414
1115	5.11e-06	1.50626	1.44278
1116	5.12e-06	1.50626	1.4414
1117	5.13e-06	1.50902	1.4414
1118	5.14e-06	1.50488	1.44002
1119	5.15e-06	1.50626	1.44278
1120	5.16e-06	1.50902	1.44278
1121	5.17e-06	1.50626	1.44278
1122	5.18e-06	1.50764	1.44278
1123	5.19e-06	1.5104	1.44416
1124	5.2e-06	1.50902	1.44416
1125	5.21e-06	1.50212	1.44554
1126	5.22e-06	1.5104	1.44278
1127	5.23e-06	1.50212	1.44002
1128	5.24e-06	1.50626	1.44416
1129	5.25e-06	1.5104	1.44416
1130	5.26e-06	1.50764	1.44416
1131	5.27e-06	1.50902	1.44416
1132	5.28e-06	1.50626	1.44278
1133	5.29e-06	1.50488	1.44416
1134	5.3e-06	1.50488	1.44554
1135	5.31e-06	1.5104	1.44416
1136	5.32e-06	1.50488	1.44278
1137	5.33e-06	1.50764	1.44416
1138	5.34e-06	1.50764	1.44278
1139	5.35e-06	1.50212	1.44416
1140	5.36e-06	1.50626	1.44554
1141	5.37e-06	1.50902	1.44554
1142	5.38e-06	1.50764	1.44554
1143	5.39e-06	1.50074	1.44692
1144	5.4e-06	1.50764	1.44554
1145	5.41e-06	1.50626	1.4483
1146	5.42e-06	1.50488	1.4483
1147	5.43e-06	1.50764	1.4483
1148	5.44e-06	1.50902	1.44554
1149	5.45e-06	1.51178	1.4483
1150	5.46e-06	1.50488	1.44554
1151	5.47e-06	1.50764	1.44692
1152	5.48e-06	1.50488	1.44692
1153	5.49e-06	1.50764	1.44968
1154	5.5e-06	1.50626	1.4483
1155	5.51e-06	1.51178	1.44554
1156	5.52e-06	1.50902	1.44554
1157	5.53e-06	1.50764	1.44968
1158	5.54e-06	1.50902	1.4483
1159	5.55e-06	1.50626	1.4483
1160	5.56e-06	1.50902	1.45106
1161	5.57e-06	1.50902	1.44692
1162	5.58e-06	1.5104	1.4483
1163	5.59e-06	1.50902	1.4483
1164	5.6e-06	1.50626	1.44692
1165	5.61e-06	1.50764	1.45244
1166	5.62e-06	1.50764	1.45106
1167	5.63e-06	1.50902	1.44968
1168	5.64e-06	1.5104	1.45106
1169	5.65e-06	1.50626	1.4483
1170	5.66e-06	1.50764	1.4483
1171	5.67e-06	1.50626	1.44968
1172	5.68e-06	1.50626	1.44968
1173	5.69e-06	1.50902	1.45106
1174	5.7e-06	1.50902	1.44968
1175	5.71e-06	1.50902	1.45244
1176	5.72e-06	1.50488	1.44968
1177	5.73e-06	1.50488	1.45106
1178	5.74e-06	1.50626	1.44968
1179	5.75e-06	1.50488	1.45106
1180	5.76e-06	1.50764	1.44968
1181	5.77e-06	1.50764	1.45244
1182	5.78e-06	1.50626	1.45382
1183	5.79e-06	1.50902	1.45244
1184	5.8e-06	1.50488	1.45244
1185	5.81e-06	1.50902	1.45382
1186	5.82e-06	1.50212	1.45106
1187	5.83e-06	1.50626	1.45244
1188	5.84e-06	1.50212	1.45382
1189	5.85e-06	1.50902	1.45244
1190	5.86e-06	1.50488	1.45244
1191	5.87e-06	1.5104	1.45244
1192	5.88e-06	1.50488	1.44968
1193	5.89e-06	1.50626	1.45382
1194	5.9e-06	1.50626	1.45106
1195	5.91e-06	1.50764	1.45244
1196	5.92e-06	1.50626	1.45382
1197	5.93e-06	1.50902	1.4552
1198	5.94e-06	1.50488	1.45382
1199	5.95e-06	1.50902	1.45244
1200	5.96e-06	1.50902	1.45244
1201	5.97e-06	1.50902	1.45382
1202	5.98e-06	1.50626	1.45382
1203	5.99e-06	1.50902	1.45382
1204	6e-06	1.50902	1.45382
1205	6.01e-06	1.5104	1.45658
1206	6.02e-06	1.50488	1.45382
1207	6.03e-06	1.50626	1.45382
1208	6.04e-06	1.50626	1.4552
1209	6.05e-06	1.50902	1.45658
1210	6.06e-06	1.50488	1.4552
1211	6.07e-06	1.50902	1.45658
1212	6.08e-06	1.50764	1.45382
1213	6.09e-06	1.51178	1.45658
1214	6.1e-06	1.50212	1.45382
1215	6.11e-06	1.50764	1.45382
1216	6.12e-06	1.50626	1.4552
1217	6.13e-06	1.50488	1.45934
1218	6.14e-06	1.50764	1.4552
1219	6.15e-06	1.50074	1.45382
1220	6.16e-06	1.50902	1.4552
1221	6.17e-06	1.50902	1.4552
1222	6.18e-06	1.50764	1.45244
1223	6.19e-06	1.50764	1.45934
1224	6.2e-06	1.50764	1.45244
1225	6.21e-06	1.50626	1.4552
1226	6.22e-06	1.51178	1.45658
1227	6.23e-06	1.50764	1.45244
1228	6.24e-06	1.50626	1.45934
1229	6.25e-06	1.5104	1.4552
1230	6.26e-06	1.50626	1.45382
1231	6.27e-06	1.50626	1.45934
1232	6.28e-06	1.50626	1.4552
1233	6.29e-06	1.50764	1.46072
1234	6.3e-06	1.50626	1.45934
1235	6.31e-06	1.50902	1.45658
1236	6.32e-06	1.50626	1.46072
1237	6.33e-06	1.51178	1.46072
1238	6.34e-06	1.50902	1.45658
1239	6.35e-06	1.5104	1.45934
1240	6.36e-06	1.5104	1.4621
1241	6.37e-06	1.51178	1.45934
1242	6.38e-06	1.50902	1.46072
1243	6.39e-06	1.50902	1.45934
1244	6.4e-06	1.50626	1.4552
1245	6.41e-06	1.50902	1.46072
1246	6.42e-06	1.5104	1.45658
1247	6.43e-06	1.50488	1.45934
1248	6.44e-06	1.50074	1.45658
1249	6.45e-06	1.50488	1.46348
1250	6.46e-06	1.50764	1.4621
1251	6.47e-06	1.50902	1.46072
1252	6.48e-06	1.50764	1.45658
1253	6.49e-06	1.50764	1.46072
1254	6.5e-06	1.50764	1.45934
1255	6.51e-06	1.50626	1.4621
1256	6.52e-06	1.50626	1.4621
1257	6.53e-06	1.50764	1.4621
1258	6.54e-06	1.50626	1.4621
1259	6.55e-06	1.50626	1.4621
1260	6.56e-06	1.50902	1.4621
1261	6.57e-06	1.50902	1.46348
1262	6.58e-06	1.5104	1.4621
1263	6.59e-06	1.5104	1.4621
1264	6.6e-06	1.50764	1.4621
1265	6.61e-06	1.50902	1.46072
1266	6.62e-06	1.50764	1.46072
1267	6.63e-06	1.50764	1.4621
1268	6.64e-06	1.50626	1.46348
1269	6.65e-06	1.50626	1.46348
1270	6.66e-06	1.5104	1.46348
1271	6.67e-06	1.50626	1.45934
1272	6.68e-06	1.50902	1.4621
1273	6.69e-06	1.50626	1.4621
1274	6.7e-06	1.50902	1.4621
1275	6.71e-06	1.51178	1.4621
1276	6.72e-06	1.50902	1.4621
1277	6.73e-06	1.50902	1.46348
1278	6.74e-06	1.5104	1.46624
1279	6.75e-06	1.50764	1.46072
1280	6.76e-06	1.50902	1.46348
1281	6.77e-06	1.50902	1.4621
1282	6.78e-06	1.50074	1.46072
1283	6.79e-06	1.50764	1.46624
1284	6.8e-06	1.50902	1.4621
1285	6.81e-06	1.50902	1.46624
1286	6.82e-06	1.50902	1.46486
1287	6.83e-06	1.50488	1.46486
1288	6.84e-06	1.50764	1.46486
1289	6.85e-06	1.50902	1.46624
1290	6.86e-06	1.50488	1.4621
1291	6.87e-06	1.5104	1.46762
1292	6.88e-06	1.50902	1.46348
1293	6.89e-06	1.50902	1.46624
1294	6.9e-06	1.50902	1.469
1295	6.91e-06	1.50764	1.46486
1296	6.92e-06	1.50488	1.46624
1297	6.93e-06	1.50764	1.469
1298	6.94e-06	1.50902	1.46486
1299	6.95e-06	1.51178	1.46762
1300	6.96e-06	1.5104	1.46762
1301	6.97e-06	1.5104	1.46486
1302	6.98e-06	1.50764	1.46762
1303	6.99e-06	1.50764	1.46486
1304	7e-06	1.50488	1.46348
1305	7.01e-06	1.51178	1.46624
1306	7.02e-06	1.50764	1.46762
1307	7.03e-06	1.50902	1.46624
1308	7.04e-06	1.50764	1.47038
1309	7.05e-06	1.50764	1.46624
1310	7.06e-06	1.50764	1.46624
1311	7.07e-06	1.50902	1.469
1312	7.08e-06	1.50626	1.46762
1313	7.09e-06	1.50764	1.47314
1314	7.1e-06	1.50212	1.46762
1315	7.11e-06	1.50488	1.469
1316	7.12e-06	1.50626	1.47038
1317	7.13e-06	1.50488	1.469
1318	7.14e-06	1.5104	1.47038
1319	7.15e-06	1.50626	1.46762
1320	7.16e-06	1.50488	1.46762
1321	7.17e-06	1.50764	1.47314
1322	7.18e-06	1.50626	1.46486
1323	7.19e-06	1.50626	1.469
1324	7.2e-06	1.50764	1.469
1325	7.21e-06	1.50626	1.46486
1326	7.22e-06	1.50764	1.46624
1327	7.23e-06	1.50488	1.46348
1328	7.24e-06	1.50488	1.46348
1329	7.25e-06	1.51178	1.47176
1330	7.26e-06	1.50764	1.46624
1331	7.27e-06	1.50902	1.47038
1332	7.28e-06	1.50764	1.47452
1333	7.29e-06	1.50488	1.46624
1334	7.3e-06	1.50764	1.46762
1335	7.31e-06	1.50902	1.46762
1336	7.32e-06	1.50764	1.46624
1337	7.33e-06	1.5104	1.47176
1338	7.34e-06	1.50764	1.469
1339	7.35e-06	1.5104	1.469
1340	7.36e-06	1.50764	1.469
1341	7.37e-06	1.50902	1.46762
1342	7.38e-06	1.50764	1.47038
1343	7.39e-06	1.5104	1.47038
1344	7.4e-06	1.50902	1.47038
1345	7.41e-06	1.50488	1.47176
1346	7.42e-06	1.50764	1.469
1347	7.43e-06	1.5104	1.469
1348	7.44e-06	1.50764	1.47176
1349	7.45e-06	1.50764	1.47176
1350	7.46e-06	1.50488	1.469
1351	7.47e-06	1.5104	1.47176
1352	7.48e-06	1.50764	1.47038
1353	7.49e-06	1.50902	1.47314
1354	7.5e-06	1.50626	1.47038
1355	7.51e-06	1.50764	1.469
1356	7.52e-06	1.50626	1.47038
1357	7.53e-06	1.50902	1.469
1358	7.54e-06	1.50764	1.469
1359	7.55e-06	1.50902	1.47038
1360	7.56e-06	1.50764	1.469
1361	7.57e-06	1.50902	1.47176
1362	7.58e-06	1.50902	1.47176
1363	7.59e-06	1.50626	1.46624
1364	7.6e-06	1.50626	1.47038
1365	7.61e-06	1.50488	1.469
1366	7.62e-06	1.50902	1.47038
1367	7.63e-06	1.50764	1.47176
1368	7.64e-06	1.50488	1.469
1369	7.65e-06	1.50902	1.47314
1370	7.66e-06	1.51316	1.47038
1371	7.67e-06	1.5104	1.47314
1372	7.68e-06	1.5104	1.47452
1373	7.69e-06	1.5104	1.47452
1374	7.7e-06	1.5104	1.47176
1375	7.71e-06	1.50902	1.47176
1376	7.72e-06	1.50626	1.47176
1377	7.73e-06	1.51178	1.47452
1378	7.74e-06	1.50902	1.47452
1379	7.75e-06	1.51178	1.47038
1380	7.76e-06	1.50902	1.47176
1381	7.77e-06	1.50488	1.47314
1382	7.78e-06	1.50902	1.47314
1383	7.79e-06	1.50764	1.47314
1384	7.8e-06	1.50626	1.4759
1385	7.81e-06	1.50626	1.47314
1386	7.82e-06	1.50626	1.47038
1387	7.83e-06	1.5104	1.47314
1388	7.84e-06	1.50764	1.47176
1389	7.85e-06	1.50902	1.4759
1390	7.86e-06	1.50626	1.47452
1391	7.87e-06	1.50626	1.47314
1392	7.88e-06	1.50902	1.47314
1393	7.89e-06	1.50764	1.47452
1394	7.9e-06	1.5104	1.47452
1395	7.91e-06	1.51178	1.47452
1396	7.92e-06	1.50902	1.47176
1397	7.93e-06	1.51178	1.47314
1398	7.94e-06	1.51178	1.47176
1399	7.95e-06	1.50764	1.47452
1400	7.96e-06	1.5104	1.47452
1401	7.97e-06	1.50764	1.47452
1402	7.98e-06	1.50764	1.47176
1403	7.99e-06	1.50764	1.47452
1404	8e-06	1.5104	1.47452
1405	8.01e-06	1.50626	1.4759
1406	8.02e-06	1.50902	1.4759
1407	8.03e-06	1.50764	1.47452
1408	8.04e-06	1.50626	1.47314
1409	8.05e-06	1.51178	1.4759
1410	8.06e-06	1.5104	1.47176
1411	8.07e-06	1.50764	1.47452
1412	8.08e-06	1.50902	1.47452
1413	8.09e-06	1.50488	1.47452
1414	8.1e-06	1.50212	1.47728
1415	8.11e-06	1.50902	1.47452
1416	8.12e-06	1.50212	1.47314
1417	8.13e-06	1.50764	1.47728
1418	8.14e-06	1.50626	1.4759
1419	8.15e-06	1.50212	1.47314
1420	8.16e-06	1.50626	1.4759
1421	8.17e-06	1.50764	1.47314
1422	8.18e-06	1.50902	1.47452
1423	8.19e-06	1.50764	1.4759
1424	8.2e-06	1.50488	1.47314
1425	8.21e-06	1.50764	1.48004
1426	8.22e-06	1.50212	1.47728
1427	8.23e-06	1.50488	1.47452
1428	8.24e-06	1.50626	1.4759
1429	8.25e-06	1.50488	1.47452
1430	8.26e-06	1.50764	1.47452
1431	8.27e-06	1.5104	1.47728
1432	8.28e-06	1.50488	1.4759
1433	8.29e-06	1.51178	1.48004
1434	8.3e-06	1.50488	1.4759
1435	8.31e-06	1.50488	1.47728
1436	8.32e-06	1.5104	1.47728
1437	8.33e-06	1.50626	1.4759
1438	8.34e-06	1.50626	1.47728
1439	8.35e-06	1.50902	1.47728
1440	8.36e-06	1.50488	1.47314
1441	8.37e-06	1.50902	1.48142
1442	8.38e-06	1.50764	1.4759
1443	8.39e-06	1.50626	1.4759
1444	8.4e-06	1.50902	1.47728
1445	8.41e-06	1.50764	1.47728
1446	8.42e-06	1.50626	1.47728
1447	8.43e-06	1.50626	1.47728
1448	8.44e-06	1.50902	1.4759
1449	8.45e-06	1.50626	1.48004
1450	8.46e-06	1.50764	1.4759
1451	8.47e-06	1.50764	1.47728
1452	8.48e-06	1.50488	1.4759
1453	8.49e-06	1.50764	1.48004
1454	8.5e-06	1.50626	1.48004
1455	8.51e-06	1.50764	1.48142
1456	8.52e-06	1.50626	1.47728
1457	8.53e-06	1.5104	1.48142
1458	8.54e-06	1.50902	1.48418
1459	8.55e-06	1.5104	1.48142
1460	8.56e-06	1.50764	1.4828
1461	8.57e-06	1.50902	1.48004
1462	8.58e-06	1.50074	1.47728
1463	8.59e-06	1.50626	1.48004
1464	8.6e-06	1.50764	1.47728
1465	8.61e-06	1.50488	1.48004
1466	8.62e-06	1.50626	1.4828
1467	8.63e-06	1.50764	1.48004
1468	8.64e-06	1.50902	1.47728
1469	8.65e-06	1.50626	1.48418
1470	8.66e-06	1.50764	1.47728
1471	8.67e-06	1.50626	1.48142
1472	8.68e-06	1.50626	1.48142
1473	8.69e-06	1.50764	1.48418
1474	8.7e-06	1.5104	1.48418
1475	8.71e-06	1.50764	1.48142
1476	8.72e-06	1.50488	1.48004
1477	8.73e-06	1.50626	1.48142
1478	8.74e-06	1.50764	1.48142
1479	8.75e-06	1.50764	1.48142
1480	8.76e-06	1.50764	1.48142
1481	8.77e-06	1.50902	1.48418
1482	8.78e-06	1.50764	1.4828
1483	8.79e-06	1.50764	1.48004
1484	8.8e-06	1.50902	1.48142
1485	8.81e-06	1.50488	1.4828
1486	8.82e-06	1.50626	1.48142
1487	8.83e-06	1.50764	1.48418
1488	8.84e-06	1.50074	1.48004
1489	8.85e-06	1.50626	1.4828
1490	8.86e-06	1.50626	1.48142
1491	8.87e-06	1.50626	1.48004
1492	8.88e-06	1.50626	1.48142
1493	8.89e-06	1.50764	1.48142
1494	8.9e-06	1.50626	1.4828
1495	8.91e-06	1.5104	1.48832
1496	8.92e-06	1.50764	1.47728
1497	8.93e-06	1.50764	1.48694
1498	8.94e-06	1.50488	1.48142
1499	8.95e-06	1.50488	1.48142
1500	8.96e-06	1.50764	1.48694
1501	8.97e-06	1.50764	1.48142
1502	8.98e-06	1.50764	1.48418
1503	8.99e-06	1.50626	1.48418
1504	9e-06	1.50626	1.48142
1505	9.01e-06	1.50764	1.48418
1506	9.02e-06	1.50074	1.48694
1507	9.03e-06	1.50626	1.48142
1508	9.04e-06	1.50764	1.48418
1509	9.05e-06	1.50488	1.48832
1510	9.06e-06	1.50626	1.4828
1511	9.07e-06	1.50902	1.4828
1512	9.08e-06	1.50488	1.48418
1513	9.09e-06	1.50764	1.48418
1514	9.1e-06	1.50902	1.48142
1515	9.11e-06	1.50626	1.48556
1516	9.12e-06	1.50626	1.4828
1517	9.13e-06	1.50626	1.48556
1518	9.14e-06	1.50626	1.48142
1519	9.15e-06	1.5104	1.4828
1520	9.16e-06	1.50212	1.4828
1521	9.17e-06	1.50902	1.48556
1522	9.18e-06	1.50902	1.48556
1523	9.19e-06	1.5104	1.48556
1524	9.2e-06	1.50212	1.4828
1525	9.21e-06	1.50764	1.48832
1526	9.22e-06	1.50764	1.48556
1527	9.23e-06	1.50626	1.4828
1528	9.24e-06	1.50764	1.48418
1529	9.25e-06	1.50626	1.48418
1530	9.26e-06	1.50626	1.48556
1531	9.27e-06	1.50764	1.48556
1532	9.28e-06	1.50626	1.48418
1533	9.29e-06	1.50902	1.48556
1534	9.3e-06	1.5104	1.48556
1535	9.31e-06	1.50626	1.48418
1536	9.32e-06	1.50902	1.48418
1537	9.33e-06	1.50764	1.48418
1538	9.34e-06	1.50764	1.48556
1539	9.35e-06	1.5104	1.48832
1540	9.36e-06	1.50626	1.48418
1541	9.37e-06	1.50626	1.48832
1542	9.38e-06	1.50626	1.48418
1543	9.39e-06	1.50902	1.48418
1544	9.4e-06	1.50764	1.48556
1545	9.41e-06	1.50902	1.48556
1546	9.42e-06	1.50764	1.48418
1547	9.43e-06	1.50902	1.48694
1548	9.44e-06	1.50626	1.48418
1549	9.45e-06	1.50902	1.4897
1550	9.46e-06	1.50488	1.48832
1551	9.47e-06	1.50764	1.48556
1552	9.48e-06	1.50764	1.48418
1553	9.49e-06	1.50764	1.48556
1554	9.5e-06	1.50626	1.4828
1555	9.51e-06	1.5104	1.48694
1556	9.52e-06	1.50764	1.48556
1557	9.53e-06	1.5104	1.48832
1558	9.54e-06	1.50626	1.48556
1559	9.55e-06	1.50764	1.48556
1560	9.56e-06	1.50626	1.48556
1561	9.57e-06	1.5104	1.48694
1562	9.58e-06	1.50764	1.48694
1563	9.59e-06	1.50626	1.48694
1564	9.6e-06	1.50764	1.48694
1565	9.61e-06	1.50488	1.4897
1566	9.62e-06	1.50902	1.48694
1567	9.63e-06	1.50488	1.48694
1568	9.64e-06	1.50902	1.48556
1569	9.65e-06	1.50764	1.48832
1570	9.66e-06	1.50902	1.48556
1571	9.67e-06	1.50626	1.48694
1572	9.68e-06	1.50626	1.48556
1573	9.69e-06	1.50626	1.4897
1574	9.7e-06	1.50764	1.48556
1575	9.71e-06	1.50902	1.48694
1576	9.72e-06	1.50626	1.48694
1577	9.73e-06	1.50488	1.48694
1578	9.74e-06	1.50626	1.48832
1579	9.75e-06	1.50764	1.48832
1580	9.76e-06	1.50764	1.48556
1581	9.77e-06	1.50764	1.48832
1582	9.78e-06	1.50764	1.48418
1583	9.79e-06	1.50764	1.48694
1584	9.8e-06	1.50626	1.48832
1585	9.81e-06	1.50212	1.48832
1586	9.82e-06	1.50902	1.48694
1587	9.83e-06	1.50764	1.48694
1588	9.84e-06	1.50626	1.48694
1589	9.85e-06	1.50212	1.48832
1590	9.86e-06	1.50764	1.48556
1591	9.87e-06	1.5104	1.48694
1592	9.88e-06	1.50764	1.48418
1593	9.89e-06	1.50902	1.48694
1594	9.9e-06	1.50764	1.48694
1595	9.91e-06	1.50764	1.48418
1596	9.92e-06	1.50902	1.48694
1597	9.93e-06	1.50902	1.48556
1598	9.94e-06	1.50902	1.48556
1599	9.95e-06	1.50488	1.48694
1600	9.96e-06	1.50488	1.48832
1601	9.97e-06	1.50902	1.48694
1602	9.98e-06	1.5104	1.48832
1603	9.99e-06	1.50902	1.48694
1604	1e-05	1.50902	1.48556
1605	1.001e-05	1.50626	1.48832
1606	1.002e-05	1.50764	1.48832
1607	1.003e-05	1.51178	1.48694
1608	1.004e-05	1.50902	1.48694
1609	1.005e-05	1.50902	1.48694
1610	1.006e-05	1.50764	1.48694
1611	1.007e-05	1.50902	1.4897
1612	1.008e-05	1.50902	1.48832
1613	1.009e-05	1.50764	1.48832
1614	1.01e-05	1.50764	1.4897
1615	1.011e-05	1.50764	1.4897
1616	1.012e-05	1.50212	1.48694
1617	1.013e-05	1.50626	1.49108
1618	1.014e-05	1.50626	1.48556
1619	1.015e-05	1.50764	1.48832
1620	1.016e-05	1.50902	1.4897
1621	1.017e-05	1.50764	1.48694
1622	1.018e-05	1.50902	1.48832
1623	1.019e-05	1.50764	1.48694
1624	1.02e-05	1.50764	1.48694
1625	1.021e-05	1.50488	1.49108
1626	1.022e-05	1.50764	1.48832
1627	1.023e-05	1.5104	1.48694
1628	1.024e-05	1.50764	1.4897
1629	1.025e-05	1.50626	1.49108
1630	1.026e-05	1.50764	1.48832
1631	1.027e-05	1.50902	1.48832
1632	1.028e-05	1.5104	1.49108
1633	1.029e-05	1.50626	1.4897
1634	1.03e-05	1.50488	1.49108
1635	1.031e-05	1.50626	1.48832
1636	1.032e-05	1.50764	1.48832
1637	1.033e-05	1.50764	1.49108
1638	1.034e-05	1.50764	1.48832
1639	1.035e-05	1.50902	1.4897
1640	1.036e-05	1.50764	1.49108
1641	1.037e-05	1.50764	1.4897
1642	1.038e-05	1.5104	1.4897
1643	1.039e-05	1.50764	1.48694
1644	1.04e-05	1.50626	1.48832
1645	1.041e-05	1.50902	1.4897
1646	1.042e-05	1.50626	1.4897
1647	1.043e-05	1.50902	1.49108
1648	1.044e-05	1.50764	1.48832
1649	1.045e-05	1.50764	1.49108
1650	1.046e-05	1.50626	1.4897
1651	1.047e-05	1.50902	1.49246
1652	1.048e-05	1.5104	1.48832
1653	1.049e-05	1.50626	1.49108
1654	1.05e-05	1.50488	1.49108
1655	1.051e-05	1.50488	1.49108
1656	1.052e-05	1.50212	1.4897
1657	1.053e-05	1.50488	1.49108
1658	1.054e-05	1.50626	1.49108
1659	1.055e-05	1.50626	1.4897
1660	1.056e-05	1.50488	1.48832
1661	1.057e-05	1.50626	1.49108
1662	1.058e-05	1.50488	1.48832
1663	1.059e-05	1.50626	1.4897
1664	1.06e-05	1.50626	1.49246
1665	1.061e-05	1.50626	1.49246
1666	1.062e-05	1.50488	1.49246
1667	1.063e-05	1.50212	1.4897
1668	1.064e-05	1.50074	1.49108
1669	1.065e-05	1.50764	1.49108
1670	1.066e-05	1.50764	1.48832
1671	1.067e-05	1.50626	1.49246
1672	1.068e-05	1.50074	1.49108
1673	1.069e-05	1.5104	1.49108
1674	1.07e-05	1.50764	1.49246
1675	1.071e-05	1.50626	1.49384
1676	1.072e-05	1.50212	1.4897
1677	1.073e-05	1.50488	1.49246
1678	1.074e-05	1.50902	1.49108
1679	1.075e-05	1.50626	1.49108
1680	1.076e-05	1.50764	1.49384
1681	1.077e-05	1.51178	1.49246
1682	1.078e-05	1.50764	1.48832
1683	1.079e-05	1.50764	1.49384
1684	1.08e-05	1.50626	1.49246
1685	1.081e-05	1.50902	1.49384
1686	1.082e-05	1.51178	1.49108
1687	1.083e-05	1.50626	1.49108
1688	1.084e-05	1.50212	1.4897
1689	1.085e-05	1.50626	1.49246
1690	1.086e-05	1.50626	1.4897
1691	1.087e-05	1.50902	1.49384
1692	1.088e-05	1.50764	1.49108
1693	1.089e-05	1.50902	1.49384
1694	1.09e-05	1.5104	1.49384
1695	1.091e-05	1.50764	1.49246
1696	1.092e-05	1.50626	1.49246
1697	1.093e-05	1.50764	1.49246
1698	1.094e-05	1.50902	1.49108
1699	1.095e-05	1.50764	1.49108
1700	1.096e-05	1.50764	1.49108
1701	1.097e-05	1.50764	1.49384
1702	1.098e-05	1.50764	1.49246
1703	1.099e-05	1.50902	1.4897
1704	1.1e-05	1.50764	1.49108
1705	1.101e-05	1.50902	1.49522
1706	1.102e-05	1.50488	1.49246
1707	1.103e-05	1.50764	1.49384
1708	1.104e-05	1.50488	1.49246
1709	1.105e-05	1.50764	1.49246
1710	1.106e-05	1.50212	1.49246
1711	1.107e-05	1.50902	1.49936
1712	1.108e-05	1.50488	1.4897
1713	1.109e-05	1.50212	1.49246
1714	1.11e-05	1.50764	1.50212
1715	1.111e-05	1.50212	1.48832
1716	1.112e-05	1.50764	1.49522
1717	1.113e-05	1.50626	1.4966
1718	1.114e-05	1.50626	1.48694
1719	1.115e-05	1.50902	1.49936
1720	1.116e-05	1.50488	1.4897
1721	1.117e-05	1.50764	1.4897
1722	1.118e-05	1.50902	1.4966
1723	1.119e-05	1.50626	1.4897
1724	1.12e-05	1.50902	1.49246
1725	1.121e-05	1.5104	1.4966
1726	1.122e-05	1.50902	1.49108
1727	1.123e-05	1.50902	1.49522
1728	1.124e-05	1.50764	1.49246
1729	1.125e-05	1.50764	1.49108
1730	1.126e-05	1.50764	1.4966
1731	1.127e-05	1.50764	1.49246
1732	1.128e-05	1.50626	1.49246
1733	1.129e-05	1.50764	1.49384
1734	1.13e-05	1.50764	1.49384
1735	1.131e-05	1.50902	1.4966
1736	1.132e-05	1.50764	1.4966
1737	1.133e-05	1.5104	1.49246
1738	1.134e-05	1.50902	1.49384
1739	1.135e-05	1.50902	1.49384
1740	1.136e-05	1.50764	1.49522
1741	1.137e-05	1.5104	1.49936
1742	1.138e-05	1.50902	1.49522
1743	1.139e-05	1.50764	1.49522
1744	1.14e-05	1.50212	1.4966
1745	1.141e-05	1.51178	1.4966
1746	1.142e-05	1.51178	1.49522
1747	1.143e-05	1.50626	1.4966
1748	1.144e-05	1.5104	1.49522
1749	1.145e-05	1.50488	1.49384
1750	1.146e-05	1.50902	1.49522
1751	1.147e-05	1.50764	1.49108
1752	1.148e-05	1.50626	1.49384
1753	1.149e-05	1.50764	1.49936
1754	1.15e-05	1.50902	1.49384
1755	1.151e-05	1.50764	1.49384
1756	1.152e-05	1.50626	1.49522
1757	1.153e-05	1.50764	1.49384
1758	1.154e-05	1.50626	1.4966
1759	1.155e-05	1.50902	1.4966
1760	1.156e-05	1.50626	1.49522
1761	1.157e-05	1.50626	1.49522
1762	1.158e-05	1.50902	1.49522
1763	1.159e-05	1.50626	1.49384
1764	1.16e-05	1.5104	1.49936
1765	1.161e-05	1.50488	1.49936
1766	1.162e-05	1.50626	1.49522
1767	1.163e-05	1.50626	1.49936
1768	1.164e-05	1.50764	1.49246
1769	1.165e-05	1.50626	1.49384
1770	1.166e-05	1.50626	1.4966
1771	1.167e-05	1.50902	1.4966
1772	1.168e-05	1.50626	1.49522
1773	1.169e-05	1.50764	1.4966
1774	1.17e-05	1.50902	1.49522
1775	1.171e-05	1.50902	1.49384
1776	1.172e-05	1.50488	1.4966
1777	1.173e-05	1.50902	1.49522
1778	1.174e-05	1.50902	1.49522
1779	1.175e-05	1.50626	1.4966
1780	1.176e-05	1.50902	1.4966
1781	1.177e-05	1.50626	1.49936
1782	1.178e-05	1.5104	1.49936
1783	1.179e-05	1.50488	1.49522
1784	1.18e-05	1.50764	1.49936
1785	1.181e-05	1.50212	1.49522
1786	1.182e-05	1.50902	1.49384
1787	1.183e-05	1.51178	1.49522
1788	1.184e-05	1.50902	1.49522
1789	1.185e-05	1.50764	1.4966
1790	1.186e-05	1.51178	1.49936
1791	1.187e-05	1.51178	1.49522
1792	1.188e-05	1.50764	1.49384
1793	1.189e-05	1.5104	1.49384
1794	1.19e-05	1.50626	1.49246
1795	1.191e-05	1.51178	1.4966
1796	1.192e-05	1.50626	1.49384
1797	1.193e-05	1.50764	1.49522
1798	1.194e-05	1.50902	1.49522
1799	1.195e-05	1.50902	1.49522
1800	1.196e-05	1.50902	1.49384
1801	1.197e-05	1.5104	1.49522
1802	1.198e-05	1.50764	1.49384
1803	1.199e-05	1.5104	1.49522
1804	1.2e-05	1.50902	1.4966
1805	1.201e-05	1.50488	1.49936
1806	1.202e-05	1.50902	1.4966
1807	1.203e-05	1.50764	1.49936
1808	1.204e-05	1.50626	1.49522
1809	1.205e-05	1.50764	1.49936
1810	1.206e-05	1.50902	1.49384
1811	1.207e-05	1.5104	1.4966
1812	1.208e-05	1.50902	1.4966
1813	1.209e-05	1.50764	1.4966
1814	1.21e-05	1.50764	1.4966
1815	1.211e-05	1.50902	1.49522
1816	1.212e-05	1.50488	1.4966
1817	1.213e-05	1.5104	1.50074
1818	1.214e-05	1.50488	1.49384
1819	1.215e-05	1.50764	1.49936
1820	1.216e-05	1.50626	1.49936
1821	1.217e-05	1.50764	1.4966
1822	1.218e-05	1.50764	1.49936
1823	1.219e-05	1.5104	1.49522
1824	1.22e-05	1.50764	1.49384
1825	1.221e-05	1.50902	1.4966
1826	1.222e-05	1.50902	1.49384
1827	1.223e-05	1.5104	1.49936
1828	1.224e-05	1.50626	1.49522
1829	1.225e-05	1.50626	1.49936
1830	1.226e-05	1.5104	1.50074
1831	1.227e-05	1.50902	1.4966
1832	1.228e-05	1.50626	1.4966
1833	1.229e-05	1.50764	1.49936
1834	1.23e-05	1.50764	1.49936
1835	1.231e-05	1.5104	1.49936
1836	1.232e-05	1.50626	1.49522
1837	1.233e-05	1.50764	1.4966
1838	1.234e-05	1.50764	1.49936
1839	1.235e-05	1.50626	1.49522
1840	1.236e-05	1.50764	1.49936
1841	1.237e-05	1.50626	1.49936
1842	1.238e-05	1.50902	1.4966
1843	1.239e-05	1.50764	1.50074
1844	1.24e-05	1.50764	1.4966
1845	1.241e-05	1.50764	1.50074
1846	1.242e-05	1.50764	1.4966
1847	1.243e-05	1.50764	1.4966
1848	1.244e-05	1.5104	1.49936
1849	1.245e-05	1.51178	1.50212
1850	1.246e-05	1.50626	1.50074
1851	1.247e-05	1.50902	1.50074
1852	1.248e-05	1.50626	1.4966
1853	1.249e-05	1.50488	1.50074
1854	1.25e-05	1.50488	1.49936
1855	1.251e-05	1.50212	1.50074
1856	1.252e-05	1.50902	1.50212
1857	1.253e-05	1.50902	1.50488
1858	1.254e-05	1.5104	1.50074
1859	1.255e-05	1.50902	1.50212
1860	1.256e-05	1.5104	1.50074
1861	1.257e-05	1.50902	1.50074
1862	1.258e-05	1.50902	1.50212
1863	1.259e-05	1.50902	1.49936
1864	1.26e-05	1.50626	1.4966
1865	1.261e-05	1.5104	1.50074
1866	1.262e-05	1.50212	1.49936
1867	1.263e-05	1.50902	1.50212
1868	1.264e-05	1.50764	1.50074
1869	1.265e-05	1.50212	1.49936
1870	1.266e-05	1.50764	1.50074
1871	1.267e-05	1.50902	1.4966
1872	1.268e-05	1.50764	1.49936
1873	1.269e-05	1.50902	1.50488
1874	1.27e-05	1.50902	1.4966
1875	1.271e-05	1.50902	1.50074
1876	1.272e-05	1.50488	1.50212
1877	1.273e-05	1.50764	1.4966
1878	1.274e-05	1.50764	1.50074
1879	1.275e-05	1.50626	1.49936
1880	1.276e-05	1.50626	1.50074
1881	1.277e-05	1.50764	1.50212
1882	1.278e-05	1.50764	1.50074
1883	1.279e-05	1.50902	1.50212
1884	1.28e-05	1.50902	1.50074
1885	1.281e-05	1.50902	1.50212
1886	1.282e-05	1.51178	1.49936
1887	1.283e-05	1.50488	1.4966
1888	1.284e-05	1.5104	1.49936
1889	1.285e-05	1.50626	1.50074
1890	1.286e-05	1.50764	1.49936
1891	1.287e-05	1.5104	1.49936
1892	1.288e-05	1.50626	1.49936
1893	1.289e-05	1.51178	1.50212
1894	1.29e-05	1.50626	1.50074
1895	1.291e-05	1.50902	1.49936
1896	1.292e-05	1.50626	1.50074
1897	1.293e-05	1.50902	1.49936
1898	1.294e-05	1.50626	1.50074
1899	1.295e-05	1.51178	1.50074
1900	1.296e-05	1.50902	1.49936
1901	1.297e-05	1.50764	1.5035
1902	1.298e-05	1.50902	1.50074
1903	1.299e-05	1.51178	1.4966
1904	1.3e-05	1.50902	1.50074
1905	1.301e-05	1.50764	1.50212
1906	1.302e-05	1.50902	1.49936
1907	1.303e-05	1.50626	1.49936
1908	1.304e-05	1.50902	1.49936
1909	1.305e-05	1.5104	1.50074
1910	1.306e-05	1.5104	1.4966
1911	1.307e-05	1.50764	1.49936
1912	1.308e-05	1.50626	1.50074
1913	1.309e-05	1.50626	1.50212
1914	1.31e-05	1.50764	1.50212
1915	1.311e-05	1.5104	1.50074
1916	1.312e-05	1.5104	1.49936
1917	1.313e-05	1.50902	1.50212
1918	1.314e-05	1.50902	1.50074
1919	1.315e-05	1.51316	1.49936
1920	1.316e-05	1.50764	1.49936
1921	1.317e-05	1.50764	1.50212
1922	1.318e-05	1.50764	1.50074
1923	1.319e-05	1.50626	1.50074
1924	1.32e-05	1.50212	1.50074
1925	1.321e-05	1.5104	1.50074
1926	1.322e-05	1.5104	1.50074
1927	1.323e-05	1.5104	1.50074
1928	1.324e-05	1.50764	1.49936
1929	1.325e-05	1.50764	1.50212
1930	1.326e-05	1.5104	1.49936
1931	1.327e-05	1.50488	1.50212
1932	1.328e-05	1.50626	1.4966
1933	1.329e-05	1.5104	1.49936
1934	1.33e-05	1.50764	1.49936
1935	1.331e-05	1.51178	1.50212
1936	1.332e-05	1.50902	1.50212
1937	1.333e-05	1.50764	1.50074
1938	1.334e-05	1.50488	1.50074
1939	1.335e-05	1.50902	1.50074
1940	1.336e-05	1.50764	1.49936
1941	1.337e-05	1.50902	1.50212
1942	1.338e-05	1.50626	1.50074
1943	1.339e-05	1.50902	1.4966
1944	1.34e-05	1.50626	1.50074
1945	1.341e-05	1.50764	1.50626
1946	1.342e-05	1.51316	1.50212
1947	1.343e-05	1.50902	1.49936
1948	1.344e-05	1.5104	1.50212
1949	1.345e-05	1.50764	1.50074
1950	1.346e-05	1.50764	1.50212
1951	1.347e-05	1.50902	1.5035
1952	1.348e-05	1.50902	1.50074
1953	1.349e-05	1.50764	1.49936
1954	1.35e-05	1.50764	1.5035
1955	1.351e-05	1.50764	1.50212
1956	1.352e-05	1.5104	1.49936
1957	1.353e-05	1.51178	1.50488
1958	1.354e-05	1.5104	1.50212
1959	1.355e-05	1.50764	1.49936
1960	1.356e-05	1.50902	1.50212
1961	1.357e-05	1.5104	1.49936
1962	1.358e-05	1.50626	1.50212
1963	1.359e-05	1.50902	1.50212
1964	1.36e-05	1.50902	1.50212
1965	1.361e-05	1.50626	1.5035
1966	1.362e-05	1.50902	1.5035
1967	1.363e-05	1.50764	1.49936
1968	1.364e-05	1.50626	1.50488
1969	1.365e-05	1.50626	1.5035
1970	1.366e-05	1.50764	1.50074
1971	1.367e-05	1.51178	1.50212
1972	1.368e-05	1.5104	1.50074
1973	1.369e-05	1.50626	1.50074
1974	1.37e-05	1.50764	1.50212
1975	1.371e-05	1.50764	1.50074
1976	1.372e-05	1.50764	1.50074
1977	1.373e-05	1.50764	1.5035
1978	1.374e-05	1.50764	1.50212
1979	1.375e-05	1.50764	1.5035
1980	1.376e-05	1.50764	1.50212
1981	1.377e-05	1.50626	1.5035
1982	1.378e-05	1.5104	1.5035
1983	1.379e-05	1.50902	1.50212
1984	1.38e-05	1.50626	1.50074
1985	1.381e-05	1.50902	1.5035
1986	1.382e-05	1.50902	1.50074
1987	1.383e-05	1.50764	1.50212
1988	1.384e-05	1.50902	1.50074
1989	1.385e-05	1.50626	1.50488
1990	1.386e-05	1.50764	1.5035
1991	1.387e-05	1.50902	1.5035
1992	1.388e-05	1.50902	1.50074
1993	1.389e-05	1.50626	1.50212
1994	1.39e-05	1.50626	1.50074
1995	1.391e-05	1.50626	1.50212
1996	1.392e-05	1.51316	1.50212
1997	1.393e-05	1.50902	1.50074
1998	1.394e-05	1.50764	1.50212
1999	1.395e-05	1.5104	1.50212
2000	1.396e-05	1.50626	1.49936
2001	1.397e-05	1.5104	1.50488
2002	1.398e-05	1.5104	1.50212
2003	1.399e-05	1.50764	1.50074
2004	1.4e-05	1.50764	1.50488
2005	1.401e-05	1.50764	1.50212
2006	1.402e-05	1.50902	1.5035
2007	1.403e-05	1.50626	1.50488
2008	1.404e-05	1.50488	1.5035
2009	1.405e-05	1.50626	1.50488
2010	1.406e-05	1.50902	1.50212
2011	1.407e-05	1.50626	1.50212
2012	1.408e-05	1.50764	1.5035
2013	1.409e-05	1.5104	1.50212
2014	1.41e-05	1.50626	1.50212
2015	1.411e-05	1.50626	1.5035
2016	1.412e-05	1.50626	1.5035
2017	1.413e-05	1.50902	1.5035
2018	1.414e-05	1.50212	1.5035
2019	1.415e-05	1.50212	1.50074
2020	1.416e-05	1.50212	1.5035
2021	1.417e-05	1.50764	1.50488
2022	1.418e-05	1.50626	1.50212
2023	1.419e-05	1.50488	1.50212
2024	1.42e-05	1.50764	1.50212
2025	1.421e-05	1.50902	1.50212
2026	1.422e-05	1.50764	1.50212
2027	1.423e-05	1.50764	1.5035
2028	1.424e-05	1.5104	1.50074
2029	1.425e-05	1.50626	1.50212
2030	1.426e-05	1.50764	1.50074
2031	1.427e-05	1.50764	1.50212
2032	1.428e-05	1.50626	1.50074
2033	1.429e-05	1.50626	1.50488
2034	1.43e-05	1.50212	1.50212
2035	1.431e-05	1.50764	1.50212
2036	1.432e-05	1.50488	1.50212
2037	1.433e-05	1.50488	1.50212
2038	1.434e-05	1.50764	1.5035
2039	1.435e-05	1.50764	1.50212
2040	1.436e-05	1.50902	1.5035
2041	1.437e-05	1.50626	1.50074
2042	1.438e-05	1.50488	1.50074
2043	1.439e-05	1.50764	1.5035
2044	1.44e-05	1.50488	1.5035
2045	1.441e-05	1.50626	1.5035
2046	1.442e-05	1.50626	1.5035
2047	1.443e-05	1.50626	1.50212
2048	1.444e-05	1.50488	1.50212
2049	1.445e-05	1.50902	1.50488
2050	1.446e-05	1.50626	1.50212
2051	1.447e-05	1.50902	1.50488
2052	1.448e-05	1.50626	1.50212
2053	1.449e-05	1.50626	1.50488
2054	1.45e-05	1.50902	1.5035
2055	1.451e-05	1.5104	1.5035
2056	1.452e-05	1.50626	1.50212
2057	1.453e-05	1.50626	1.50488
2058	1.454e-05	1.50902	1.49936
2059	1.455e-05	1.50626	1.50488
2060	1.456e-05	1.50074	1.50212
2061	1.457e-05	1.50764	1.50488
2062	1.458e-05	1.50488	1.5035
2063	1.459e-05	1.50626	1.5035
2064	1.46e-05	1.50764	1.5035
2065	1.461e-05	1.50764	1.50488
2066	1.462e-05	1.50488	1.5035
2067	1.463e-05	1.5104	1.5035
2068	1.464e-05	1.50764	1.50074
2069	1.465e-05	1.5104	1.5035
2070	1.466e-05	1.50902	1.50212
2071	1.467e-05	1.50626	1.5035
2072	1.468e-05	1.50764	1.50212
2073	1.469e-05	1.50764	1.5035
2074	1.47e-05	1.51178	1.50212
2075	1.471e-05	1.5104	1.50212
2076	1.472e-05	1.5104	1.50074
2077	1.473e-05	1.50764	1.5035
2078	1.474e-05	1.50626	1.50074
2079	1.475e-05	1.50764	1.50074
2080	1.476e-05	1.50626	1.50074
2081	1.477e-05	1.50626	1.50488
2082	1.478e-05	1.50764	1.5035
2083	1.479e-05	1.50902	1.5035
2084	1.48e-05	1.50902	1.5035
2085	1.481e-05	1.50902	1.5035
2086	1.482e-05	1.50764	1.50212
2087	1.483e-05	1.50626	1.50488
2088	1.484e-05	1.50212	1.5035
2089	1.485e-05	1.50488	1.5035
2090	1.486e-05	1.50902	1.5035
2091	1.487e-05	1.50902	1.5035
2092	1.488e-05	1.50626	1.50488
2093	1.489e-05	1.50902	1.50212
2094	1.49e-05	1.50764	1.50074
2095	1.491e-05	1.5104	1.50074
2096	1.492e-05	1.50764	1.49936
2097	1.493e-05	1.50764	1.50626
2098	1.494e-05	1.50764	1.50488
2099	1.495e-05	1.50764	1.5035
2100	1.496e-05	1.50764	1.50626
2101	1.497e-05	1.50902	1.50488
2102	1.498e-05	1.50902	1.50212
2103	1.499e-05	1.5104	1.5035
2104	1.5e-05	1.50764	1.50212
2105	1.501e-05	1.50212	1.50074
2106	1.502e-05	1.50626	1.50626
2107	1.503e-05	1.50488	1.50074
2108	1.504e-05	1.50626	1.50212
2109	1.505e-05	1.50764	1.50626
2110	1.506e-05	1.50764	1.5035
2111	1.507e-05	1.50764	1.5035
2112	1.508e-05	1.50626	1.50488
2113	1.509e-05	1.50902	1.5035
2114	1.51e-05	1.50902	1.50212
2115	1.511e-05	1.50626	1.5035
2116	1.512e-05	1.50764	1.50212
2117	1.513e-05	1.50902	1.50488
2118	1.514e-05	1.50902	1.50488
2119	1.515e-05	1.50902	1.50488
2120	1.516e-05	1.50902	1.50074
2121	1.517e-05	1.50764	1.5035
2122	1.518e-05	1.50764	1.50488
2123	1.519e-05	1.50902	1.50212
2124	1.52e-05	1.50902	1.50074
2125	1.521e-05	1.50764	1.50626
2126	1.522e-05	1.50902	1.50212
2127	1.523e-05	1.50902	1.50488
2128	1.524e-05	1.50212	1.5035
2129	1.525e-05	1.5104	1.50488
2130	1.526e-05	1.50764	1.5035
2131	1.527e-05	1.50764	1.50488
2132	1.528e-05	1.50488	1.50626
2133	1.529e-05	1.50764	1.50488
2134	1.53e-05	1.50764	1.50488
2135	1.531e-05	1.50626	1.50212
2136	1.532e-05	1.5104	1.50212
2137	1.533e-05	1.50764	1.50626
2138	1.534e-05	1.50212	1.50488
2139	1.535e-05	1.50626	1.50626
2140	1.536e-05	1.5104	1.50488
2141	1.537e-05	1.50764	1.50626
2142	1.538e-05	1.50626	1.50626
2143	1.539e-05	1.50488	1.5035
2144	1.54e-05	1.5104	1.50626
2145	1.541e-05	1.50764	1.50626
2146	1.542e-05	1.50488	1.5035
2147	1.543e-05	1.50764	1.5035
2148	1.544e-05	1.50212	1.5035
2149	1.545e-05	1.50764	1.50626
2150	1.546e-05	1.50212	1.50212
2151	1.547e-05	1.50488	1.50212
2152	1.548e-05	1.50626	1.5035
2153	1.549e-05	1.50902	1.50626
2154	1.55e-05	1.51178	1.50212
2155	1.551e-05	1.50902	1.50488
2156	1.552e-05	1.50488	1.50626
2157	1.553e-05	1.50626	1.50764
2158	1.554e-05	1.50764	1.50488
2159	1.555e-05	1.50488	1.5035
2160	1.556e-05	1.50902	1.50488
2161	1.557e-05	1.5104	1.50488
2162	1.558e-05	1.50902	1.5035
2163	1.559e-05	1.50626	1.50488
2164	1.56e-05	1.50626	1.50488
2165	1.561e-05	1.50764	1.50626
2166	1.562e-05	1.50764	1.50626
2167	1.563e-05	1.5104	1.50626
2168	1.564e-05	1.50902	1.50488
2169	1.565e-05	1.50488	1.50488
2170	1.566e-05	1.50488	1.5035
2171	1.567e-05	1.50764	1.50488
2172	1.568e-05	1.50488	1.5035
2173	1.569e-05	1.50626	1.50764
2174	1.57e-05	1.50626	1.50212
2175	1.571e-05	1.50626	1.50488
2176	1.572e-05	1.50764	1.50212
2177	1.573e-05	1.50626	1.50488
2178	1.574e-05	1.50902	1.50626
2179	1.575e-05	1.50902	1.50488
2180	1.576e-05	1.50764	1.5035
2181	1.577e-05	1.50764	1.5035
2182	1.578e-05	1.50488	1.50212
2183	1.579e-05	1.50764	1.5035
2184	1.58e-05	1.50626	1.50488
2185	1.581e-05	1.50764	1.50626
2186	1.582e-05	1.50488	1.5035
2187	1.583e-05	1.50764	1.50626
2188	1.584e-05	1.50764	1.50488
2189	1.585e-05	1.50764	1.50764
2190	1.586e-05	1.50626	1.5035
2191	1.587e-05	1.5104	1.50626
2192	1.588e-05	1.50488	1.50626
2193	1.589e-05	1.50626	1.50764
2194	1.59e-05	1.50764	1.5035
2195	1.591e-05	1.50902	1.5035
2196	1.592e-05	1.50626	1.5035
2197	1.593e-05	1.50488	1.50626
2198	1.594e-05	1.50212	1.50488
2199	1.595e-05	1.50488	1.50626
2200	1.596e-05	1.50626	1.5035
2201	1.597e-05	1.50212	1.50488
2202	1.598e-05	1.50902	1.50488
2203	1.599e-05	1.50764	1.5035
2204	1.6e-05	1.50488	1.5035
2205	1.601e-05	1.50764	1.50626
2206	1.602e-05	1.50764	1.50626
2207	1.603e-05	1.50212	1.5035
2208	1.604e-05	1.50902	1.50626
2209	1.605e-05	1.50764	1.5035
2210	1.606e-05	1.50488	1.50764
2211	1.607e-05	1.50626	1.50488
2212	1.608e-05	1.50488	1.5035
2213	1.609e-05	1.50626	1.50626
2214	1.61e-05	1.50488	1.50626
2215	1.611e-05	1.50488	1.5035
2216	1.612e-05	1.50626	1.50764
2217	1.613e-05	1.50626	1.50488
2218	1.614e-05	1.50902	1.50212
2219	1.615e-05	1.50626	1.50488
2220	1.616e-05	1.50764	1.50488
2221	1.617e-05	1.50626	1.50488
2222	1.618e-05	1.50764	1.50626
2223	1.619e-05	1.50764	1.5035
2224	1.62e-05	1.50626	1.50488
2225	1.621e-05	1.50764	1.50764
2226	1.622e-05	1.50488	1.50488
2227	1.623e-05	1.50626	1.5035
2228	1.624e-05	1.50626	1.5035
2229	1.625e-05	1.50488	1.5035
2230	1.626e-05	1.50764	1.5035
2231	1.627e-05	1.5104	1.50488
2232	1.628e-05	1.50764	1.50212
2233	1.629e-05	1.50626	1.50626
2234	1.63e-05	1.50764	1.50212
2235	1.631e-05	1.50626	1.50212
2236	1.632e-05	1.50212	1.50488
2237	1.633e-05	1.50626	1.50626
2238	1.634e-05	1.50764	1.5035
2239	1.635e-05	1.50488	1.50488
2240	1.636e-05	1.50488	1.5035
2241	1.637e-05	1.5104	1.50764
2242	1.638e-05	1.50212	1.50626
2243	1.639e-05	1.50626	1.50626
2244	1.64e-05	1.50074	1.50488
2245	1.641e-05	1.50902	1.50626
2246	1.642e-05	1.50764	1.50764
2247	1.643e-05	1.50902	1.50764
2248	1.644e-05	1.50488	1.50626
2249	1.645e-05	1.50488	1.50626
2250	1.646e-05	1.50764	1.5035
2251	1.647e-05	1.50764	1.5035
2252	1.648e-05	1.50626	1.50488
2253	1.649e-05	1.5104	1.50902
2254	1.65e-05	1.50764	1.50626
2255	1.651e-05	1.50626	1.50764
2256	1.652e-05	1.50212	1.50488
2257	1.653e-05	1.50902	1.50764
2258	1.654e-05	1.50626	1.50626
2259	1.655e-05	1.50488	1.50488
2260	1.656e-05	1.50488	1.50488
2261	1.657e-05	1.50902	1.50626
2262	1.658e-05	1.50488	1.50488
2263	1.659e-05	1.5104	1.50626
2264	1.66e-05	1.50626	1.50764
2265	1.661e-05	1.5104	1.50902
2266	1.662e-05	1.50764	1.50626
2267	1.663e-05	1.5104	1.50626
2268	1.664e-05	1.50902	1.50488
2269	1.665e-05	1.50488	1.50488
2270	1.666e-05	1.50764	1.50488
2271	1.667e-05	1.50764	1.50488
2272	1.668e-05	1.50212	1.50488
2273	1.669e-05	1.50212	1.50488
2274	1.67e-05	1.50902	1.50764
2275	1.671e-05	1.50764	1.50626
2276	1.672e-05	1.50902	1.50488
2277	1.673e-05	1.50764	1.50488
2278	1.674e-05	1.50488	1.50626
2279	1.675e-05	1.50902	1.50488
2280	1.676e-05	1.50902	1.50488
2281	1.677e-05	1.50902	1.50764
2282	1.678e-05	1.50212	1.50764
2283	1.679e-05	1.5104	1.50626
2284	1.68e-05	1.50902	1.50488
2285	1.681e-05	1.50902	1.50764
2286	1.682e-05	1.50626	1.50212
2287	1.683e-05	1.50626	1.50626
2288	1.684e-05	1.50764	1.50626
2289	1.685e-05	1.50626	1.50764
2290	1.686e-05	1.50902	1.50764
2291	1.687e-05	1.50764	1.50626
2292	1.688e-05	1.50764	1.50488
2293	1.689e-05	1.50902	1.50764
2294	1.69e-05	1.50902	1.5035
2295	1.691e-05	1.50212	1.5035
2296	1.692e-05	1.50764	1.50626
2297	1.693e-05	1.50764	1.50626
2298	1.694e-05	1.50626	1.50488
2299	1.695e-05	1.50764	1.50764
2300	1.696e-05	1.50212	1.50488
2301	1.697e-05	1.50902	1.50488
2302	1.698e-05	1.50212	1.5035
2303	1.699e-05	1.50902	1.50488
2304	1.7e-05	1.50902	1.50764
2305	1.701e-05	1.5104	1.50626
2306	1.702e-05	1.50488	1.5035
2307	1.703e-05	1.5104	1.50626
2308	1.704e-05	1.50902	1.5035
2309	1.705e-05	1.50764	1.50764
2310	1.706e-05	1.50764	1.5035
2311	1.707e-05	1.50764	1.50764
2312	1.708e-05	1.50902	1.50488
2313	1.709e-05	1.50626	1.50626
2314	1.71e-05	1.50764	1.50626
2315	1.711e-05	1.50626	1.50488
2316	1.712e-05	1.50626	1.50626
2317	1.713e-05	1.51178	1.50902
2318	1.714e-05	1.50902	1.50626
2319	1.715e-05	1.50488	1.50488
2320	1.716e-05	1.50626	1.50764
2321	1.717e-05	1.50626	1.50764
2322	1.718e-05	1.50764	1.50764
2323	1.719e-05	1.50764	1.50764
2324	1.72e-05	1.50764	1.50488
2325	1.721e-05	1.50764	1.50626
2326	1.722e-05	1.5104	1.50764
2327	1.723e-05	1.50626	1.50488
2328	1.724e-05	1.50764	1.50626
2329	1.725e-05	1.50902	1.50626
2330	1.726e-05	1.50764	1.50488
2331	1.727e-05	1.50488	1.50764
2332	1.728e-05	1.50626	1.50626
2333	1.729e-05	1.50902	1.50764
2334	1.73e-05	1.5104	1.50764
2335	1.731e-05	1.50764	1.5035
2336	1.732e-05	1.50764	1.50764
2337	1.733e-05	1.50626	1.50764
2338	1.734e-05	1.50626	1.50626
2339	1.735e-05	1.50902	1.50488
2340	1.736e-05	1.50212	1.50488
2341	1.737e-05	1.50488	1.5104
2342	1.738e-05	1.50764	1.50764
2343	1.739e-05	1.50764	1.5035
2344	1.74e-05	1.50764	1.50764
2345	1.741e-05	1.50764	1.50626
2346	1.742e-05	1.50764	1.50488
2347	1.743e-05	1.50764	1.50626
2348	1.744e-05	1.50902	1.50488
2349	1.745e-05	1.50488	1.50488
2350	1.746e-05	1.50212	1.50626
2351	1.747e-05	1.50764	1.50902
2352	1.748e-05	1.50902	1.50626
2353	1.749e-05	1.51178	1.50764
2354	1.75e-05	1.51178	1.50626
2355	1.751e-05	1.51178	1.50764
2356	1.752e-05	1.5104	1.50626
2357	1.753e-05	1.50764	1.50626
2358	1.754e-05	1.50902	1.50626
2359	1.755e-05	1.5104	1.50626
2360	1.756e-05	1.50764	1.50488
2361	1.757e-05	1.50764	1.50488
2362	1.758e-05	1.50764	1.50488
2363	1.759e-05	1.50488	1.50626
2364	1.76e-05	1.50212	1.50902
2365	1.761e-05	1.50626	1.50902
2366	1.762e-05	1.50764	1.50488
2367	1.763e-05	1.5104	1.50626
2368	1.764e-05	1.5104	1.50626
2369	1.765e-05	1.5104	1.50488
2370	1.766e-05	1.50626	1.50764
2371	1.767e-05	1.50902	1.50764
2372	1.768e-05	1.50902	1.50488
2373	1.769e-05	1.50902	1.5104
2374	1.77e-05	1.50764	1.50626
2375	1.771e-05	1.50902	1.50488
2376	1.772e-05	1.50626	1.50902
2377	1.773e-05	1.50764	1.50626
2378	1.774e-05	1.50764	1.50626
2379	1.775e-05	1.50764	1.50902
2380	1.776e-05	1.50626	1.50764
2381	1.777e-05	1.50902	1.5104
2382	1.778e-05	1.50488	1.50902
2383	1.779e-05	1.50764	1.50488
2384	1.78e-05	1.50902	1.50764
2385	1.781e-05	1.50902	1.50902
2386	1.782e-05	1.50764	1.50764
2387	1.783e-05	1.50902	1.50764
2388	1.784e-05	1.50764	1.50626
2389	1.785e-05	1.5104	1.50902
2390	1.786e-05	1.5104	1.50626
2391	1.787e-05	1.50764	1.50764
2392	1.788e-05	1.50764	1.50764
2393	1.789e-05	1.50764	1.50902
2394	1.79e-05	1.50626	1.50764
2395	1.791e-05	1.50626	1.50902
2396	1.792e-05	1.50488	1.50626
2397	1.793e-05	1.50488	1.5104
2398	1.794e-05	1.50764	1.50764
2399	1.795e-05	1.5104	1.50626
2400	1.796e-05	1.50902	1.50764
2401	1.797e-05	1.50764	1.5104
2402	1.798e-05	1.50488	1.50902
2403	1.799e-05	1.50626	1.50764
2404	1.8e-05	1.50626	1.50764
2405	1.801e-05	1.51178	1.50902
2406	1.802e-05	1.50902	1.50626
2407	1.803e-05	1.5104	1.50626
2408	1.804e-05	1.50902	1.50764
2409	1.805e-05	1.50902	1.50764
2410	1.806e-05	1.50902	1.50764
2411	1.807e-05	1.50626	1.50626
2412	1.808e-05	1.50212	1.50626
2413	1.809e-05	1.50626	1.50902
2414	1.81e-05	1.50764	1.50764
2415	1.811e-05	1.50626	1.50764
2416	1.812e-05	1.50764	1.50488
2417	1.813e-05	1.50488	1.50488
2418	1.814e-05	1.50902	1.50488
2419	1.815e-05	1.50764	1.50626
2420	1.816e-05	1.50626	1.50764
2421	1.817e-05	1.50626	1.5104
2422	1.818e-05	1.50626	1.50764
2423	1.819e-05	1.50488	1.50764
2424	1.82e-05	1.50626	1.50488
2425	1.821e-05	1.50626	1.50764
2426	1.822e-05	1.50488	1.50764
2427	1.823e-05	1.50626	1.50764
2428	1.824e-05	1.5104	1.50626
2429	1.825e-05	1.50626	1.50764
2430	1.826e-05	1.50902	1.50764
2431	1.827e-05	1.5104	1.50764
2432	1.828e-05	1.5104	1.50764
2433	1.829e-05	1.51454	1.50902
2434	1.83e-05	1.50902	1.50626
2435	1.831e-05	1.50902	1.50626
2436	1.832e-05	1.5104	1.50764
2437	1.833e-05	1.51178	1.50764
2438	1.834e-05	1.5104	1.5104
2439	1.835e-05	1.5104	1.50764
2440	1.836e-05	1.50626	1.50626
2441	1.837e-05	1.51178	1.50902
2442	1.838e-05	1.5104	1.50626
2443	1.839e-05	1.51316	1.50902
2444	1.84e-05	1.50902	1.50764
2445	1.841e-05	1.50764	1.50902
2446	1.842e-05	1.50764	1.50764
2447	1.843e-05	1.50626	1.50902
2448	1.844e-05	1.50764	1.50902
2449	1.845e-05	1.50764	1.50902
2450	1.846e-05	1.50902	1.50626
2451	1.847e-05	1.50764	1.50626
2452	1.848e-05	1.50764	1.50764
2453	1.849e-05	1.5104	1.50902
2454	1.85e-05	1.51178	1.50764
2455	1.851e-05	1.50902	1.50902
2456	1.852e-05	1.50626	1.50626
2457	1.853e-05	1.5104	1.50626
2458	1.854e-05	1.50902	1.50626
2459	1.855e-05	1.50764	1.50626
2460	1.856e-05	1.50764	1.50764
2461	1.857e-05	1.50902	1.50902
2462	1.858e-05	1.50902	1.50626
2463	1.859e-05	1.50902	1.50764
2464	1.86e-05	1.50764	1.50902
2465	1.861e-05	1.5104	1.50764
2466	1.862e-05	1.50902	1.50764
2467	1.863e-05	1.5104	1.50626
2468	1.864e-05	1.50902	1.50902
2469	1.865e-05	1.50902	1.5104
2470	1.866e-05	1.5104	1.50764
2471	1.867e-05	1.50764	1.50764
2472	1.868e-05	1.50902	1.50626
2473	1.869e-05	1.50902	1.50764
2474	1.87e-05	1.5104	1.50626
2475	1.871e-05	1.5104	1.50902
2476	1.872e-05	1.5104	1.50764
2477	1.873e-05	1.50764	1.5104
2478	1.874e-05	1.5104	1.50902
2479	1.875e-05	1.5104	1.50902
2480	1.876e-05	1.50764	1.50902
2481	1.877e-05	1.50764	1.5104
2482	1.878e-05	1.50902	1.50902
2483	1.879e-05	1.5104	1.50764
2484	1.88e-05	1.50626	1.50764
2485	1.881e-05	1.50764	1.50902
2486	1.882e-05	1.50764	1.50626
2487	1.883e-05	1.50902	1.50764
2488	1.884e-05	1.50764	1.50764
2489	1.885e-05	1.50764	1.50764
2490	1.886e-05	1.50764	1.5035
2491	1.887e-05	1.50764	1.50626
2492	1.888e-05	1.5104	1.50902
2493	1.889e-05	1.50488	1.50626
2494	1.89e-05	1.50764	1.50626
2495	1.891e-05	1.50902	1.50626
2496	1.892e-05	1.50626	1.5035
2497	1.893e-05	1.50902	1.51316
2498	1.894e-05	1.50902	1.5035
2499	1.895e-05	1.51178	1.50764
2500	1.896e-05	1.5104	1.50902
2501	1.897e-05	1.50626	1.50488
2502	1.898e-05	1.5104	1.5035
2503	1.899e-05	1.50764	1.50902
2504	1.9e-05	1.50764	1.50764
2505	1.901e-05	1.50764	1.50626
2506	1.902e-05	1.50764	1.5104
2507	1.903e-05	1.50764	1.50902
2508	1.904e-05	1.50212	1.50764
2509	1.905e-05	1.50764	1.50902
2510	1.906e-05	1.50212	1.50626
2511	1.907e-05	1.50212	1.50488
2512	1.908e-05	1.50764	1.50764
2513	1.909e-05	1.50488	1.50764
2514	1.91e-05	1.50764	1.50902
2515	1.911e-05	1.50902	1.50902
2516	1.912e-05	1.50626	1.50626
2517	1.913e-05	1.50902	1.51316
2518	1.914e-05	1.50764	1.50902
2519	1.915e-05	1.50764	1.50902
2520	1.916e-05	1.50764	1.50902
2521	1.917e-05	1.50764	1.50902
2522	1.918e-05	1.50212	1.50764
2523	1.919e-05	1.50902	1.50902
2524	1.92e-05	1.50902	1.50626
2525	1.921e-05	1.50902	1.50902
2526	1.922e-05	1.50764	1.50764
2527	1.923e-05	1.51178	1.50764
2528	1.924e-05	1.50488	1.50764
2529	1.925e-05	1.50626	1.50902
2530	1.926e-05	1.50764	1.50626
2531	1.927e-05	1.50764	1.5104
2532	1.928e-05	1.50626	1.50902
2533	1.929e-05	1.50902	1.50902
2534	1.93e-05	1.5104	1.50626
2535	1.931e-05	1.50764	1.50626
2536	1.932e-05	1.51178	1.50764
2537	1.933e-05	1.51178	1.51178
2538	1.934e-05	1.50764	1.50764
2539	1.935e-05	1.50902	1.50764
2540	1.936e-05	1.5104	1.50626
2541	1.937e-05	1.51178	1.50764
2542	1.938e-05	1.50902	1.50902
2543	1.939e-05	1.5104	1.50902
2544	1.94e-05	1.5104	1.50902
2545	1.941e-05	1.51178	1.50902
2546	1.942e-05	1.51178	1.50902
2547	1.943e-05	1.50626	1.50764
2548	1.944e-05	1.50488	1.50764
2549	1.945e-05	1.50764	1.50764
2550	1.946e-05	1.50902	1.50626
2551	1.947e-05	1.5104	1.50902
2552	1.948e-05	1.50764	1.50626
2553	1.949e-05	1.50902	1.50902
2554	1.95e-05	1.5104	1.51178
2555	1.951e-05	1.50902	1.50902
2556	1.952e-05	1.50902	1.50902
2557	1.953e-05	1.50902	1.50764
2558	1.954e-05	1.50626	1.50626
2559	1.955e-05	1.50902	1.50902
2560	1.956e-05	1.50626	1.50764
2561	1.957e-05	1.50626	1.5104
2562	1.958e-05	1.50626	1.50764
2563	1.959e-05	1.50902	1.50626
2564	1.96e-05	1.50764	1.50764
2565	1.961e-05	1.50626	1.51316
2566	1.962e-05	1.50902	1.50764
2567	1.963e-05	1.5104	1.50902
2568	1.964e-05	1.50626	1.50902
2569	1.965e-05	1.50626	1.5104
2570	1.966e-05	1.50902	1.50488
2571	1.967e-05	1.50902	1.50488
2572	1.968e-05	1.5104	1.50902
2573	1.969e-05	1.50902	1.50902
2574	1.97e-05	1.50764	1.50764
2575	1.971e-05	1.51178	1.50764
2576	1.972e-05	1.50764	1.50764
2577	1.973e-05	1.50764	1.50902
2578	1.974e-05	1.50626	1.50764
2579	1.975e-05	1.50902	1.50902
2580	1.976e-05	1.50764	1.50764
2581	1.977e-05	1.50902	1.50764
2582	1.978e-05	1.50902	1.50626
2583	1.979e-05	1.50764	1.5104
2584	1.98e-05	1.50764	1.50764
2585	1.981e-05	1.50902	1.5104
2586	1.982e-05	1.5104	1.50764
2587	1.983e-05	1.50764	1.50764
2588	1.984e-05	1.50902	1.50902
2589	1.985e-05	1.5104	1.50902
2590	1.986e-05	1.50764	1.50902
2591	1.987e-05	1.50902	1.5104
2592	1.988e-05	1.50764	1.50764
2593	1.989e-05	1.50626	1.50902
2594	1.99e-05	1.50764	1.50902
2595	1.991e-05	1.50764	1.50626
2596	1.992e-05	1.50626	1.50764
2597	1.993e-05	1.51178	1.51316
2598	1.994e-05	1.50626	1.50626
2599	1.995e-05	1.5104	1.50764
2600	1.996e-05	1.51178	1.50764
2601	1.997e-05	1.50764	1.50764
2602	1.998e-05	1.51316	1.50764
2603	1.999e-05	1.50764	1.50488
2604	2e-05	1.50626	1.50902
2605	2.001e-05	1.50764	1.5104
2606	2.002e-05	1.50764	1.50626
2607	2.003e-05	1.50902	1.50902
2608	2.004e-05	1.50764	1.50626
2609	2.005e-05	1.50764	1.50902
2610	2.006e-05	1.50764	1.50626
2611	2.007e-05	1.50764	1.50764
2612	2.008e-05	1.50626	1.50488
2613	2.009e-05	1.50902	1.50902
2614	2.01e-05	1.5104	1.50764
2615	2.011e-05	1.50626	1.50626
2616	2.012e-05	1.50488	1.50902
2617	2.013e-05	1.5104	1.50488
2618	2.014e-05	1.50764	1.50488
2619	2.015e-05	1.50764	1.50902
2620	2.016e-05	1.50626	1.50626
2621	2.017e-05	1.50764	1.50902
2622	2.018e-05	1.50902	1.50902
2623	2.019e-05	1.50626	1.50488
2624	2.02e-05	1.50764	1.50902
2625	2.021e-05	1.50626	1.5104
2626	2.022e-05	1.50626	1.50764
2627	2.023e-05	1.50626	1.5104
2628	2.024e-05	1.50626	1.50764
2629	2.025e-05	1.50764	1.50902
2630	2.026e-05	1.50764	1.5104
2631	2.027e-05	1.50902	1.50902
2632	2.028e-05	1.50626	1.50902
2633	2.029e-05	1.50902	1.5104
2634	2.03e-05	1.50764	1.50764
2635	2.031e-05	1.50626	1.5104
2636	2.032e-05	1.50626	1.50764
2637	2.033e-05	1.50764	1.50902
2638	2.034e-05	1.50626	1.50764
2639	2.035e-05	1.50626	1.50764
2640	2.036e-05	1.50764	1.50764
2641	2.037e-05	1.51178	1.50902
2642	2.038e-05	1.50626	1.50902
2643	2.039e-05	1.50764	1.50902
2644	2.04e-05	1.51178	1.50626
2645	2.041e-05	1.5104	1.50764
2646	2.042e-05	1.50626	1.50764
2647	2.043e-05	1.50488	1.50764
2648	2.044e-05	1.50626	1.50902
2649	2.045e-05	1.50764	1.50902
2650	2.046e-05	1.50212	1.50764
2651	2.047e-05	1.50902	1.50764
2652	2.048e-05	1.5104	1.50764
2653	2.049e-05	1.51178	1.5104
2654	2.05e-05	1.50488	1.50902
2655	2.051e-05	1.50764	1.50764
2656	2.052e-05	1.50764	1.50764
2657	2.053e-05	1.50902	1.50902
2658	2.054e-05	1.50764	1.5104
2659	2.055e-05	1.50902	1.50902
2660	2.056e-05	1.50764	1.5104
2661	2.057e-05	1.50764	1.50764
2662	2.058e-05	1.50902	1.50902
2663	2.059e-05	1.5104	1.50902
2664	2.06e-05	1.50488	1.50902
2665	2.061e-05	1.50764	1.51178
2666	2.062e-05	1.50764	1.50764
2667	2.063e-05	1.50626	1.5104
2668	2.064e-05	1.50626	1.50764
2669	2.065e-05	1.50764	1.50902
2670	2.066e-05	1.5104	1.50902
2671	2.067e-05	1.5104	1.50902
2672	2.068e-05	1.50902	1.50902
2673	2.069e-05	1.50902	1.50902
2674	2.07e-05	1.50626	1.50764
2675	2.071e-05	1.51178	1.50902
2676	2.072e-05	1.50626	1.50764
2677	2.073e-05	1.5104	1.50764
2678	2.074e-05	1.50764	1.5104
2679	2.075e-05	1.50902	1.5104
2680	2.076e-05	1.50626	1.50902
2681	2.077e-05	1.50902	1.50902
2682	2.078e-05	1.50764	1.50902
2683	2.079e-05	1.50626	1.50764
2684	2.08e-05	1.50764	1.50626
2685	2.081e-05	1.50902	1.50902
2686	2.082e-05	1.50902	1.50902
2687	2.083e-05	1.50764	1.50902
2688	2.084e-05	1.50764	1.50902
2689	2.085e-05	1.50626	1.50902
2690	2.086e-05	1.50764	1.50902
2691	2.087e-05	1.50902	1.50764
2692	2.088e-05	1.50626	1.50902
2693	2.089e-05	1.50488	1.50902
2694	2.09e-05	1.50626	1.50902
2695	2.091e-05	1.50902	1.50764
2696	2.092e-05	1.50488	1.50764
2697	2.093e-05	1.50902	1.5104
2698	2.094e-05	1.5104	1.50626
2699	2.095e-05	1.50764	1.50626
2700	2.096e-05	1.50488	1.50764
2701	2.097e-05	1.50764	1.51178
2702	2.098e-05	1.5104	1.50902
2703	2.099e-05	1.50764	1.50902
2704	2.1e-05	1.50764	1.50902
2705	2.101e-05	1.50212	1.50902
2706	2.102e-05	1.50488	1.50902
2707	2.103e-05	1.5104	1.50902
2708	2.104e-05	1.50764	1.50764
2709	2.105e-05	1.50764	1.51178
2710	2.106e-05	1.50902	1.50764
2711	2.107e-05	1.50626	1.50764
2712	2.108e-05	1.5104	1.5104
2713	2.109e-05	1.5104	1.5104
2714	2.11e-05	1.50626	1.51178
2715	2.111e-05	1.5104	1.50212
2716	2.112e-05	1.50626	1.50764
2717	2.113e-05	1.51454	1.51454
2718	2.114e-05	1.50626	1.50074
2719	2.115e-05	1.50902	1.51316
2720	2.116e-05	1.50764	1.5104
2721	2.117e-05	1.50626	1.50626
2722	2.118e-05	1.5104	1.51454
2723	2.119e-05	1.50626	1.50764
2724	2.12e-05	1.50764	1.50902
2725	2.121e-05	1.5104	1.51178
2726	2.122e-05	1.50488	1.50488
2727	2.123e-05	1.50902	1.50902
2728	2.124e-05	1.50764	1.50764
2729	2.125e-05	1.50764	1.50764
2730	2.126e-05	1.50488	1.50902
2731	2.127e-05	1.50212	1.50764
2732	2.128e-05	1.50764	1.50764
2733	2.129e-05	1.50626	1.51316
2734	2.13e-05	1.50626	1.50626
2735	2.131e-05	1.50764	1.50902
2736	2.132e-05	1.50626	1.50902
2737	2.133e-05	1.50626	1.50764
2738	2.134e-05	1.50902	1.50902
2739	2.135e-05	1.5104	1.50902
2740	2.136e-05	1.50488	1.50764
2741	2.137e-05	1.50626	1.5104
2742	2.138e-05	1.50626	1.50902
2743	2.139e-05	1.50764	1.50902
2744	2.14e-05	1.50764	1.50902
2745	2.141e-05	1.50626	1.50902
2746	2.142e-05	1.50488	1.51178
2747	2.143e-05	1.50902	1.50902
2748	2.144e-05	1.50764	1.50902
2749	2.145e-05	1.50902	1.51316
2750	2.146e-05	1.50626	1.50764
2751	2.147e-05	1.51178	1.50902
2752	2.148e-05	1.50902	1.50626
2753	2.149e-05	1.50626	1.50902
2754	2.15e-05	1.50902	1.5104
2755	2.151e-05	1.5104	1.51316
2756	2.152e-05	1.50902	1.50902
2757	2.153e-05	1.50764	1.5104
2758	2.154e-05	1.50626	1.50764
2759	2.155e-05	1.50626	1.50764
2760	2.156e-05	1.50764	1.50902
2761	2.157e-05	1.50764	1.5104
2762	2.158e-05	1.5104	1.50902
2763	2.159e-05	1.5104	1.50902
2764	2.16e-05	1.50764	1.5104
2765	2.161e-05	1.50764	1.51178
2766	2.162e-05	1.50626	1.5104
2767	2.163e-05	1.5104	1.5104
2768	2.164e-05	1.50074	1.50626
2769	2.165e-05	1.50626	1.51178
2770	2.166e-05	1.50764	1.50626
2771	2.167e-05	1.50764	1.50764
2772	2.168e-05	1.50626	1.50902
2773	2.169e-05	1.50764	1.5104
2774	2.17e-05	1.5104	1.50902
2775	2.171e-05	1.50902	1.5104
2776	2.172e-05	1.50764	1.50902
2777	2.173e-05	1.50626	1.50902
2778	2.174e-05	1.50764	1.5104
2779	2.175e-05	1.50764	1.50764
2780	2.176e-05	1.50902	1.50902
2781	2.177e-05	1.50902	1.50902
2782	2.178e-05	1.50626	1.5104
2783	2.179e-05	1.50212	1.50902
2784	2.18e-05	1.50764	1.50902
2785	2.181e-05	1.50764	1.5104
2786	2.182e-05	1.50626	1.50764
2787	2.183e-05	1.50626	1.51178
2788	2.184e-05	1.50626	1.50764
2789	2.185e-05	1.50902	1.5104
2790	2.186e-05	1.50764	1.50902
2791	2.187e-05	1.51178	1.5104
2792	2.188e-05	1.5104	1.50902
2793	2.189e-05	1.50764	1.50902
2794	2.19e-05	1.50488	1.5104
2795	2.191e-05	1.50902	1.50902
2796	2.192e-05	1.50488	1.50764
2797	2.193e-05	1.50764	1.50902
2798	2.194e-05	1.50902	1.50764
2799	2.195e-05	1.50626	1.50626
2800	2.196e-05	1.50626	1.51178
2801	2.197e-05	1.5104	1.51178
2802	2.198e-05	1.50212	1.50902
2803	2.199e-05	1.5104	1.51178
2804	2.2e-05	1.50902	1.50626
2805	2.201e-05	1.50488	1.50764
2806	2.202e-05	1.50626	1.5104
2807	2.203e-05	1.50626	1.50764
2808	2.204e-05	1.50764	1.50902
2809	2.205e-05	1.5104	1.5104
2810	2.206e-05	1.50902	1.50626
2811	2.207e-05	1.50626	1.50902
2812	2.208e-05	1.50626	1.50764
2813	2.209e-05	1.50626	1.50764
2814	2.21e-05	1.50764	1.5104
2815	2.211e-05	1.50764	1.50902
2816	2.212e-05	1.50764	1.50764
2817	2.213e-05	1.5104	1.5104
2818	2.214e-05	1.50764	1.50902
2819	2.215e-05	1.50212	1.50902
2820	2.216e-05	1.50626	1.50902
2821	2.217e-05	1.50626	1.50626
2822	2.218e-05	1.50902	1.50902
2823	2.219e-05	1.50764	1.50764
2824	2.22e-05	1.50764	1.50902
2825	2.221e-05	1.50902	1.51316
2826	2.222e-05	1.50764	1.50764
2827	2.223e-05	1.50764	1.50764
2828	2.224e-05	1.50626	1.50902
2829	2.225e-05	1.50488	1.5104
2830	2.226e-05	1.50764	1.51178
2831	2.227e-05	1.50488	1.50902
2832	2.228e-05	1.50764	1.50902
2833	2.229e-05	1.50764	1.51178
2834	2.23e-05	1.50764	1.50902
2835	2.231e-05	1.5104	1.51178
2836	2.232e-05	1.50764	1.50902
2837	2.233e-05	1.50626	1.5104
2838	2.234e-05	1.50902	1.50902
2839	2.235e-05	1.50626	1.50764
2840	2.236e-05	1.50626	1.50626
2841	2.237e-05	1.5104	1.50902
2842	2.238e-05	1.5104	1.50764
2843	2.239e-05	1.50764	1.50902
2844	2.24e-05	1.50626	1.50764
2845	2.241e-05	1.50902	1.50764
2846	2.242e-05	1.50902	1.50902
2847	2.243e-05	1.50764	1.50626
2848	2.244e-05	1.50488	1.50902
2849	2.245e-05	1.50902	1.50902
2850	2.246e-05	1.50764	1.50764
2851	2.247e-05	1.50626	1.50764
2852	2.248e-05	1.50488	1.50764
2853	2.249e-05	1.50764	1.50764
2854	2.25e-05	1.50902	1.50902
2855	2.251e-05	1.50902	1.50764
2856	2.252e-05	1.50764	1.50902
2857	2.253e-05	1.51178	1.50902
2858	2.254e-05	1.5104	1.50626
2859	2.255e-05	1.50902	1.5104
2860	2.256e-05	1.5104	1.50902
2861	2.257e-05	1.50626	1.5104
2862	2.258e-05	1.50902	1.50902
2863	2.259e-05	1.50902	1.50764
2864	2.26e-05	1.50626	1.50764
2865	2.261e-05	1.50764	1.5104
2866	2.262e-05	1.50764	1.50764
2867	2.263e-05	1.51316	1.50902
2868	2.264e-05	1.50902	1.50902
2869	2.265e-05	1.51316	1.50902
2870	2.266e-05	1.51178	1.51178
2871	2.267e-05	1.5104	1.5104
2872	2.268e-05	1.5104	1.51178
2873	2.269e-05	1.51178	1.5104
2874	2.27e-05	1.50764	1.50626
2875	2.271e-05	1.51178	1.5104
2876	2.272e-05	1.5104	1.50764
2877	2.273e-05	1.50902	1.51178
2878	2.274e-05	1.50902	1.5104
2879	2.275e-05	1.5104	1.5104
2880	2.276e-05	1.50764	1.5104
2881	2.277e-05	1.50764	1.5104
2882	2.278e-05	1.5104	1.50902
2883	2.279e-05	1.50902	1.50764
2884	2.28e-05	1.50626	1.50764
2885	2.281e-05	1.50902	1.50902
2886	2.282e-05	1.50902	1.50902
2887	2.283e-05	1.50902	1.50764
2888	2.284e-05	1.50626	1.50488
2889	2.285e-05	1.50488	1.50902
2890	2.286e-05	1.50626	1.50764
2891	2.287e-05	1.5104	1.50902
2892	2.288e-05	1.50902	1.51178
2893	2.289e-05	1.50902	1.51178
2894	2.29e-05	1.5104	1.50902
2895	2.291e-05	1.50764	1.50902
2896	2.292e-05	1.50626	1.50902
2897	2.293e-05	1.50764	1.50764
2898	2.294e-05	1.50764	1.50902
2899	2.295e-05	1.50902	1.5104
2900	2.296e-05	1.50626	1.50764
2901	2.297e-05	1.50626	1.5104
2902	2.298e-05	1.50764	1.5104
2903	2.299e-05	1.50902	1.50902
2904	2.3e-05	1.50764	1.5104
2905	2.301e-05	1.50764	1.5104
2906	2.302e-05	1.50764	1.50902
2907	2.303e-05	1.50902	1.50764
2908	2.304e-05	1.50074	1.50902
2909	2.305e-05	1.50764	1.5104
2910	2.306e-05	1.50212	1.5104
2911	2.307e-05	1.50764	1.51178
2912	2.308e-05	1.50764	1.50764
2913	2.309e-05	1.50488	1.51178
2914	2.31e-05	1.50488	1.50902
2915	2.311e-05	1.50488	1.50764
2916	2.312e-05	1.50902	1.50902
2917	2.313e-05	1.50902	1.5104
2918	2.314e-05	1.50902	1.50902
2919	2.315e-05	1.50764	1.51178
2920	2.316e-05	1.50764	1.51178
2921	2.317e-05	1.5104	1.50902
2922	2.318e-05	1.50902	1.50902
2923	2.319e-05	1.5104	1.5104
2924	2.32e-05	1.50764	1.50902
2925	2.321e-05	1.50902	1.51178
2926	2.322e-05	1.50488	1.50902
2927	2.323e-05	1.50626	1.51178
2928	2.324e-05	1.50764	1.5104
2929	2.325e-05	1.50764	1.51178
2930	2.326e-05	1.50902	1.5104
2931	2.327e-05	1.50212	1.50902
2932	2.328e-05	1.50902	1.5104
2933	2.329e-05	1.5104	1.50902
2934	2.33e-05	1.50764	1.5104
2935	2.331e-05	1.50902	1.50902
2936	2.332e-05	1.50488	1.50902
2937	2.333e-05	1.50764	1.51178
2938	2.334e-05	1.5104	1.5104
2939	2.335e-05	1.50902	1.50902
2940	2.336e-05	1.50764	1.5104
2941	2.337e-05	1.5104	1.50902
2942	2.338e-05	1.5104	1.5104
2943	2.339e-05	1.50764	1.50902
2944	2.34e-05	1.50902	1.51178
2945	2.341e-05	1.51178	1.51178
2946	2.342e-05	1.51178	1.50764
2947	2.343e-05	1.50902	1.5104
2948	2.344e-05	1.50626	1.50902
2949	2.345e-05	1.50764	1.5104
2950	2.346e-05	1.50902	1.50902
2951	2.347e-05	1.50626	1.50764
2952	2.348e-05	1.50902	1.50902
2953	2.349e-05	1.50626	1.5104
2954	2.35e-05	1.50902	1.5104
2955	2.351e-05	1.50764	1.50902
2956	2.352e-05	1.50902	1.50902
2957	2.353e-05	1.50902	1.5104
2958	2.354e-05	1.50626	1.50764
2959	2.355e-05	1.50626	1.50902
2960	2.356e-05	1.50902	1.50764
2961	2.357e-05	1.50902	1.5104
2962	2.358e-05	1.50902	1.5104
2963	2.359e-05	1.50902	1.50902
2964	2.36e-05	1.50488	1.50764
2965	2.361e-05	1.50764	1.5104
2966	2.362e-05	1.50764	1.50626
2967	2.363e-05	1.50902	1.5104
2968	2.364e-05	1.50764	1.5104
2969	2.365e-05	1.50902	1.50764
2970	2.366e-05	1.50902	1.50902
2971	2.367e-05	1.50902	1.50626
2972	2.368e-05	1.50488	1.50902
2973	2.369e-05	1.50764	1.5104
2974	2.37e-05	1.51178	1.50626
2975	2.371e-05	1.5104	1.50764
2976	2.372e-05	1.50764	1.5104
2977	2.373e-05	1.5104	1.5104
2978	2.374e-05	1.5104	1.50902
2979	2.375e-05	1.51178	1.5104
2980	2.376e-05	1.5104	1.50902
2981	2.377e-05	1.5104	1.5104
2982	2.378e-05	1.50488	1.5104
2983	2.379e-05	1.50764	1.51178
2984	2.38e-05	1.50902	1.50764
2985	2.381e-05	1.50902	1.50902
2986	2.382e-05	1.5104	1.50902
2987	2.383e-05	1.50902	1.50764
2988	2.384e-05	1.50902	1.50902
2989	2.385e-05	1.5104	1.5104
2990	2.386e-05	1.50626	1.50902
2991	2.387e-05	1.50626	1.50764
2992	2.388e-05	1.50902	1.50902
2993	2.389e-05	1.50764	1.50902
2994	2.39e-05	1.50626	1.50764
2995	2.391e-05	1.50902	1.50902
2996	2.392e-05	1.50764	1.50902
2997	2.393e-05	1.5104	1.51178
2998	2.394e-05	1.50626	1.5104
2999	2.395e-05	1.50764	1.50764
3000	2.396e-05	1.50764	1.5104
3001	2.397e-05	1.5104	1.50764
3002	2.398e-05	1.50902	1.50902
3003	2.399e-05	1.50902	1.50902
3004	2.4e-05	1.50488	1.5104
3005	2.401e-05	1.50902	1.51178
3006	2.402e-05	1.50626	1.50902
3007	2.403e-05	1.50626	1.50764
3008	2.404e-05	1.50626	1.50902
3009	2.405e-05	1.50626	1.5104
3010	2.406e-05	1.50488	1.50764
3011	2.407e-05	1.50626	1.5104
3012	2.408e-05	1.50902	1.51178
3013	2.409e-05	1.50902	1.50902
3014	2.41e-05	1.50764	1.50764
3015	2.411e-05	1.50626	1.50626
3016	2.412e-05	1.50626	1.50764
3017	2.413e-05	1.50626	1.50764
3018	2.414e-05	1.5104	1.51178
3019	2.415e-05	1.50902	1.50626
3020	2.416e-05	1.50902	1.50902
3021	2.417e-05	1.50902	1.51178
3022	2.418e-05	1.50764	1.50902
3023	2.419e-05	1.50626	1.5104
3024	2.42e-05	1.50764	1.51178
3025	2.421e-05	1.50626	1.5104
3026	2.422e-05	1.50764	1.51316
3027	2.423e-05	1.50902	1.50764
3028	2.424e-05	1.50764	1.50764
3029	2.425e-05	1.50902	1.5104
3030	2.426e-05	1.50902	1.50902
3031	2.427e-05	1.5104	1.50764
3032	2.428e-05	1.50902	1.51178
3033	2.429e-05	1.5104	1.50902
3034	2.43e-05	1.50764	1.5104
3035	2.431e-05	1.50764	1.5104
3036	2.432e-05	1.50764	1.50902
3037	2.433e-05	1.50764	1.51178
3038	2.434e-05	1.50902	1.50902
3039	2.435e-05	1.5104	1.50764
3040	2.436e-05	1.50764	1.50764
3041	2.437e-05	1.50764	1.51178
3042	2.438e-05	1.50764	1.50764
3043	2.439e-05	1.50902	1.5104
3044	2.44e-05	1.51178	1.5104
3045	2.441e-05	1.50626	1.51178
3046	2.442e-05	1.50902	1.5104
3047	2.443e-05	1.50902	1.5104
3048	2.444e-05	1.50902	1.50488
3049	2.445e-05	1.5104	1.51178
3050	2.446e-05	1.50626	1.51178
3051	2.447e-05	1.50626	1.50764
3052	2.448e-05	1.50902	1.5104
3053	2.449e-05	1.50902	1.5104
3054	2.45e-05	1.50212	1.50764
3055	2.451e-05	1.50764	1.5104
3056	2.452e-05	1.5104	1.50764
3057	2.453e-05	1.51178	1.51178
3058	2.454e-05	1.50764	1.5104
3059	2.455e-05	1.50902	1.50902
3060	2.456e-05	1.50902	1.50764
3061	2.457e-05	1.50902	1.5104
3062	2.458e-05	1.5104	1.50902
3063	2.459e-05	1.50902	1.50902
3064	2.46e-05	1.50074	1.51178
3065	2.461e-05	1.50488	1.51316
3066	2.462e-05	1.50764	1.50764
3067	2.463e-05	1.50626	1.50902
3068	2.464e-05	1.50626	1.50626
3069	2.465e-05	1.50764	1.50902
3070	2.466e-05	1.50902	1.50902
3071	2.467e-05	1.50902	1.51178
3072	2.468e-05	1.50626	1.5104
3073	2.469e-05	1.5104	1.51454
3074	2.47e-05	1.50626	1.50764
3075	2.471e-05	1.51178	1.5104
3076	2.472e-05	1.50902	1.51178
3077	2.473e-05	1.50902	1.50764
3078	2.474e-05	1.50626	1.5104
3079	2.475e-05	1.50902	1.51178
3080	2.476e-05	1.5104	1.50764
3081	2.477e-05	1.50764	1.5104
3082	2.478e-05	1.50902	1.51178
3083	2.479e-05	1.50764	1.50764
3084	2.48e-05	1.50902	1.50902
3085	2.481e-05	1.5104	1.5104
3086	2.482e-05	1.50764	1.50902
3087	2.483e-05	1.50764	1.51178
3088	2.484e-05	1.50902	1.5104
3089	2.485e-05	1.5104	1.5104
3090	2.486e-05	1.50902	1.50902
3091	2.487e-05	1.50764	1.50764
3092	2.488e-05	1.5104	1.50764
3093	2.489e-05	1.50902	1.5104
3094	2.49e-05	1.50212	1.50902
3095	2.491e-05	1.50764	1.5104
3096	2.492e-05	1.5104	1.50764
3097	2.493e-05	1.50764	1.50902
3098	2.494e-05	1.50764	1.50902
3099	2.495e-05	1.50626	1.50764
3100	2.496e-05	1.50902	1.5104
3101	2.497e-05	1.50902	1.51316
3102	2.498e-05	1.5104	1.51178
3103	2.499e-05	1.5104	1.5104
3104	2.5e-05	1.50626	1.50902
3105	2.501e-05	1.5104	1.50902
3106	2.502e-05	1.50764	1.5104
3107	2.503e-05	1.50764	1.50902
3108	2.504e-05	1.50488	1.5104
3109	2.505e-05	1.50488	1.5104
3110	2.506e-05	1.50902	1.50902
3111	2.507e-05	1.50764	1.50902
3112	2.508e-05	1.50626	1.50902
3113	2.509e-05	1.50902	1.50902
3114	2.51e-05	1.50764	1.5104
3115	2.511e-05	1.50764	1.5104
3116	2.512e-05	1.5104	1.50902
3117	2.513e-05	1.50764	1.5104
3118	2.514e-05	1.50764	1.51178
3119	2.515e-05	1.50626	1.51316
3120	2.516e-05	1.50626	1.5104
3121	2.517e-05	1.50488	1.51178
3122	2.518e-05	1.50626	1.50626
3123	2.519e-05	1.50902	1.50764
3124	2.52e-05	1.5104	1.5104
3125	2.521e-05	1.50902	1.50902
3126	2.522e-05	1.50764	1.5104
3127	2.523e-05	1.50764	1.5104
3128	2.524e-05	1.50212	1.50902
3129	2.525e-05	1.50902	1.51454
3130	2.526e-05	1.50902	1.50488
3131	2.527e-05	1.50488	1.49108
3132	2.528e-05	1.50764	1.52144
3133	2.529e-05	1.51178	1.5242
3134	2.53e-05	1.50488	1.50074
3135	2.531e-05	1.5104	1.51178
3136	2.532e-05	1.50902	1.5104
3137	2.533e-05	1.50902	1.50488
3138	2.534e-05	1.51178	1.51316
3139	2.535e-05	1.50488	1.50212
3140	2.536e-05	1.50626	1.50764
3141	2.537e-05	1.5104	1.52144
3142	2.538e-05	1.50488	1.5104
3143	2.539e-05	1.5104	1.51178
3144	2.54e-05	1.51178	1.52144
3145	2.541e-05	1.50902	1.50488
3146	2.542e-05	1.50764	1.49246
3147	2.543e-05	1.5104	1.51178
3148	2.544e-05	1.50074	1.50902
3149	2.545e-05	1.50626	1.50902
3150	2.546e-05	1.50902	1.51316
3151	2.547e-05	1.50212	1.50902
3152	2.548e-05	1.50764	1.51178
3153	2.549e-05	1.50764	1.51316
3154	2.55e-05	1.50764	1.50626
3155	2.551e-05	1.50212	1.50902
3156	2.552e-05	1.5104	1.5104
3157	2.553e-05	1.50212	1.5104
3158	2.554e-05	1.50764	1.51316
3159	2.555e-05	1.50764	1.50902
3160	2.556e-05	1.50626	1.50902
3161	2.557e-05	1.5104	1.5104
3162	2.558e-05	1.50626	1.50764
3163	2.559e-05	1.50902	1.5104
3164	2.56e-05	1.5104	1.50764
3165	2.561e-05	1.51316	1.50626
3166	2.562e-05	1.50902	1.5104
3167	2.563e-05	1.5104	1.5104
3168	2.564e-05	1.50074	1.50902
3169	2.565e-05	1.50902	1.51178
3170	2.566e-05	1.50902	1.50902
3171	2.567e-05	1.5104	1.50902
3172	2.568e-05	1.50902	1.5104
3173	2.569e-05	1.50626	1.5104
3174	2.57e-05	1.5104	1.50902
3175	2.571e-05	1.50764	1.52144
3176	2.572e-05	1.50902	1.50764
3177	2.573e-05	1.50764	1.50074
3178	2.574e-05	1.51178	1.51868
3179	2.575e-05	1.50488	1.50488
3180	2.576e-05	1.50626	1.50626
3181	2.577e-05	1.50626	1.51868
3182	2.578e-05	1.50488	1.50764
3183	2.579e-05	1.50902	1.51454
3184	2.58e-05	1.50764	1.51454
3185	2.581e-05	1.50626	1.49108
3186	2.582e-05	1.50764	1.51454
3187	2.583e-05	1.50902	1.52282
3188	2.584e-05	1.49522	1.50074
3189	2.585e-05	1.51454	1.52282
3190	2.586e-05	1.50764	1.5104
3191	2.587e-05	1.50488	1.5035
3192	2.588e-05	1.51454	1.51868
3193	2.589e-05	1.50212	1.50488
3194	2.59e-05	1.50902	1.50764
3195	2.591e-05	1.5104	1.51454
3196	2.592e-05	1.50212	1.50488
3197	2.593e-05	1.50764	1.51454
3198	2.594e-05	1.50902	1.51316
3199	2.595e-05	1.50488	1.50488
