Sample	Time(S)	CH1(V)	CH2(V)
0	-0.0016	1.42064	1.67158
1	-0.001599	1.41001	1.67158
2	-0.001598	1.40697	1.67006
3	-0.001597	1.40242	1.67158
4	-0.001596	1.39938	1.67158
5	-0.001595	1.39028	1.67158
6	-0.001594	1.38876	1.66854
7	-0.001593	1.38269	1.67006
8	-0.001592	1.37813	1.67006
9	-0.001591	1.37054	1.67006
10	-0.00159	1.3675	1.67006
11	-0.001589	1.36143	1.66854
12	-0.001588	1.35536	1.67158
13	-0.001587	1.35384	1.67006
14	-0.001586	1.34777	1.67158
15	-0.001585	1.34018	1.67006
16	-0.001584	1.33714	1.67006
17	-0.001583	1.33259	1.67006
18	-0.001582	1.325	1.67006
19	-0.001581	1.32196	1.67006
20	-0.00158	1.31893	1.67006
21	-0.001579	1.31286	1.67006
22	-0.001578	1.30678	1.67158
23	-0.001577	1.29919	1.67158
24	-0.001576	1.29919	1.66854
25	-0.001575	1.2916	1.67006
26	-0.001574	1.28553	1.67006
27	-0.001573	1.28249	1.67158
28	-0.001572	1.27794	1.66854
29	-0.001571	1.27035	1.67158
30	-0.00157	1.2658	1.67158
31	-0.001569	1.26428	1.67158
32	-0.001568	1.25821	1.67158
33	-0.001567	1.25062	1.67158
34	-0.001566	1.24758	1.67158
35	-0.001565	1.24303	1.67158
36	-0.001564	1.23999	1.67158
37	-0.001563	1.23088	1.67158
38	-0.001562	1.22784	1.67158
39	-0.001561	1.22329	1.67006
40	-0.00156	1.21722	1.6731
41	-0.001559	1.2157	1.67006
42	-0.001558	1.20811	1.6731
43	-0.001557	1.20204	1.6731
44	-0.001556	1.19597	1.6731
45	-0.001555	1.19293	1.67006
46	-0.001554	1.18838	1.6731
47	-0.001553	1.1823	1.6731
48	-0.001552	1.17623	1.67158
49	-0.001551	1.1732	1.67158
50	-0.00155	1.16712	1.6731
51	-0.001549	1.16105	1.6731
52	-0.001548	1.15801	1.6731
53	-0.001547	1.15194	1.6731
54	-0.001546	1.14587	1.6731
55	-0.001545	1.14587	1.6731
56	-0.001544	1.13676	1.6731
57	-0.001543	1.13069	1.6731
58	-0.001542	1.12614	1.6731
59	-0.001541	1.12614	1.6731
60	-0.00154	1.11703	1.6731
61	-0.001539	1.11096	1.6731
62	-0.001538	1.10792	1.6731
63	-0.001537	1.10337	1.6731
64	-0.001536	1.09729	1.67461
65	-0.001535	1.09274	1.67158
66	-0.001534	1.08667	1.67158
67	-0.001533	1.08363	1.6731
68	-0.001532	1.07756	1.67461
69	-0.001531	1.07452	1.67158
70	-0.00153	1.06693	1.67158
71	-0.001529	1.06086	1.67461
72	-0.001528	1.05631	1.67461
73	-0.001527	1.05479	1.67461
74	-0.001526	1.04568	1.67461
75	-0.001525	1.04264	1.67461
76	-0.001524	1.03809	1.67461
77	-0.001523	1.03505	1.67461
78	-0.001522	1.02746	1.67461
79	-0.001521	1.02291	1.67461
80	-0.00152	1.01987	1.6731
81	-0.001519	1.0138	1.67613
82	-0.001518	1.00773	1.6731
83	-0.001517	1.00469	1.67461
84	-0.001516	0.997102	1.67461
85	-0.001515	0.994066	1.6731
86	-0.001514	0.987994	1.67613
87	-0.001513	0.984958	1.67461
88	-0.001512	0.977368	1.6731
89	-0.001511	0.971295	1.67613
90	-0.00151	0.969777	1.6731
91	-0.001509	0.965223	1.67461
92	-0.001508	0.959151	1.67461
93	-0.001507	0.951561	1.67461
94	-0.001506	0.950043	1.67461
95	-0.001505	0.943971	1.67461
96	-0.001504	0.937898	1.67613
97	-0.001503	0.934862	1.67613
98	-0.001502	0.92879	1.67613
99	-0.001501	0.9212	1.67613
100	-0.0015	0.915128	1.67613
101	-0.001499	0.91361	1.67613
102	-0.001498	0.907538	1.67613
103	-0.001497	0.901465	1.67613
104	-0.001496	0.898429	1.67613
105	-0.001495	0.892357	1.67613
106	-0.001494	0.889321	1.67613
107	-0.001493	0.881731	1.67613
108	-0.001492	0.878695	1.67613
109	-0.001491	0.872622	1.67613
110	-0.00149	0.868068	1.67765
111	-0.001489	0.865032	1.67461
112	-0.001488	0.85896	1.67613
113	-0.001487	0.85137	1.67765
114	-0.001486	0.85137	1.67765
115	-0.001485	0.845298	1.67765
116	-0.001484	0.840744	1.67765
117	-0.001483	0.831635	1.67765
118	-0.001482	0.831635	1.67765
119	-0.001481	0.824045	1.67765
120	-0.00148	0.819491	1.67765
121	-0.001479	0.813419	1.67765
122	-0.001478	0.810383	1.67765
123	-0.001477	0.804311	1.67765
124	-0.001476	0.798238	1.67613
125	-0.001475	0.795202	1.67917
126	-0.001474	0.78913	1.67765
127	-0.001473	0.783058	1.67765
128	-0.001472	0.78154	1.67765
129	-0.001471	0.775468	1.67765
130	-0.00147	0.770914	1.67917
131	-0.001469	0.763323	1.67917
132	-0.001468	0.761805	1.67917
133	-0.001467	0.754215	1.67917
134	-0.001466	0.751179	1.67917
135	-0.001465	0.745107	1.67917
136	-0.001464	0.742071	1.67917
137	-0.001463	0.73448	1.68069
138	-0.001462	0.731444	1.67765
139	-0.001461	0.728408	1.67917
140	-0.00146	0.720818	1.67917
141	-0.001459	0.713228	1.67917
142	-0.001458	0.710192	1.67613
143	-0.001457	0.705638	1.67917
144	-0.001456	0.702602	1.67917
145	-0.001455	0.693493	1.67917
146	-0.001454	0.691975	1.67765
147	-0.001453	0.687421	1.68069
148	-0.001452	0.679831	1.68069
149	-0.001451	0.675277	1.68069
150	-0.00145	0.673759	1.68069
151	-0.001449	0.666168	1.67917
152	-0.001448	0.660096	1.67917
153	-0.001447	0.658578	1.67917
154	-0.001446	0.650988	1.67917
155	-0.001445	0.646434	1.67917
156	-0.001444	0.640362	1.67765
157	-0.001443	0.638844	1.68069
158	-0.001442	0.631253	1.67917
159	-0.001441	0.623663	1.67917
160	-0.00144	0.622145	1.67917
161	-0.001439	0.616073	1.67917
162	-0.001438	0.611519	1.67917
163	-0.001437	0.608483	1.67917
164	-0.001436	0.600893	1.67765
165	-0.001435	0.59482	1.67765
166	-0.001434	0.590266	1.67917
167	-0.001433	0.58723	1.67765
168	-0.001432	0.57964	1.67917
169	-0.001431	0.575086	1.67917
170	-0.00143	0.569014	1.67917
171	-0.001429	0.567496	1.67917
172	-0.001428	0.561423	1.67765
173	-0.001427	0.553833	1.67765
174	-0.001426	0.550797	1.67765
175	-0.001425	0.544725	1.67765
176	-0.001424	0.540171	1.67765
177	-0.001423	0.535617	1.67765
178	-0.001422	0.529544	1.67765
179	-0.001421	0.526508	1.67765
180	-0.00142	0.518918	1.67765
181	-0.001419	0.5174	1.67765
182	-0.001418	0.50981	1.67765
183	-0.001417	0.505256	1.67765
184	-0.001416	0.499184	1.67765
185	-0.001415	0.497666	1.67765
186	-0.001414	0.490075	1.67765
187	-0.001413	0.485521	1.67765
188	-0.001412	0.479449	1.67765
189	-0.001411	0.476413	1.67765
190	-0.00141	0.470341	1.67765
191	-0.001409	0.465787	1.67613
192	-0.001408	0.461232	1.67917
193	-0.001407	0.45516	1.67765
194	-0.001406	0.449088	1.67917
195	-0.001405	0.44757	1.67917
196	-0.001404	0.43998	1.67917
197	-0.001403	0.43239	1.67613
198	-0.001402	0.429354	1.67765
199	-0.001401	0.426317	1.67765
200	-0.0014	0.418727	1.67765
201	-0.001399	0.415691	1.67765
202	-0.001398	0.411137	1.67765
203	-0.001397	0.405065	1.67765
204	-0.001396	0.398993	1.67765
205	-0.001395	0.394439	1.67765
206	-0.001394	0.391402	1.67765
207	-0.001393	0.38533	1.67765
208	-0.001392	0.37774	1.67765
209	-0.001391	0.37774	1.67765
210	-0.00139	0.37015	1.67765
211	-0.001389	0.36256	1.67765
212	-0.001388	0.36256	1.67765
213	-0.001387	0.358005	1.67765
214	-0.001386	0.350415	1.67765
215	-0.001385	0.344343	1.67613
216	-0.001384	0.342825	1.67917
217	-0.001383	0.333717	1.67765
218	-0.001382	0.330681	1.67765
219	-0.001381	0.324609	1.67765
220	-0.00138	0.321572	1.67765
221	-0.001379	0.313982	1.67765
222	-0.001378	0.310946	1.67765
223	-0.001377	0.30791	1.67765
224	-0.001376	0.30032	1.67765
225	-0.001375	0.294248	1.67765
226	-0.001374	0.294248	1.67765
227	-0.001373	0.286657	1.67765
228	-0.001372	0.283621	1.67765
229	-0.001371	0.276031	1.67613
230	-0.00137	0.274513	1.67917
231	-0.001369	0.265405	1.67613
232	-0.001368	0.260851	1.67765
233	-0.001367	0.257815	1.67765
234	-0.001366	0.251742	1.67765
235	-0.001365	0.24567	1.67765
236	-0.001364	0.242634	1.67765
237	-0.001363	0.23808	1.67765
238	-0.001362	0.23049	1.67613
239	-0.001361	0.224418	1.67917
240	-0.00136	0.224418	1.67765
241	-0.001359	0.216827	1.67765
242	-0.001358	0.209237	1.67765
243	-0.001357	0.204683	1.67765
244	-0.001356	0.203165	1.67765
245	-0.001355	0.197093	1.67765
246	-0.001354	0.191021	1.67765
247	-0.001353	0.186466	1.67765
248	-0.001352	0.181912	1.67765
249	-0.001351	0.17584	1.67765
250	-0.00135	0.171286	1.67765
251	-0.001349	0.16825	1.67765
252	-0.001348	0.16066	1.67765
253	-0.001347	0.154588	1.67765
254	-0.001346	0.153069	1.67765
255	-0.001345	0.146997	1.67765
256	-0.001344	0.139407	1.67765
257	-0.001343	0.134853	1.67765
258	-0.001342	0.131817	1.67765
259	-0.001341	0.125745	1.67765
260	-0.00134	0.121191	1.67765
261	-0.001339	0.118154	1.67613
262	-0.001338	0.112082	1.67917
263	-0.001337	0.10601	1.67765
264	-0.001336	0.101456	1.67765
265	-0.001335	0.0984199	1.67917
266	-0.001334	0.0908297	1.67613
267	-0.001333	0.0862755	1.67765
268	-0.001332	0.0832395	1.67765
269	-0.001331	0.0786853	1.67765
270	-0.00133	0.0695771	1.67765
271	-0.001329	0.066541	1.67765
272	-0.001328	0.0635049	1.67765
273	-0.001327	0.0559147	1.67613
274	-0.001326	0.0528786	1.67917
275	-0.001325	0.0468064	1.67613
276	-0.001324	0.0407342	1.67613
277	-0.001323	0.0361801	1.67917
278	-0.001322	0.031626	1.67765
279	-0.001321	0.0285899	1.67765
280	-0.00132	0.0209996	1.67765
281	-0.001319	0.0149275	1.67765
282	-0.001318	0.0118914	1.67765
283	-0.001317	0.0058192	1.67765
284	-0.001316	0.00126507	1.67765
285	-0.001315	-0.00632516	1.67765
286	-0.001314	0.00126507	1.67917
287	-0.001313	0.00733724	1.67613
288	-0.001312	0.0118914	1.67765
289	-0.001311	0.0149275	1.67765
290	-0.00131	0.0209996	1.67765
291	-0.001309	0.0285899	1.67765
292	-0.001308	0.031626	1.67765
293	-0.001307	0.0376981	1.67765
294	-0.001306	0.0422523	1.67765
295	-0.001305	0.0483244	1.67765
296	-0.001304	0.0528786	1.67613
297	-0.001303	0.0559147	1.67917
298	-0.001302	0.0619868	1.67613
299	-0.001301	0.0650229	1.67765
300	-0.0013	0.0710951	1.67765
301	-0.001299	0.0786853	1.67765
302	-0.001298	0.0847575	1.67765
303	-0.001297	0.0847575	1.67765
304	-0.001296	0.0908297	1.67765
305	-0.001295	0.0984199	1.67765
306	-0.001294	0.104492	1.67765
307	-0.001293	0.107528	1.67765
308	-0.001292	0.110564	1.67917
309	-0.001291	0.118154	1.67765
310	-0.00129	0.118154	1.67765
311	-0.001289	0.127263	1.67765
312	-0.001288	0.131817	1.67765
313	-0.001287	0.134853	1.67765
314	-0.001286	0.140925	1.67765
315	-0.001285	0.145479	1.67765
316	-0.001284	0.153069	1.67765
317	-0.001283	0.154588	1.67765
318	-0.001282	0.16066	1.67765
319	-0.001281	0.16825	1.67613
320	-0.00128	0.171286	1.67917
321	-0.001279	0.17584	1.67613
322	-0.001278	0.181912	1.67765
323	-0.001277	0.186466	1.67765
324	-0.001276	0.191021	1.67917
325	-0.001275	0.197093	1.67613
326	-0.001274	0.201647	1.67765
327	-0.001273	0.206201	1.67765
328	-0.001272	0.209237	1.67765
329	-0.001271	0.216827	1.67765
330	-0.00127	0.221381	1.67765
331	-0.001269	0.225936	1.67613
332	-0.001268	0.23049	1.67917
333	-0.001267	0.236562	1.67613
334	-0.001266	0.241116	1.67765
335	-0.001265	0.24567	1.67765
336	-0.001264	0.25326	1.67765
337	-0.001263	0.256297	1.67765
338	-0.001262	0.260851	1.67765
339	-0.001261	0.266923	1.67765
340	-0.00126	0.272995	1.67765
341	-0.001259	0.276031	1.67765
342	-0.001258	0.283621	1.67613
343	-0.001257	0.286657	1.67917
344	-0.001256	0.29273	1.67765
345	-0.001255	0.295766	1.67765
346	-0.001254	0.30032	1.67613
347	-0.001253	0.309428	1.67917
348	-0.001252	0.309428	1.67765
349	-0.001251	0.3155	1.67765
350	-0.00125	0.321572	1.67765
351	-0.001249	0.326127	1.67765
352	-0.001248	0.329163	1.67765
353	-0.001247	0.336753	1.67765
354	-0.001246	0.339789	1.67765
355	-0.001245	0.344343	1.67765
356	-0.001244	0.347379	1.67765
357	-0.001243	0.354969	1.67765
358	-0.001242	0.361042	1.67765
359	-0.001241	0.364078	1.67765
360	-0.00124	0.37015	1.67765
361	-0.001239	0.376222	1.67765
362	-0.001238	0.379258	1.67765
363	-0.001237	0.382294	1.67765
364	-0.001236	0.391402	1.67765
365	-0.001235	0.394439	1.67613
366	-0.001234	0.400511	1.67917
367	-0.001233	0.403547	1.67613
368	-0.001232	0.411137	1.67765
369	-0.001231	0.414173	1.67765
370	-0.00123	0.417209	1.67765
371	-0.001229	0.426317	1.67765
372	-0.001228	0.429354	1.67765
373	-0.001227	0.43239	1.67765
374	-0.001226	0.438462	1.67765
375	-0.001225	0.446052	1.67765
376	-0.001224	0.449088	1.67765
377	-0.001223	0.453642	1.67765
378	-0.001222	0.461232	1.67613
379	-0.001221	0.464269	1.67917
380	-0.00122	0.470341	1.67765
381	-0.001219	0.474895	1.67765
382	-0.001218	0.480967	1.67765
383	-0.001217	0.484003	1.67765
384	-0.001216	0.488557	1.67765
385	-0.001215	0.496148	1.67765
386	-0.001214	0.499184	1.67765
387	-0.001213	0.503738	1.67765
388	-0.001212	0.50981	1.67765
389	-0.001211	0.515882	1.67613
390	-0.00121	0.520436	1.67917
391	-0.001209	0.523472	1.67613
392	-0.001208	0.529544	1.67765
393	-0.001207	0.535617	1.67765
394	-0.001206	0.538653	1.67765
395	-0.001205	0.544725	1.67765
396	-0.001204	0.550797	1.67613
397	-0.001203	0.553833	1.67765
398	-0.001202	0.558387	1.67765
399	-0.001201	0.565978	1.67765
400	-0.0012	0.570532	1.67765
401	-0.001199	0.573568	1.67765
402	-0.001198	0.57964	1.67765
403	-0.001197	0.58723	1.67765
404	-0.001196	0.588748	1.67765
405	-0.001195	0.59482	1.67765
406	-0.001194	0.599375	1.67765
407	-0.001193	0.605447	1.67613
408	-0.001192	0.610001	1.67765
409	-0.001191	0.616073	1.67765
410	-0.00119	0.620627	1.67765
411	-0.001189	0.623663	1.67765
412	-0.001188	0.628217	1.67765
413	-0.001187	0.637326	1.67765
414	-0.001186	0.640362	1.67765
415	-0.001185	0.643398	1.67765
416	-0.001184	0.64947	1.67613
417	-0.001183	0.65706	1.67765
418	-0.001182	0.660096	1.67613
419	-0.001181	0.66465	1.67613
420	-0.00118	0.670723	1.67613
421	-0.001179	0.673759	1.67613
422	-0.001178	0.678313	1.67613
423	-0.001177	0.684385	1.67613
424	-0.001176	0.690457	1.67613
425	-0.001175	0.693493	1.67613
426	-0.001174	0.701083	1.6731
427	-0.001173	0.70412	1.67461
428	-0.001172	0.710192	1.67461
429	-0.001171	0.714746	1.67461
430	-0.00117	0.717782	1.6731
431	-0.001169	0.72689	1.6731
432	-0.001168	0.729926	1.6731
433	-0.001167	0.73448	1.6731
434	-0.001166	0.737517	1.6731
435	-0.001165	0.745107	1.67006
436	-0.001164	0.748143	1.67158
437	-0.001163	0.755733	1.67461
438	-0.001162	0.761805	1.67006
439	-0.001161	0.761805	1.67158
440	-0.00116	0.767877	1.67158
441	-0.001159	0.775468	1.67006
442	-0.001158	0.780022	1.67158
443	-0.001157	0.783058	1.66854
444	-0.001156	0.790648	1.67006
445	-0.001155	0.795202	1.67006
446	-0.001154	0.798238	1.67006
447	-0.001153	0.804311	1.66854
448	-0.001152	0.808865	1.67158
449	-0.001151	0.811901	1.67006
450	-0.00115	0.819491	1.67006
451	-0.001149	0.824045	1.66854
452	-0.001148	0.831635	1.66854
453	-0.001147	0.833153	1.66854
454	-0.001146	0.837707	1.66854
455	-0.001145	0.845298	1.66854
456	-0.001144	0.849852	1.66854
457	-0.001143	0.852888	1.66854
458	-0.001142	0.857442	1.66854
459	-0.001141	0.865032	1.66854
460	-0.00114	0.868068	1.66854
461	-0.001139	0.874141	1.66854
462	-0.001138	0.880213	1.66854
463	-0.001137	0.883249	1.66854
464	-0.001136	0.887803	1.66854
465	-0.001135	0.893875	1.66854
466	-0.001134	0.899947	1.66854
467	-0.001133	0.899947	1.66702
468	-0.001132	0.907538	1.66702
469	-0.001131	0.91361	1.66854
470	-0.00113	0.915128	1.66854
471	-0.001129	0.922718	1.66854
472	-0.001128	0.927272	1.66399
473	-0.001127	0.934862	1.66702
474	-0.001126	0.93638	1.66702
475	-0.001125	0.940934	1.66702
476	-0.001124	0.950043	1.66399
477	-0.001123	0.951561	1.66854
478	-0.001122	0.959151	1.66399
479	-0.001121	0.965223	1.66702
480	-0.00112	0.969777	1.66702
481	-0.001119	0.971295	1.66702
482	-0.001118	0.980404	1.66702
483	-0.001117	0.98344	1.66399
484	-0.001116	0.987994	1.66854
485	-0.001115	0.994066	1.66702
486	-0.001114	0.997102	1.66702
487	-0.001113	1.00469	1.66702
488	-0.001112	1.00925	1.66702
489	-0.001111	1.01228	1.66702
490	-0.00111	1.01987	1.66399
491	-0.001109	1.02291	1.66854
492	-0.001108	1.02746	1.66399
493	-0.001107	1.03505	1.66399
494	-0.001106	1.03809	1.66854
495	-0.001105	1.04113	1.66399
496	-0.001104	1.05023	1.66702
497	-0.001103	1.05479	1.66702
498	-0.001102	1.05782	1.66702
499	-0.001101	1.06238	1.66399
500	-0.0011	1.06845	1.66399
501	-0.001099	1.07604	1.66399
502	-0.001098	1.07604	1.66399
503	-0.001097	1.08363	1.66399
504	-0.001096	1.0897	1.66399
505	-0.001095	1.09122	1.66399
506	-0.001094	1.09729	1.66399
507	-0.001093	1.10337	1.66399
508	-0.001092	1.1064	1.66399
509	-0.001091	1.11247	1.66399
510	-0.00109	1.12006	1.66399
511	-0.001089	1.12462	1.66399
512	-0.001088	1.12614	1.66399
513	-0.001087	1.13069	1.66247
514	-0.001086	1.13828	1.66095
515	-0.001085	1.14587	1.66399
516	-0.001084	1.14739	1.66247
517	-0.001083	1.15346	1.66702
518	-0.001082	1.15953	1.66399
519	-0.001081	1.16105	1.66095
520	-0.00108	1.16864	1.66247
521	-0.001079	1.17471	1.66247
522	-0.001078	1.17775	1.66247
523	-0.001077	1.18079	1.66095
524	-0.001076	1.18838	1.66247
525	-0.001075	1.19445	1.66247
526	-0.001074	1.199	1.66247
527	-0.001073	1.20204	1.66247
528	-0.001072	1.20811	1.66247
529	-0.001071	1.21418	1.66095
530	-0.00107	1.21722	1.66095
531	-0.001069	1.22329	1.66247
532	-0.001068	1.22936	1.66247
533	-0.001067	1.2324	1.66247
534	-0.001066	1.23695	1.66247
535	-0.001065	1.24303	1.66247
536	-0.001064	1.2491	1.66095
537	-0.001063	1.25062	1.66095
538	-0.001062	1.25821	1.66247
539	-0.001061	1.26428	1.66095
540	-0.00106	1.2658	1.66095
541	-0.001059	1.27339	1.66399
542	-0.001058	1.27642	1.65943
543	-0.001057	1.27946	1.66095
544	-0.001056	1.28857	1.66095
545	-0.001055	1.29312	1.66095
546	-0.001054	1.29919	1.66095
547	-0.001053	1.29919	1.66095
548	-0.001052	1.30678	1.66095
549	-0.001051	1.31286	1.65943
550	-0.00105	1.31741	1.66095
551	-0.001049	1.32196	1.66095
552	-0.001048	1.325	1.66095
553	-0.001047	1.33259	1.65943
554	-0.001046	1.33563	1.66095
555	-0.001045	1.3417	1.65943
556	-0.001044	1.34777	1.66095
557	-0.001043	1.35232	1.66095
558	-0.001042	1.3584	1.66095
559	-0.001041	1.36447	1.66095
560	-0.00104	1.3675	1.66095
561	-0.001039	1.37206	1.66095
562	-0.001038	1.37661	1.65943
563	-0.001037	1.3842	1.66247
564	-0.001036	1.38724	1.65943
565	-0.001035	1.39028	1.66095
566	-0.001034	1.39938	1.66095
567	-0.001033	1.40242	1.66095
568	-0.001032	1.40546	1.66095
569	-0.001031	1.41305	1.65943
570	-0.00103	1.42064	1.65943
571	-0.001029	1.42064	1.65943
572	-0.001028	1.42823	1.65791
573	-0.001027	1.4343	1.65943
574	-0.001026	1.43885	1.65943
575	-0.001025	1.44037	1.65943
576	-0.001024	1.44796	1.65943
577	-0.001023	1.451	1.65943
578	-0.001022	1.46011	1.65943
579	-0.001021	1.46011	1.65943
580	-0.00102	1.46921	1.65943
581	-0.001019	1.47225	1.65943
582	-0.001018	1.4768	1.65943
583	-0.001017	1.48136	1.65791
584	-0.001016	1.49047	1.65791
585	-0.001015	1.4935	1.65791
586	-0.001014	1.49806	1.6564
587	-0.001013	1.50261	1.65943
588	-0.001012	1.50717	1.65791
589	-0.001011	1.51172	1.65791
590	-0.00101	1.51779	1.65791
591	-0.001009	1.52386	1.6564
592	-0.001008	1.52538	1.65791
593	-0.001007	1.53145	1.65791
594	-0.001006	1.53753	1.65791
595	-0.001005	1.5436	1.6564
596	-0.001004	1.54663	1.65791
597	-0.001003	1.55271	1.65791
598	-0.001002	1.5603	1.65791
599	-0.001001	1.56333	1.65791
600	-0.001	1.56789	1.65791
601	-0.000999	1.57244	1.65791
602	-0.000998	1.58003	1.65791
603	-0.000997	1.58003	1.65791
604	-0.000996	1.58762	1.65791
605	-0.000995	1.59369	1.6564
606	-0.000994	1.59673	1.6564
607	-0.000993	1.60128	1.6564
608	-0.000992	1.61039	1.6564
609	-0.000991	1.61343	1.65488
610	-0.00099	1.61646	1.65943
611	-0.000989	1.62102	1.6564
612	-0.000988	1.63013	1.6564
613	-0.000987	1.63316	1.6564
614	-0.000986	1.6362	1.6564
615	-0.000985	1.64379	1.6564
616	-0.000984	1.64683	1.6564
617	-0.000983	1.64986	1.6564
618	-0.000982	1.65745	1.6564
619	-0.000981	1.66352	1.6564
620	-0.00098	1.66656	1.6564
621	-0.000979	1.67263	1.65488
622	-0.000978	1.67719	1.65488
623	-0.000977	1.68326	1.6564
624	-0.000976	1.68629	1.6564
625	-0.000975	1.69388	1.65488
626	-0.000974	1.69692	1.65488
627	-0.000973	1.70299	1.65488
628	-0.000972	1.70603	1.65488
629	-0.000971	1.71362	1.65488
630	-0.00097	1.71666	1.65488
631	-0.000969	1.71969	1.65488
632	-0.000968	1.72728	1.65488
633	-0.000967	1.73335	1.65488
634	-0.000966	1.73487	1.6564
635	-0.000965	1.74094	1.65488
636	-0.000964	1.74853	1.65488
637	-0.000963	1.75461	1.65336
638	-0.000962	1.75461	1.6564
639	-0.000961	1.7622	1.65336
640	-0.00096	1.76979	1.65488
641	-0.000959	1.7713	1.65488
642	-0.000958	1.77586	1.65488
643	-0.000957	1.78041	1.65488
644	-0.000956	1.78649	1.65488
645	-0.000955	1.79256	1.65488
646	-0.000954	1.79711	1.65488
647	-0.000953	1.80318	1.65488
648	-0.000952	1.8047	1.65488
649	-0.000951	1.80926	1.65336
650	-0.00095	1.81836	1.65336
651	-0.000949	1.82444	1.65336
652	-0.000948	1.82595	1.65336
653	-0.000947	1.83051	1.65336
654	-0.000946	1.83658	1.65336
655	-0.000945	1.83962	1.65336
656	-0.000944	1.84569	1.65336
657	-0.000943	1.85328	1.65488
658	-0.000942	1.85632	1.65184
659	-0.000941	1.85935	1.65336
660	-0.00094	1.86694	1.65336
661	-0.000939	1.8715	1.65336
662	-0.000938	1.87453	1.65336
663	-0.000937	1.88212	1.65336
664	-0.000936	1.88668	1.65032
665	-0.000935	1.88971	1.65184
666	-0.000934	1.89427	1.65184
667	-0.000933	1.90034	1.65184
668	-0.000932	1.90641	1.65032
669	-0.000931	1.91096	1.65336
670	-0.00093	1.91552	1.65184
671	-0.000929	1.92159	1.65184
672	-0.000928	1.92615	1.65184
673	-0.000927	1.92918	1.65184
674	-0.000926	1.93677	1.65184
675	-0.000925	1.94284	1.65184
676	-0.000924	1.94436	1.65184
677	-0.000923	1.95043	1.65184
678	-0.000922	1.95802	1.65184
679	-0.000921	1.95954	1.65184
680	-0.00092	1.96713	1.65184
681	-0.000919	1.97017	1.65032
682	-0.000918	1.97624	1.65032
683	-0.000917	1.98079	1.65032
684	-0.000916	1.98687	1.65032
685	-0.000915	1.99294	1.65032
686	-0.000914	1.99598	1.65032
687	-0.000913	1.99901	1.65032
688	-0.000912	2.00508	1.65032
689	-0.000911	2.01116	1.64881
690	-0.00091	2.01267	1.64881
691	-0.000909	2.02026	1.65032
692	-0.000908	2.02785	1.64881
693	-0.000907	2.03089	1.65184
694	-0.000906	2.03544	1.64881
695	-0.000905	2.03848	1.64881
696	-0.000904	2.04455	1.64881
697	-0.000903	2.04911	1.64881
698	-0.000902	2.05518	1.64881
699	-0.000901	2.06125	1.64881
700	-0.0009	2.06732	1.64881
701	-0.000899	2.07188	1.64881
702	-0.000898	2.07491	1.64881
703	-0.000897	2.08099	1.64729
704	-0.000896	2.08402	1.64881
705	-0.000895	2.09009	1.64577
706	-0.000894	2.09768	1.64729
707	-0.000893	2.0992	1.64729
708	-0.000892	2.10527	1.64729
709	-0.000891	2.11135	1.64729
710	-0.00089	2.11894	1.64577
711	-0.000889	2.11894	1.64729
712	-0.000888	2.12501	1.64729
713	-0.000887	2.13108	1.64729
714	-0.000886	2.13412	1.64729
715	-0.000885	2.13867	1.64729
716	-0.000884	2.14626	1.64729
717	-0.000883	2.15082	1.64577
718	-0.000882	2.15385	1.64729
719	-0.000881	2.15992	1.64729
720	-0.00088	2.16751	1.64273
721	-0.000879	2.17055	1.64273
722	-0.000878	2.1751	1.64577
723	-0.000877	2.17966	1.64577
724	-0.000876	2.18725	1.64273
725	-0.000875	2.18877	1.64577
726	-0.000874	2.19484	1.64273
727	-0.000873	2.20091	1.64273
728	-0.000872	2.20243	1.64273
729	-0.000871	2.21002	1.64273
730	-0.00087	2.21457	1.64273
731	-0.000869	2.22065	1.64273
732	-0.000868	2.22368	1.64273
733	-0.000867	2.22824	1.6397
734	-0.000866	2.23583	1.64122
735	-0.000865	2.24038	1.6397
736	-0.000864	2.24342	1.6397
737	-0.000863	2.24949	1.6397
738	-0.000862	2.25708	1.6397
739	-0.000861	2.2586	1.6397
740	-0.00086	2.26467	1.63666
741	-0.000859	2.27074	1.63666
742	-0.000858	2.27378	1.63666
743	-0.000857	2.28137	1.63514
744	-0.000856	2.2844	1.63363
745	-0.000855	2.29048	1.63363
746	-0.000854	2.29351	1.63363
747	-0.000853	2.3011	1.63211
748	-0.000852	2.30566	1.62907
749	-0.000851	2.31021	1.62907
750	-0.00085	2.31628	1.62907
751	-0.000849	2.31932	1.62604
752	-0.000848	2.32691	1.62452
753	-0.000847	2.32843	1.623
754	-0.000846	2.3345	1.61845
755	-0.000845	2.34057	1.61693
756	-0.000844	2.34361	1.61541
757	-0.000843	2.34664	1.61086
758	-0.000842	2.35727	1.60934
759	-0.000841	2.36182	1.60478
760	-0.00084	2.36334	1.60327
761	-0.000839	2.36941	1.59568
762	-0.000838	2.37549	1.59416
763	-0.000837	2.37852	1.58808
764	-0.000836	2.38459	1.58657
765	-0.000835	2.39067	1.57746
766	-0.000834	2.3937	1.57139
767	-0.000833	2.39826	1.56987
768	-0.000832	2.40585	1.56228
769	-0.000831	2.41192	1.55469
770	-0.00083	2.41344	1.55013
771	-0.000829	2.42103	1.54103
772	-0.000828	2.42558	1.53192
773	-0.000827	2.43165	1.52433
774	-0.000826	2.43317	1.5137
775	-0.000825	2.43924	1.50611
776	-0.000824	2.44683	1.497
777	-0.000823	2.44835	1.48638
778	-0.000822	2.45442	1.47575
779	-0.000821	2.45898	1.46512
780	-0.00082	2.46657	1.45602
781	-0.000819	2.46809	1.44539
782	-0.000818	2.47416	1.43324
783	-0.000817	2.47871	1.42262
784	-0.000816	2.48479	1.41351
785	-0.000815	2.4863	1.4044
786	-0.000814	2.48327	1.39681
787	-0.000813	2.48023	1.39378
788	-0.000812	2.47416	1.39226
789	-0.000811	2.46809	1.38922
790	-0.00081	2.46657	1.38619
791	-0.000809	2.45746	1.3877
792	-0.000808	2.45442	1.3877
793	-0.000807	2.44835	1.3877
794	-0.000806	2.44683	1.39074
795	-0.000805	2.43924	1.39378
796	-0.000804	2.43317	1.39529
797	-0.000803	2.43014	1.39833
798	-0.000802	2.42558	1.40592
799	-0.000801	2.41951	1.40896
800	-0.0008	2.41344	1.41503
801	-0.000799	2.41192	1.4211
802	-0.000798	2.40281	1.43021
803	-0.000797	2.39978	1.43628
804	-0.000796	2.39674	1.44387
805	-0.000795	2.38915	1.45298
806	-0.000794	2.38459	1.46361
807	-0.000793	2.37852	1.47423
808	-0.000792	2.37549	1.48334
809	-0.000791	2.36941	1.49397
810	-0.00079	2.36334	1.50459
811	-0.000789	2.36031	1.51522
812	-0.000788	2.35423	1.52736
813	-0.000787	2.34664	1.53951
814	-0.000786	2.34361	1.55013
815	-0.000785	2.34057	1.56228
816	-0.000784	2.3345	1.57139
817	-0.000783	2.32843	1.58201
818	-0.000782	2.32387	1.5896
819	-0.000781	2.32084	1.59719
820	-0.00078	2.31325	1.60782
821	-0.000779	2.31173	1.61237
822	-0.000778	2.30566	1.61845
823	-0.000777	2.29807	1.62604
824	-0.000776	2.29351	1.63059
825	-0.000775	2.29199	1.63211
826	-0.000774	2.2844	1.63514
827	-0.000773	2.28137	1.63818
828	-0.000772	2.27378	1.6397
829	-0.000771	2.27074	1.64122
830	-0.00077	2.26467	1.64577
831	-0.000769	2.26011	1.64729
832	-0.000768	2.25252	1.64729
833	-0.000767	2.24949	1.64729
834	-0.000766	2.24342	1.64881
835	-0.000765	2.24038	1.64881
836	-0.000764	2.23734	1.65032
837	-0.000763	2.22975	1.65032
838	-0.000762	2.22216	1.65032
839	-0.000761	2.22216	1.65032
840	-0.00076	2.21609	1.65336
841	-0.000759	2.21002	1.65336
842	-0.000758	2.20547	1.65336
843	-0.000757	2.20243	1.65336
844	-0.000756	2.19484	1.65336
845	-0.000755	2.1918	1.65488
846	-0.000754	2.18725	1.65336
847	-0.000753	2.18118	1.65336
848	-0.000752	2.1751	1.65488
849	-0.000751	2.17055	1.65488
850	-0.00075	2.16751	1.65336
851	-0.000749	2.15992	1.6564
852	-0.000748	2.15537	1.6564
853	-0.000747	2.15082	1.65336
854	-0.000746	2.14778	1.65791
855	-0.000745	2.14171	1.65791
856	-0.000744	2.13412	1.6564
857	-0.000743	2.1326	1.6564
858	-0.000742	2.12653	1.65488
859	-0.000741	2.12046	1.65791
860	-0.00074	2.12046	1.65791
861	-0.000739	2.11286	1.6564
862	-0.000738	2.10679	1.65943
863	-0.000737	2.10072	1.65943
864	-0.000736	2.09768	1.6564
865	-0.000735	2.08858	1.65791
866	-0.000734	2.08402	1.65791
867	-0.000733	2.08402	1.65791
868	-0.000732	2.07795	1.6564
869	-0.000731	2.07188	1.65943
870	-0.00073	2.06581	1.6564
871	-0.000729	2.06277	1.6564
872	-0.000728	2.05518	1.65943
873	-0.000727	2.05214	1.65943
874	-0.000726	2.04911	1.65943
875	-0.000725	2.04152	1.65943
876	-0.000724	2.03696	1.65943
877	-0.000723	2.03089	1.66095
878	-0.000722	2.02785	1.65791
879	-0.000721	2.02178	1.65791
880	-0.00072	2.01267	1.66095
881	-0.000719	2.01116	1.65943
882	-0.000718	2.00812	1.66095
883	-0.000717	2.00205	1.66095
884	-0.000716	1.99749	1.66095
885	-0.000715	1.99142	1.66095
886	-0.000714	1.98687	1.66095
887	-0.000713	1.98079	1.66095
888	-0.000712	1.97624	1.65943
889	-0.000711	1.9732	1.66095
890	-0.00071	1.96713	1.66095
891	-0.000709	1.96106	1.66095
892	-0.000708	1.95802	1.66095
893	-0.000707	1.95043	1.66095
894	-0.000706	1.9474	1.66095
895	-0.000705	1.94436	1.66095
896	-0.000704	1.93677	1.66095
897	-0.000703	1.93374	1.66247
898	-0.000702	1.92615	1.65943
899	-0.000701	1.92159	1.66247
900	-0.0007	1.91704	1.65943
901	-0.000699	1.91096	1.66095
902	-0.000698	1.90945	1.65943
903	-0.000697	1.90186	1.66247
904	-0.000696	1.89578	1.66247
905	-0.000695	1.88971	1.66095
906	-0.000694	1.88668	1.66095
907	-0.000693	1.8806	1.66247
908	-0.000692	1.87453	1.66247
909	-0.000691	1.8715	1.66247
910	-0.00069	1.86694	1.66247
911	-0.000689	1.85935	1.66247
912	-0.000688	1.85632	1.66247
913	-0.000687	1.85176	1.66247
914	-0.000686	1.84569	1.66247
915	-0.000685	1.83962	1.66247
916	-0.000684	1.83658	1.66247
917	-0.000683	1.83051	1.66247
918	-0.000682	1.82444	1.66399
919	-0.000681	1.82292	1.66095
920	-0.00068	1.81836	1.66247
921	-0.000679	1.81077	1.66399
922	-0.000678	1.8047	1.66399
923	-0.000677	1.80318	1.66095
924	-0.000676	1.79711	1.66247
925	-0.000675	1.78952	1.66247
926	-0.000674	1.788	1.66247
927	-0.000673	1.78193	1.66247
928	-0.000672	1.77586	1.66247
929	-0.000671	1.7713	1.66399
930	-0.00067	1.76979	1.66399
931	-0.000669	1.7622	1.66399
932	-0.000668	1.75612	1.66399
933	-0.000667	1.75309	1.66399
934	-0.000666	1.74853	1.66399
935	-0.000665	1.73943	1.66247
936	-0.000664	1.73639	1.66399
937	-0.000663	1.73335	1.66399
938	-0.000662	1.7288	1.66399
939	-0.000661	1.71969	1.66247
940	-0.00066	1.71666	1.66399
941	-0.000659	1.71362	1.66247
942	-0.000658	1.70603	1.66702
943	-0.000657	1.70299	1.66247
944	-0.000656	1.69996	1.66247
945	-0.000655	1.69237	1.66702
946	-0.000654	1.68478	1.66399
947	-0.000653	1.68478	1.66399
948	-0.000652	1.6787	1.66399
949	-0.000651	1.67111	1.66702
950	-0.00065	1.66656	1.66702
951	-0.000649	1.66352	1.66702
952	-0.000648	1.65745	1.66702
953	-0.000647	1.64986	1.66702
954	-0.000646	1.64683	1.66702
955	-0.000645	1.64379	1.66702
956	-0.000644	1.6362	1.66702
957	-0.000643	1.63316	1.66702
958	-0.000642	1.63013	1.66702
959	-0.000641	1.62254	1.66702
960	-0.00064	1.61646	1.66702
961	-0.000639	1.61495	1.66702
962	-0.000638	1.60887	1.66399
963	-0.000637	1.60128	1.66854
964	-0.000636	1.59521	1.66854
965	-0.000635	1.59369	1.66399
966	-0.000634	1.58762	1.66702
967	-0.000633	1.58459	1.66854
968	-0.000632	1.58003	1.66702
969	-0.000631	1.57396	1.66854
970	-0.00063	1.56789	1.66854
971	-0.000629	1.56181	1.66854
972	-0.000628	1.55726	1.66854
973	-0.000627	1.55271	1.66854
974	-0.000626	1.54512	1.66854
975	-0.000625	1.54512	1.66854
976	-0.000624	1.53904	1.66854
977	-0.000623	1.53145	1.66702
978	-0.000622	1.5269	1.67006
979	-0.000621	1.52538	1.66702
980	-0.00062	1.51931	1.66854
981	-0.000619	1.51172	1.66854
982	-0.000618	1.50868	1.67006
983	-0.000617	1.50261	1.66702
984	-0.000616	1.49806	1.67006
985	-0.000615	1.4935	1.66702
986	-0.000614	1.49047	1.66854
987	-0.000613	1.48288	1.66702
988	-0.000612	1.4768	1.67006
989	-0.000611	1.47377	1.67006
990	-0.00061	1.46921	1.67006
991	-0.000609	1.46162	1.67006
992	-0.000608	1.46011	1.66702
993	-0.000607	1.45403	1.67006
994	-0.000606	1.44796	1.67006
995	-0.000605	1.44189	1.67006
996	-0.000604	1.43885	1.67006
997	-0.000603	1.43126	1.67006
998	-0.000602	1.42823	1.67006
999	-0.000601	1.42367	1.67006
1000	-0.0006	1.4176	1.67006
1001	-0.000599	1.41305	1.67006
1002	-0.000598	1.40697	1.67158
1003	-0.000597	1.40394	1.67158
1004	-0.000596	1.39787	1.67158
1005	-0.000595	1.39028	1.67158
1006	-0.000594	1.38724	1.67006
1007	-0.000593	1.38269	1.67158
1008	-0.000592	1.37813	1.67006
1009	-0.000591	1.37054	1.67158
1010	-0.00059	1.3675	1.66854
1011	-0.000589	1.36295	1.67158
1012	-0.000588	1.35688	1.67158
1013	-0.000587	1.35081	1.67006
1014	-0.000586	1.35081	1.67006
1015	-0.000585	1.3417	1.67158
1016	-0.000584	1.33714	1.66854
1017	-0.000583	1.33411	1.67006
1018	-0.000582	1.325	1.67006
1019	-0.000581	1.32196	1.67006
1020	-0.00058	1.31741	1.67006
1021	-0.000579	1.31134	1.67006
1022	-0.000578	1.3083	1.67158
1023	-0.000577	1.29919	1.66854
1024	-0.000576	1.29919	1.67006
1025	-0.000575	1.2916	1.66854
1026	-0.000574	1.28705	1.67158
1027	-0.000573	1.27946	1.67006
1028	-0.000572	1.27642	1.67006
1029	-0.000571	1.27035	1.67006
1030	-0.00057	1.26731	1.67006
1031	-0.000569	1.26428	1.66854
1032	-0.000568	1.25517	1.67158
1033	-0.000567	1.25062	1.67158
1034	-0.000566	1.24758	1.67158
1035	-0.000565	1.24303	1.67158
1036	-0.000564	1.23695	1.67158
1037	-0.000563	1.23088	1.67158
1038	-0.000562	1.22936	1.67158
1039	-0.000561	1.22481	1.67158
1040	-0.00056	1.21722	1.67158
1041	-0.000559	1.21418	1.67158
1042	-0.000558	1.20659	1.67158
1043	-0.000557	1.20204	1.67158
1044	-0.000556	1.19597	1.67158
1045	-0.000555	1.19293	1.67006
1046	-0.000554	1.18838	1.6731
1047	-0.000553	1.18079	1.67158
1048	-0.000552	1.17623	1.67158
1049	-0.000551	1.1732	1.67158
1050	-0.00055	1.16864	1.67006
1051	-0.000549	1.15953	1.6731
1052	-0.000548	1.15801	1.6731
1053	-0.000547	1.15346	1.6731
1054	-0.000546	1.14739	1.6731
1055	-0.000545	1.14283	1.6731
1056	-0.000544	1.13828	1.6731
1057	-0.000543	1.13221	1.6731
1058	-0.000542	1.12765	1.6731
1059	-0.000541	1.12462	1.6731
1060	-0.00054	1.11703	1.6731
1061	-0.000539	1.11096	1.67158
1062	-0.000538	1.10944	1.67461
1063	-0.000537	1.10337	1.6731
1064	-0.000536	1.09881	1.67158
1065	-0.000535	1.09274	1.67461
1066	-0.000534	1.08818	1.67158
1067	-0.000533	1.08363	1.67461
1068	-0.000532	1.07756	1.67461
1069	-0.000531	1.073	1.67158
1070	-0.00053	1.06845	1.6731
1071	-0.000529	1.06086	1.67461
1072	-0.000528	1.05782	1.67461
1073	-0.000527	1.05479	1.67461
1074	-0.000526	1.05023	1.67461
1075	-0.000525	1.04264	1.67461
1076	-0.000524	1.03961	1.67461
1077	-0.000523	1.03505	1.67461
1078	-0.000522	1.0305	1.67461
1079	-0.000521	1.02291	1.67461
1080	-0.00052	1.01987	1.67461
1081	-0.000519	1.0138	1.67613
1082	-0.000518	1.00773	1.6731
1083	-0.000517	1.00469	1.67461
1084	-0.000516	0.99862	1.67461
1085	-0.000515	0.992548	1.67461
1086	-0.000514	0.986476	1.67613
1087	-0.000513	0.986476	1.6731
1088	-0.000512	0.977368	1.67461
1089	-0.000511	0.972813	1.67613
1090	-0.00051	0.969777	1.67613
1091	-0.000509	0.963705	1.67613
1092	-0.000508	0.957633	1.67613
1093	-0.000507	0.953079	1.67613
1094	-0.000506	0.950043	1.67613
1095	-0.000505	0.942453	1.67613
1096	-0.000504	0.937898	1.67613
1097	-0.000503	0.934862	1.67613
1098	-0.000502	0.930308	1.67613
1099	-0.000501	0.922718	1.67613
1100	-0.0005	0.915128	1.67613
1101	-0.000499	0.915128	1.67613
1102	-0.000498	0.907538	1.67613
1103	-0.000497	0.901465	1.67613
1104	-0.000496	0.901465	1.67613
1105	-0.000495	0.893875	1.67613
1106	-0.000494	0.889321	1.67613
1107	-0.000493	0.881731	1.67613
1108	-0.000492	0.880213	1.67613
1109	-0.000491	0.874141	1.67613
1110	-0.00049	0.86655	1.67461
1111	-0.000489	0.86655	1.67765
1112	-0.000488	0.85896	1.67613
1113	-0.000487	0.852888	1.67765
1114	-0.000486	0.85137	1.67765
1115	-0.000485	0.845298	1.67461
1116	-0.000484	0.840744	1.67613
1117	-0.000483	0.833153	1.67765
1118	-0.000482	0.830117	1.67765
1119	-0.000481	0.825563	1.67765
1120	-0.00048	0.819491	1.67765
1121	-0.000479	0.813419	1.67765
1122	-0.000478	0.810383	1.67765
1123	-0.000477	0.804311	1.67765
1124	-0.000476	0.799756	1.67765
1125	-0.000475	0.793684	1.67765
1126	-0.000474	0.790648	1.67765
1127	-0.000473	0.784576	1.67765
1128	-0.000472	0.780022	1.67765
1129	-0.000471	0.776986	1.67765
1130	-0.00047	0.767877	1.67765
1131	-0.000469	0.763323	1.67765
1132	-0.000468	0.763323	1.67917
1133	-0.000467	0.757251	1.67917
1134	-0.000466	0.751179	1.67917
1135	-0.000465	0.743589	1.68069
1136	-0.000464	0.742071	1.67765
1137	-0.000463	0.73448	1.67917
1138	-0.000462	0.731444	1.67917
1139	-0.000461	0.728408	1.67917
1140	-0.00046	0.720818	1.67917
1141	-0.000459	0.716264	1.67917
1142	-0.000458	0.71171	1.67917
1143	-0.000457	0.705638	1.67917
1144	-0.000456	0.702602	1.67917
1145	-0.000455	0.693493	1.67765
1146	-0.000454	0.691975	1.68069
1147	-0.000453	0.687421	1.68069
1148	-0.000452	0.681349	1.68069
1149	-0.000451	0.678313	1.68069
1150	-0.00045	0.673759	1.68069
1151	-0.000449	0.667687	1.68069
1152	-0.000448	0.661614	1.68069
1153	-0.000447	0.658578	1.68069
1154	-0.000446	0.652506	1.67917
1155	-0.000445	0.646434	1.67917
1156	-0.000444	0.643398	1.68069
1157	-0.000443	0.637326	1.67765
1158	-0.000442	0.631253	1.67917
1159	-0.000441	0.625181	1.67917
1160	-0.00044	0.622145	1.67917
1161	-0.000439	0.616073	1.67917
1162	-0.000438	0.611519	1.67917
1163	-0.000437	0.608483	1.67917
1164	-0.000436	0.600893	1.67917
1165	-0.000435	0.59482	1.67917
1166	-0.000434	0.588748	1.67917
1167	-0.000433	0.58723	1.67917
1168	-0.000432	0.582676	1.67917
1169	-0.000431	0.575086	1.67917
1170	-0.00043	0.57205	1.67917
1171	-0.000429	0.569014	1.67765
1172	-0.000428	0.558387	1.67765
1173	-0.000427	0.553833	1.67613
1174	-0.000426	0.552315	1.67917
1175	-0.000425	0.546243	1.67917
1176	-0.000424	0.538653	1.67613
1177	-0.000423	0.535617	1.67765
1178	-0.000422	0.531063	1.67765
1179	-0.000421	0.52499	1.67765
1180	-0.00042	0.518918	1.67765
1181	-0.000419	0.5174	1.67765
1182	-0.000418	0.50981	1.67765
1183	-0.000417	0.505256	1.67765
1184	-0.000416	0.499184	1.67765
1185	-0.000415	0.496148	1.67765
1186	-0.000414	0.488557	1.67765
1187	-0.000413	0.485521	1.67765
1188	-0.000412	0.480967	1.67765
1189	-0.000411	0.476413	1.67765
1190	-0.00041	0.470341	1.67765
1191	-0.000409	0.465787	1.67765
1192	-0.000408	0.459714	1.67765
1193	-0.000407	0.453642	1.67765
1194	-0.000406	0.449088	1.67765
1195	-0.000405	0.44757	1.67765
1196	-0.000404	0.43998	1.67765
1197	-0.000403	0.43239	1.67765
1198	-0.000402	0.429354	1.67765
1199	-0.000401	0.426317	1.67765
1200	-0.0004	0.418727	1.67765
1201	-0.000399	0.414173	1.67765
1202	-0.000398	0.411137	1.67765
1203	-0.000397	0.403547	1.67765
1204	-0.000396	0.400511	1.67765
1205	-0.000395	0.395957	1.67765
1206	-0.000394	0.389884	1.67765
1207	-0.000393	0.38533	1.67765
1208	-0.000392	0.379258	1.67765
1209	-0.000391	0.373186	1.67765
1210	-0.00039	0.37015	1.67765
1211	-0.000389	0.364078	1.67765
1212	-0.000388	0.361042	1.67765
1213	-0.000387	0.358005	1.67765
1214	-0.000386	0.348897	1.67765
1215	-0.000385	0.345861	1.67765
1216	-0.000384	0.339789	1.67765
1217	-0.000383	0.336753	1.67765
1218	-0.000382	0.329163	1.67765
1219	-0.000381	0.324609	1.67765
1220	-0.00038	0.321572	1.67765
1221	-0.000379	0.3155	1.67765
1222	-0.000378	0.309428	1.67765
1223	-0.000377	0.30791	1.67765
1224	-0.000376	0.30032	1.67765
1225	-0.000375	0.294248	1.67765
1226	-0.000374	0.29273	1.67765
1227	-0.000373	0.288175	1.67765
1228	-0.000372	0.279067	1.67765
1229	-0.000371	0.276031	1.67765
1230	-0.00037	0.271477	1.67765
1231	-0.000369	0.268441	1.67765
1232	-0.000368	0.260851	1.67765
1233	-0.000367	0.256297	1.67765
1234	-0.000366	0.251742	1.67765
1235	-0.000365	0.24567	1.67765
1236	-0.000364	0.242634	1.67765
1237	-0.000363	0.239598	1.67765
1238	-0.000362	0.232008	1.67765
1239	-0.000361	0.224418	1.67765
1240	-0.00036	0.224418	1.67765
1241	-0.000359	0.216827	1.67765
1242	-0.000358	0.210755	1.67765
1243	-0.000357	0.204683	1.67765
1244	-0.000356	0.203165	1.67765
1245	-0.000355	0.197093	1.67765
1246	-0.000354	0.191021	1.67765
1247	-0.000353	0.186466	1.67765
1248	-0.000352	0.181912	1.67765
1249	-0.000351	0.17584	1.67765
1250	-0.00035	0.172804	1.67765
1251	-0.000349	0.169768	1.67765
1252	-0.000348	0.162178	1.67765
1253	-0.000347	0.154588	1.67765
1254	-0.000346	0.153069	1.67765
1255	-0.000345	0.146997	1.67765
1256	-0.000344	0.139407	1.67765
1257	-0.000343	0.134853	1.67765
1258	-0.000342	0.131817	1.67765
1259	-0.000341	0.125745	1.67765
1260	-0.00034	0.118154	1.67765
1261	-0.000339	0.118154	1.67765
1262	-0.000338	0.110564	1.67765
1263	-0.000337	0.10601	1.67765
1264	-0.000336	0.104492	1.67765
1265	-0.000335	0.0969019	1.67765
1266	-0.000334	0.0923477	1.67765
1267	-0.000333	0.0862755	1.67765
1268	-0.000332	0.0832395	1.67765
1269	-0.000331	0.0786853	1.67765
1270	-0.00033	0.0710951	1.67765
1271	-0.000329	0.066541	1.67765
1272	-0.000328	0.0619868	1.67765
1273	-0.000327	0.0559147	1.67765
1274	-0.000326	0.0528786	1.67765
1275	-0.000325	0.0483244	1.67765
1276	-0.000324	0.0422523	1.67765
1277	-0.000323	0.034662	1.67765
1278	-0.000322	0.031626	1.67765
1279	-0.000321	0.0285899	1.67765
1280	-0.00032	0.0209996	1.67765
1281	-0.000319	0.0134094	1.67765
1282	-0.000318	0.0149275	1.67765
1283	-0.000317	0.00733724	1.67765
1284	-0.000316	-0.000252978	1.67765
1285	-0.000315	-0.00632516	1.67765
1286	-0.000314	0.00126507	1.67765
1287	-0.000313	0.00885529	1.67765
1288	-0.000312	0.0118914	1.67765
1289	-0.000311	0.0149275	1.67765
1290	-0.00031	0.0225177	1.67613
1291	-0.000309	0.0301079	1.67917
1292	-0.000308	0.033144	1.67765
1293	-0.000307	0.034662	1.67765
1294	-0.000306	0.0407342	1.67765
1295	-0.000305	0.0468064	1.67765
1296	-0.000304	0.0513605	1.67765
1297	-0.000303	0.0574327	1.67765
1298	-0.000302	0.0635049	1.67765
1299	-0.000301	0.0650229	1.67765
1300	-0.0003	0.0710951	1.67765
1301	-0.000299	0.0786853	1.67765
1302	-0.000298	0.0847575	1.67765
1303	-0.000297	0.0847575	1.67765
1304	-0.000296	0.0908297	1.67765
1305	-0.000295	0.0984199	1.67765
1306	-0.000294	0.102974	1.67765
1307	-0.000293	0.107528	1.67765
1308	-0.000292	0.110564	1.67765
1309	-0.000291	0.118154	1.67765
1310	-0.00029	0.121191	1.67765
1311	-0.000289	0.127263	1.67765
1312	-0.000288	0.133335	1.67765
1313	-0.000287	0.134853	1.67765
1314	-0.000286	0.139407	1.67765
1315	-0.000285	0.146997	1.67765
1316	-0.000284	0.153069	1.67765
1317	-0.000283	0.154588	1.67765
1318	-0.000282	0.16066	1.67765
1319	-0.000281	0.16825	1.67765
1320	-0.00028	0.174322	1.67765
1321	-0.000279	0.17584	1.67765
1322	-0.000278	0.181912	1.67765
1323	-0.000277	0.186466	1.67765
1324	-0.000276	0.191021	1.67765
1325	-0.000275	0.197093	1.67765
1326	-0.000274	0.201647	1.67765
1327	-0.000273	0.206201	1.67765
1328	-0.000272	0.210755	1.67765
1329	-0.000271	0.216827	1.67765
1330	-0.00027	0.2229	1.67765
1331	-0.000269	0.224418	1.67765
1332	-0.000268	0.232008	1.67765
1333	-0.000267	0.236562	1.67765
1334	-0.000266	0.239598	1.67765
1335	-0.000265	0.24567	1.67765
1336	-0.000264	0.251742	1.67765
1337	-0.000263	0.256297	1.67765
1338	-0.000262	0.260851	1.67765
1339	-0.000261	0.265405	1.67765
1340	-0.00026	0.272995	1.67765
1341	-0.000259	0.274513	1.67765
1342	-0.000258	0.283621	1.67765
1343	-0.000257	0.286657	1.67765
1344	-0.000256	0.29273	1.67765
1345	-0.000255	0.294248	1.67765
1346	-0.000254	0.30032	1.67613
1347	-0.000253	0.306392	1.67765
1348	-0.000252	0.309428	1.67765
1349	-0.000251	0.313982	1.67765
1350	-0.00025	0.320054	1.67765
1351	-0.000249	0.324609	1.67765
1352	-0.000248	0.329163	1.67613
1353	-0.000247	0.335235	1.67765
1354	-0.000246	0.341307	1.67765
1355	-0.000245	0.344343	1.67613
1356	-0.000244	0.347379	1.67765
1357	-0.000243	0.354969	1.67765
1358	-0.000242	0.361042	1.67765
1359	-0.000241	0.364078	1.67765
1360	-0.00024	0.37015	1.67765
1361	-0.000239	0.373186	1.67765
1362	-0.000238	0.379258	1.67765
1363	-0.000237	0.382294	1.67765
1364	-0.000236	0.389884	1.67765
1365	-0.000235	0.395957	1.67765
1366	-0.000234	0.400511	1.67765
1367	-0.000233	0.403547	1.67765
1368	-0.000232	0.409619	1.67765
1369	-0.000231	0.412655	1.67461
1370	-0.00023	0.418727	1.67461
1371	-0.000229	0.424799	1.67765
1372	-0.000228	0.427836	1.67765
1373	-0.000227	0.433908	1.67765
1374	-0.000226	0.438462	1.67765
1375	-0.000225	0.446052	1.67765
1376	-0.000224	0.44757	1.67765
1377	-0.000223	0.453642	1.67765
1378	-0.000222	0.459714	1.67765
1379	-0.000221	0.465787	1.67765
1380	-0.00022	0.465787	1.67765
1381	-0.000219	0.474895	1.67765
1382	-0.000218	0.480967	1.67765
1383	-0.000217	0.484003	1.67765
1384	-0.000216	0.488557	1.67765
1385	-0.000215	0.494629	1.67765
1386	-0.000214	0.499184	1.67765
1387	-0.000213	0.503738	1.67765
1388	-0.000212	0.508292	1.67765
1389	-0.000211	0.5174	1.67765
1390	-0.00021	0.5174	1.67765
1391	-0.000209	0.523472	1.67765
1392	-0.000208	0.529544	1.67613
1393	-0.000207	0.534099	1.67613
1394	-0.000206	0.538653	1.67765
1395	-0.000205	0.544725	1.67765
1396	-0.000204	0.550797	1.67765
1397	-0.000203	0.552315	1.67765
1398	-0.000202	0.558387	1.67765
1399	-0.000201	0.565978	1.67765
1400	-0.0002	0.569014	1.67765
1401	-0.000199	0.573568	1.67765
1402	-0.000198	0.578122	1.67765
1403	-0.000197	0.585712	1.67765
1404	-0.000196	0.588748	1.67765
1405	-0.000195	0.593302	1.67765
1406	-0.000194	0.599375	1.67765
1407	-0.000193	0.608483	1.67461
1408	-0.000192	0.608483	1.67613
1409	-0.000191	0.614555	1.67765
1410	-0.00019	0.622145	1.67765
1411	-0.000189	0.622145	1.67613
1412	-0.000188	0.628217	1.67765
1413	-0.000187	0.637326	1.67461
1414	-0.000186	0.640362	1.67461
1415	-0.000185	0.643398	1.67765
1416	-0.000184	0.64947	1.67613
1417	-0.000183	0.65706	1.67613
1418	-0.000182	0.660096	1.67613
1419	-0.000181	0.663132	1.67613
1420	-0.00018	0.670723	1.67613
1421	-0.000179	0.673759	1.67613
1422	-0.000178	0.678313	1.67613
1423	-0.000177	0.684385	1.6731
1424	-0.000176	0.690457	1.67461
1425	-0.000175	0.691975	1.67461
1426	-0.000174	0.701083	1.67461
1427	-0.000173	0.70412	1.67461
1428	-0.000172	0.710192	1.67461
1429	-0.000171	0.71171	1.67461
1430	-0.00017	0.7193	1.67158
1431	-0.000169	0.72689	1.6731
1432	-0.000168	0.728408	1.6731
1433	-0.000167	0.73448	1.67006
1434	-0.000166	0.739035	1.6731
1435	-0.000165	0.742071	1.67158
1436	-0.000164	0.749661	1.67158
1437	-0.000163	0.755733	1.67158
1438	-0.000162	0.760287	1.67158
1439	-0.000161	0.761805	1.6731
1440	-0.00016	0.767877	1.67006
1441	-0.000159	0.775468	1.67158
1442	-0.000158	0.778504	1.67006
1443	-0.000157	0.783058	1.67006
1444	-0.000156	0.78913	1.67006
1445	-0.000155	0.793684	1.67006
1446	-0.000154	0.798238	1.67006
1447	-0.000153	0.804311	1.67006
1448	-0.000152	0.810383	1.67006
1449	-0.000151	0.813419	1.67006
1450	-0.00015	0.817973	1.67006
1451	-0.000149	0.824045	1.66702
1452	-0.000148	0.830117	1.66854
1453	-0.000147	0.831635	1.66854
1454	-0.000146	0.837707	1.66854
1455	-0.000145	0.845298	1.66854
1456	-0.000144	0.849852	1.66854
1457	-0.000143	0.852888	1.66854
1458	-0.000142	0.857442	1.66854
1459	-0.000141	0.865032	1.66854
1460	-0.00014	0.868068	1.66854
1461	-0.000139	0.874141	1.66854
1462	-0.000138	0.878695	1.66854
1463	-0.000137	0.880213	1.66854
1464	-0.000136	0.887803	1.66854
1465	-0.000135	0.892357	1.66702
1466	-0.000134	0.898429	1.66399
1467	-0.000133	0.901465	1.66854
1468	-0.000132	0.906019	1.66854
1469	-0.000131	0.91361	1.66854
1470	-0.00013	0.915128	1.66854
1471	-0.000129	0.9212	1.66854
1472	-0.000128	0.92879	1.66702
1473	-0.000127	0.933344	1.66702
1474	-0.000126	0.93638	1.66702
1475	-0.000125	0.943971	1.66702
1476	-0.000124	0.947007	1.66702
1477	-0.000123	0.951561	1.66702
1478	-0.000122	0.959151	1.66702
1479	-0.000121	0.962187	1.66702
1480	-0.00012	0.968259	1.66702
1481	-0.000119	0.971295	1.66702
1482	-0.000118	0.97585	1.66702
1483	-0.000117	0.984958	1.66702
1484	-0.000116	0.986476	1.66702
1485	-0.000115	0.99103	1.66702
1486	-0.000114	0.99862	1.66702
1487	-0.000113	1.00014	1.66702
1488	-0.000112	1.00773	1.66702
1489	-0.000111	1.0138	1.66702
1490	-0.00011	1.01987	1.66702
1491	-0.000109	1.02291	1.66702
1492	-0.000108	1.02898	1.66702
1493	-0.000107	1.03354	1.66702
1494	-0.000106	1.03809	1.66702
1495	-0.000105	1.04113	1.66702
1496	-0.000104	1.0472	1.66247
1497	-0.000103	1.05479	1.66399
1498	-0.000102	1.05782	1.66702
1499	-0.000101	1.06086	1.66702
1500	-0.0001	1.06845	1.66247
1501	-9.9e-05	1.073	1.66399
1502	-9.8e-05	1.07604	1.66399
1503	-9.7e-05	1.08363	1.66399
1504	-9.6e-05	1.08667	1.66399
1505	-9.5e-05	1.09274	1.66399
1506	-9.4e-05	1.09881	1.66399
1507	-9.3e-05	1.10185	1.66399
1508	-9.2e-05	1.10792	1.66399
1509	-9.1e-05	1.11247	1.66399
1510	-9e-05	1.11703	1.66399
1511	-8.9e-05	1.12462	1.66095
1512	-8.8e-05	1.12614	1.66399
1513	-8.7e-05	1.13221	1.66399
1514	-8.6e-05	1.13828	1.66399
1515	-8.5e-05	1.14283	1.66399
1516	-8.4e-05	1.14739	1.66399
1517	-8.3e-05	1.15194	1.66095
1518	-8.2e-05	1.15801	1.66095
1519	-8.1e-05	1.16105	1.66399
1520	-8e-05	1.16864	1.66247
1521	-7.9e-05	1.1732	1.66247
1522	-7.8e-05	1.17927	1.66399
1523	-7.7e-05	1.18079	1.66399
1524	-7.6e-05	1.18838	1.66247
1525	-7.5e-05	1.19445	1.66247
1526	-7.4e-05	1.19597	1.66247
1527	-7.3e-05	1.20204	1.66247
1528	-7.2e-05	1.20811	1.66247
1529	-7.1e-05	1.21418	1.66247
1530	-7e-05	1.21722	1.66247
1531	-6.9e-05	1.22329	1.66247
1532	-6.8e-05	1.22936	1.66247
1533	-6.7e-05	1.23088	1.66247
1534	-6.6e-05	1.23999	1.66247
1535	-6.5e-05	1.24303	1.66247
1536	-6.4e-05	1.24606	1.66247
1537	-6.3e-05	1.25213	1.66247
1538	-6.2e-05	1.25821	1.66095
1539	-6.1e-05	1.26428	1.66095
1540	-6e-05	1.26731	1.66247
1541	-5.9e-05	1.27035	1.65943
1542	-5.8e-05	1.27794	1.66247
1543	-5.7e-05	1.27946	1.66247
1544	-5.6e-05	1.28857	1.66247
1545	-5.5e-05	1.2916	1.66247
1546	-5.4e-05	1.29767	1.65943
1547	-5.3e-05	1.30071	1.66095
1548	-5.2e-05	1.30678	1.65943
1549	-5.1e-05	1.31437	1.65943
1550	-5e-05	1.31741	1.65943
1551	-4.9e-05	1.32196	1.66095
1552	-4.8e-05	1.325	1.66095
1553	-4.7e-05	1.33259	1.65791
1554	-4.6e-05	1.33714	1.65791
1555	-4.5e-05	1.34018	1.66095
1556	-4.4e-05	1.34777	1.66095
1557	-4.3e-05	1.35232	1.66095
1558	-4.2e-05	1.35536	1.66095
1559	-4.1e-05	1.36295	1.66095
1560	-4e-05	1.3675	1.66095
1561	-3.9e-05	1.37206	1.66095
1562	-3.8e-05	1.37661	1.66095
1563	-3.7e-05	1.38269	1.66095
1564	-3.6e-05	1.38876	1.66095
1565	-3.5e-05	1.39028	1.66095
1566	-3.4e-05	1.39787	1.66095
1567	-3.3e-05	1.40394	1.66095
1568	-3.2e-05	1.40546	1.66095
1569	-3.1e-05	1.41153	1.65943
1570	-3e-05	1.4176	1.65943
1571	-2.9e-05	1.42367	1.65943
1572	-2.8e-05	1.42671	1.65943
1573	-2.7e-05	1.43278	1.65943
1574	-2.6e-05	1.43885	1.65943
1575	-2.5e-05	1.44189	1.65943
1576	-2.4e-05	1.44644	1.65943
1577	-2.3e-05	1.45403	1.6564
1578	-2.2e-05	1.45707	1.65791
1579	-2.1e-05	1.46162	1.65943
1580	-2e-05	1.46921	1.65943
1581	-1.9e-05	1.47225	1.65943
1582	-1.8e-05	1.47529	1.65943
1583	-1.7e-05	1.48136	1.65943
1584	-1.6e-05	1.48743	1.65943
1585	-1.5e-05	1.49198	1.6564
1586	-1.4e-05	1.49654	1.65791
1587	-1.3e-05	1.50261	1.65791
1588	-1.2e-05	1.50717	1.65791
1589	-1.1e-05	1.5102	1.65791
1590	-1e-05	1.51779	1.65791
1591	-9e-06	1.52386	1.65791
1592	-8e-06	1.52538	1.65791
1593	-7e-06	1.53145	1.65791
1594	-6e-06	1.53753	1.65791
1595	-5e-06	1.5436	1.65791
1596	-4e-06	1.54663	1.65791
1597	-3e-06	1.55271	1.65791
1598	-2e-06	1.55726	1.65791
1599	-1e-06	1.56333	1.65791
1600	0	1.56789	1.65791
1601	1e-06	1.57244	1.65791
1602	2e-06	1.57851	1.65791
1603	3e-06	1.58003	1.65791
1604	4e-06	1.58762	1.65791
1605	5e-06	1.59369	1.6564
1606	6e-06	1.59521	1.6564
1607	7e-06	1.60128	1.6564
1608	8e-06	1.61039	1.6564
1609	9e-06	1.61343	1.6564
1610	1e-05	1.61646	1.6564
1611	1.1e-05	1.62254	1.6564
1612	1.2e-05	1.63013	1.6564
1613	1.3e-05	1.63316	1.6564
1614	1.4e-05	1.6362	1.6564
1615	1.5e-05	1.64379	1.6564
1616	1.6e-05	1.64683	1.6564
1617	1.7e-05	1.64986	1.6564
1618	1.8e-05	1.65897	1.6564
1619	1.9e-05	1.66352	1.6564
1620	2e-05	1.66504	1.6564
1621	2.1e-05	1.67111	1.6564
1622	2.2e-05	1.67719	1.6564
1623	2.3e-05	1.68326	1.65488
1624	2.4e-05	1.68629	1.65488
1625	2.5e-05	1.69237	1.65488
1626	2.6e-05	1.69996	1.65488
1627	2.7e-05	1.70299	1.65488
1628	2.8e-05	1.70603	1.65488
1629	2.9e-05	1.7121	1.65488
1630	3e-05	1.71817	1.65336
1631	3.1e-05	1.71969	1.65488
1632	3.2e-05	1.7288	1.65488
1633	3.3e-05	1.73335	1.65488
1634	3.4e-05	1.73639	1.65488
1635	3.5e-05	1.73943	1.65488
1636	3.6e-05	1.74853	1.65488
1637	3.7e-05	1.75309	1.65336
1638	3.8e-05	1.75612	1.65488
1639	3.9e-05	1.7622	1.65488
1640	4e-05	1.76979	1.65488
1641	4.1e-05	1.7713	1.65488
1642	4.2e-05	1.77738	1.65336
1643	4.3e-05	1.78345	1.65336
1644	4.4e-05	1.78497	1.65336
1645	4.5e-05	1.79256	1.65336
1646	4.6e-05	1.79711	1.65184
1647	4.7e-05	1.80167	1.65336
1648	4.8e-05	1.80774	1.65336
1649	4.9e-05	1.81077	1.65336
1650	5e-05	1.81836	1.65488
1651	5.1e-05	1.8214	1.65184
1652	5.2e-05	1.82444	1.65336
1653	5.3e-05	1.83051	1.65336
1654	5.4e-05	1.83658	1.65336
1655	5.5e-05	1.83962	1.65336
1656	5.6e-05	1.84569	1.65336
1657	5.7e-05	1.85176	1.65336
1658	5.8e-05	1.85632	1.65336
1659	5.9e-05	1.85935	1.65184
1660	6e-05	1.86542	1.65336
1661	6.1e-05	1.8715	1.65336
1662	6.2e-05	1.87453	1.65184
1663	6.3e-05	1.8806	1.65184
1664	6.4e-05	1.88819	1.65184
1665	6.5e-05	1.89123	1.65184
1666	6.6e-05	1.89427	1.65184
1667	6.7e-05	1.90186	1.65184
1668	6.8e-05	1.90489	1.65032
1669	6.9e-05	1.90945	1.65184
1670	7e-05	1.91552	1.65184
1671	7.1e-05	1.92159	1.65184
1672	7.2e-05	1.92615	1.65184
1673	7.3e-05	1.93222	1.65184
1674	7.4e-05	1.93677	1.65184
1675	7.5e-05	1.94284	1.65184
1676	7.6e-05	1.94588	1.65184
1677	7.7e-05	1.95195	1.65184
1678	7.8e-05	1.95651	1.64881
1679	7.9e-05	1.96258	1.65032
1680	8e-05	1.96561	1.65032
1681	8.1e-05	1.97017	1.65032
1682	8.2e-05	1.97624	1.65032
1683	8.3e-05	1.98079	1.65032
1684	8.4e-05	1.98687	1.65032
1685	8.5e-05	1.99142	1.65032
1686	8.6e-05	1.99749	1.64881
1687	8.7e-05	1.99901	1.65032
1688	8.8e-05	2.0066	1.65032
1689	8.9e-05	2.01116	1.65032
1690	9e-05	2.01419	1.65032
1691	9.1e-05	2.02026	1.64881
1692	9.2e-05	2.02785	1.64881
1693	9.3e-05	2.03089	1.64881
1694	9.4e-05	2.03393	1.64881
1695	9.5e-05	2.04152	1.64881
1696	9.6e-05	2.04455	1.64729
1697	9.7e-05	2.05062	1.64881
1698	9.8e-05	2.0567	1.64881
1699	9.9e-05	2.06125	1.64881
1700	0.0001	2.06732	1.64881
1701	0.000101	2.06884	1.64881
1702	0.000102	2.07643	1.64577
1703	0.000103	2.0825	1.64881
1704	0.000104	2.08554	1.64881
1705	0.000105	2.09009	1.64577
1706	0.000106	2.09465	1.64729
1707	0.000107	2.10072	1.64729
1708	0.000108	2.10527	1.64729
1709	0.000109	2.11135	1.64729
1710	0.00011	2.11742	1.64729
1711	0.000111	2.12046	1.64729
1712	0.000112	2.12501	1.64729
1713	0.000113	2.13108	1.64729
1714	0.000114	2.13412	1.64729
1715	0.000115	2.13715	1.64577
1716	0.000116	2.14778	1.64729
1717	0.000117	2.15233	1.64577
1718	0.000118	2.15385	1.64577
1719	0.000119	2.15992	1.64577
1720	0.00012	2.16751	1.64577
1721	0.000121	2.17055	1.64273
1722	0.000122	2.1751	1.64577
1723	0.000123	2.18118	1.64577
1724	0.000124	2.18725	1.64577
1725	0.000125	2.19028	1.64577
1726	0.000126	2.19636	1.64577
1727	0.000127	2.20243	1.64122
1728	0.000128	2.20395	1.64273
1729	0.000129	2.21154	1.64273
1730	0.00013	2.21609	1.64273
1731	0.000131	2.22216	1.64273
1732	0.000132	2.22368	1.64122
1733	0.000133	2.23127	1.64122
1734	0.000134	2.23583	1.64122
1735	0.000135	2.24038	1.6397
1736	0.000136	2.24342	1.6397
1737	0.000137	2.24949	1.6397
1738	0.000138	2.25708	1.63818
1739	0.000139	2.2586	1.63818
1740	0.00014	2.26315	1.63818
1741	0.000141	2.27226	1.63666
1742	0.000142	2.27378	1.63666
1743	0.000143	2.27985	1.63514
1744	0.000144	2.28592	1.63514
1745	0.000145	2.29199	1.63211
1746	0.000146	2.29503	1.63211
1747	0.000147	2.29958	1.63211
1748	0.000148	2.30869	1.63059
1749	0.000149	2.31173	1.62755
1750	0.00015	2.31476	1.62755
1751	0.000151	2.31932	1.62604
1752	0.000152	2.32843	1.623
1753	0.000153	2.32843	1.623
1754	0.000154	2.3345	1.623
1755	0.000155	2.34057	1.61541
1756	0.000156	2.34361	1.61389
1757	0.000157	2.3512	1.61086
1758	0.000158	2.35575	1.60934
1759	0.000159	2.36334	1.6063
1760	0.00016	2.36334	1.60327
1761	0.000161	2.3679	1.59871
1762	0.000162	2.377	1.59264
1763	0.000163	2.37852	1.5896
1764	0.000164	2.38459	1.58657
1765	0.000165	2.39067	1.58049
1766	0.000166	2.3937	1.57442
1767	0.000167	2.39826	1.56835
1768	0.000168	2.40585	1.56228
1769	0.000169	2.41192	1.55469
1770	0.00017	2.41344	1.5471
1771	0.000171	2.42103	1.54254
1772	0.000172	2.42558	1.53192
1773	0.000173	2.43165	1.52129
1774	0.000174	2.43469	1.51522
1775	0.000175	2.44228	1.50459
1776	0.000176	2.44532	1.49548
1777	0.000177	2.44987	1.48486
1778	0.000178	2.45442	1.47727
1779	0.000179	2.4605	1.46512
1780	0.00018	2.46353	1.45298
1781	0.000181	2.46961	1.44387
1782	0.000182	2.47568	1.43324
1783	0.000183	2.48023	1.42262
1784	0.000184	2.48327	1.41351
1785	0.000185	2.4863	1.4044
1786	0.000186	2.48327	1.39833
1787	0.000187	2.48023	1.39226
1788	0.000188	2.47416	1.38922
1789	0.000189	2.46961	1.3877
1790	0.00019	2.46809	1.3877
1791	0.000191	2.4605	1.3877
1792	0.000192	2.45442	1.3877
1793	0.000193	2.44835	1.39074
1794	0.000194	2.44683	1.38922
1795	0.000195	2.43924	1.39226
1796	0.000196	2.43317	1.39529
1797	0.000197	2.43165	1.39833
1798	0.000198	2.42558	1.4044
1799	0.000199	2.41951	1.40744
1800	0.0002	2.41496	1.41503
1801	0.000201	2.41192	1.41958
1802	0.000202	2.40585	1.42869
1803	0.000203	2.39826	1.43476
1804	0.000204	2.39826	1.44387
1805	0.000205	2.39067	1.45146
1806	0.000206	2.38459	1.46209
1807	0.000207	2.37852	1.47271
1808	0.000208	2.377	1.4803
1809	0.000209	2.36941	1.49397
1810	0.00021	2.36334	1.50459
1811	0.000211	2.36031	1.5137
1812	0.000212	2.35575	1.52585
1813	0.000213	2.34968	1.53951
1814	0.000214	2.34361	1.54862
1815	0.000215	2.34057	1.56076
1816	0.000216	2.3345	1.56835
1817	0.000217	2.32843	1.58353
1818	0.000218	2.32387	1.58808
1819	0.000219	2.31932	1.59719
1820	0.00022	2.31476	1.6063
1821	0.000221	2.31173	1.61237
1822	0.000222	2.30869	1.61845
1823	0.000223	2.29807	1.62604
1824	0.000224	2.29503	1.62907
1825	0.000225	2.29199	1.63211
1826	0.000226	2.28289	1.63514
1827	0.000227	2.27985	1.63818
1828	0.000228	2.2753	1.64122
1829	0.000229	2.27226	1.64122
1830	0.00023	2.26467	1.64273
1831	0.000231	2.26011	1.64729
1832	0.000232	2.25252	1.64729
1833	0.000233	2.25101	1.64577
1834	0.000234	2.24493	1.64881
1835	0.000235	2.2419	1.64881
1836	0.000236	2.23583	1.65032
1837	0.000237	2.23127	1.65032
1838	0.000238	2.22216	1.65032
1839	0.000239	2.22216	1.65184
1840	0.00024	2.21609	1.65032
1841	0.000241	2.21002	1.65336
1842	0.000242	2.20547	1.65336
1843	0.000243	2.20243	1.65336
1844	0.000244	2.19636	1.65336
1845	0.000245	2.19028	1.65336
1846	0.000246	2.18725	1.65336
1847	0.000247	2.18118	1.65488
1848	0.000248	2.1751	1.65488
1849	0.000249	2.17359	1.65488
1850	0.00025	2.16751	1.65488
1851	0.000251	2.16144	1.65336
1852	0.000252	2.15233	1.6564
1853	0.000253	2.15385	1.6564
1854	0.000254	2.14778	1.65488
1855	0.000255	2.14171	1.65791
1856	0.000256	2.13564	1.65791
1857	0.000257	2.1326	1.65791
1858	0.000258	2.12653	1.6564
1859	0.000259	2.12197	1.6564
1860	0.00026	2.12046	1.65488
1861	0.000261	2.11286	1.65791
1862	0.000262	2.10679	1.65791
1863	0.000263	2.10376	1.65791
1864	0.000264	2.09768	1.6564
1865	0.000265	2.09161	1.65791
1866	0.000266	2.08554	1.65791
1867	0.000267	2.0825	1.65791
1868	0.000268	2.07795	1.65791
1869	0.000269	2.07188	1.65791
1870	0.00027	2.06732	1.65791
1871	0.000271	2.06277	1.65791
1872	0.000272	2.0567	1.65791
1873	0.000273	2.05214	1.65943
1874	0.000274	2.05062	1.65943
1875	0.000275	2.04152	1.65943
1876	0.000276	2.03544	1.65943
1877	0.000277	2.03241	1.65943
1878	0.000278	2.02937	1.65943
1879	0.000279	2.02178	1.65943
1880	0.00028	2.01571	1.66095
1881	0.000281	2.01267	1.65943
1882	0.000282	2.0066	1.65943
1883	0.000283	2.00357	1.65943
1884	0.000284	1.99749	1.65943
1885	0.000285	1.99142	1.65943
1886	0.000286	1.98839	1.65943
1887	0.000287	1.98231	1.66095
1888	0.000288	1.97624	1.65791
1889	0.000289	1.9732	1.66095
1890	0.00029	1.96561	1.66095
1891	0.000291	1.96258	1.66095
1892	0.000292	1.95954	1.66095
1893	0.000293	1.95043	1.66095
1894	0.000294	1.9474	1.66095
1895	0.000295	1.94436	1.66095
1896	0.000296	1.93829	1.66095
1897	0.000297	1.93222	1.66095
1898	0.000298	1.92766	1.66095
1899	0.000299	1.92159	1.66095
1900	0.0003	1.91856	1.65943
1901	0.000301	1.91096	1.66247
1902	0.000302	1.90641	1.65943
1903	0.000303	1.90337	1.66095
1904	0.000304	1.89578	1.66095
1905	0.000305	1.89123	1.66095
1906	0.000306	1.88819	1.65943
1907	0.000307	1.8806	1.66247
1908	0.000308	1.87453	1.66247
1909	0.000309	1.87301	1.66095
1910	0.00031	1.86694	1.66247
1911	0.000311	1.85935	1.66247
1912	0.000312	1.85632	1.66247
1913	0.000313	1.85328	1.66247
1914	0.000314	1.84721	1.66247
1915	0.000315	1.84113	1.66247
1916	0.000316	1.83962	1.66247
1917	0.000317	1.83203	1.66247
1918	0.000318	1.82595	1.66247
1919	0.000319	1.82444	1.66247
1920	0.00032	1.81988	1.66247
1921	0.000321	1.81077	1.66247
1922	0.000322	1.80622	1.66399
1923	0.000323	1.80318	1.66247
1924	0.000324	1.79711	1.66399
1925	0.000325	1.78952	1.66399
1926	0.000326	1.788	1.66247
1927	0.000327	1.78193	1.66095
1928	0.000328	1.77738	1.66399
1929	0.000329	1.76675	1.66399
1930	0.00033	1.76675	1.66399
1931	0.000331	1.7622	1.66399
1932	0.000332	1.75612	1.66399
1933	0.000333	1.75309	1.66399
1934	0.000334	1.74853	1.66399
1935	0.000335	1.74094	1.66399
1936	0.000336	1.73639	1.66399
1937	0.000337	1.73335	1.66399
1938	0.000338	1.7288	1.66399
1939	0.000339	1.71969	1.66399
1940	0.00034	1.71666	1.66399
1941	0.000341	1.71362	1.66399
1942	0.000342	1.70755	1.66399
1943	0.000343	1.70451	1.66399
1944	0.000344	1.69692	1.66399
1945	0.000345	1.69085	1.66399
1946	0.000346	1.68629	1.66399
1947	0.000347	1.68478	1.66399
1948	0.000348	1.68022	1.66247
1949	0.000349	1.67111	1.66702
1950	0.00035	1.66808	1.66702
1951	0.000351	1.66352	1.66399
1952	0.000352	1.65745	1.66702
1953	0.000353	1.6529	1.66702
1954	0.000354	1.64683	1.66702
1955	0.000355	1.64227	1.66702
1956	0.000356	1.63772	1.66702
1957	0.000357	1.63164	1.66702
1958	0.000358	1.63164	1.66702
1959	0.000359	1.62102	1.66702
1960	0.00036	1.61646	1.66702
1961	0.000361	1.61495	1.66702
1962	0.000362	1.60887	1.66702
1963	0.000363	1.60128	1.66702
1964	0.000364	1.59825	1.66854
1965	0.000365	1.59369	1.66399
1966	0.000366	1.58762	1.66702
1967	0.000367	1.58459	1.66702
1968	0.000368	1.58003	1.66702
1969	0.000369	1.57396	1.66399
1970	0.00037	1.56789	1.66854
1971	0.000371	1.56181	1.66854
1972	0.000372	1.5603	1.66399
1973	0.000373	1.55271	1.66854
1974	0.000374	1.54663	1.66854
1975	0.000375	1.5436	1.66702
1976	0.000376	1.53904	1.66854
1977	0.000377	1.53145	1.66854
1978	0.000378	1.5269	1.66854
1979	0.000379	1.52538	1.66702
1980	0.00038	1.51779	1.66854
1981	0.000381	1.51172	1.66854
1982	0.000382	1.50868	1.66854
1983	0.000383	1.50261	1.66854
1984	0.000384	1.49806	1.66854
1985	0.000385	1.4935	1.66854
1986	0.000386	1.49047	1.66854
1987	0.000387	1.48288	1.66854
1988	0.000388	1.4768	1.67006
1989	0.000389	1.47377	1.66702
1990	0.00039	1.46921	1.66854
1991	0.000391	1.46162	1.67006
1992	0.000392	1.46011	1.66854
1993	0.000393	1.45252	1.67006
1994	0.000394	1.44796	1.67006
1995	0.000395	1.44037	1.67006
1996	0.000396	1.44037	1.66854
1997	0.000397	1.4343	1.67006
1998	0.000398	1.42671	1.67006
1999	0.000399	1.42519	1.67006
2000	0.0004	1.4176	1.67006
2001	0.000401	1.41153	1.67006
2002	0.000402	1.40697	1.67158
2003	0.000403	1.40394	1.66854
2004	0.000404	1.39938	1.67006
2005	0.000405	1.39028	1.67006
2006	0.000406	1.38724	1.67006
2007	0.000407	1.38572	1.67006
2008	0.000408	1.37661	1.67158
2009	0.000409	1.36902	1.67158
2010	0.00041	1.36902	1.66854
2011	0.000411	1.36447	1.67006
2012	0.000412	1.35536	1.67158
2013	0.000413	1.35384	1.66854
2014	0.000414	1.35081	1.67006
2015	0.000415	1.34322	1.67006
2016	0.000416	1.33714	1.67006
2017	0.000417	1.33411	1.67006
2018	0.000418	1.32804	1.67006
2019	0.000419	1.32045	1.67158
2020	0.00042	1.31741	1.66854
2021	0.000421	1.31134	1.67158
2022	0.000422	1.3083	1.66854
2023	0.000423	1.30071	1.67158
2024	0.000424	1.29767	1.66854
2025	0.000425	1.2916	1.67006
2026	0.000426	1.28553	1.67006
2027	0.000427	1.28249	1.67158
2028	0.000428	1.27794	1.67158
2029	0.000429	1.27187	1.67158
2030	0.00043	1.2658	1.67006
2031	0.000431	1.26428	1.67006
2032	0.000432	1.25517	1.67158
2033	0.000433	1.25213	1.67158
2034	0.000434	1.2491	1.67158
2035	0.000435	1.24303	1.67158
2036	0.000436	1.23847	1.67158
2037	0.000437	1.23088	1.67158
2038	0.000438	1.22784	1.67158
2039	0.000439	1.22481	1.67158
2040	0.00044	1.21722	1.67158
2041	0.000441	1.2157	1.67006
2042	0.000442	1.20811	1.6731
2043	0.000443	1.20204	1.6731
2044	0.000444	1.19597	1.67158
2045	0.000445	1.19597	1.67006
2046	0.000446	1.18838	1.6731
2047	0.000447	1.18079	1.6731
2048	0.000448	1.17775	1.67158
2049	0.000449	1.1732	1.67006
2050	0.00045	1.16712	1.6731
2051	0.000451	1.16105	1.6731
2052	0.000452	1.15953	1.6731
2053	0.000453	1.15346	1.6731
2054	0.000454	1.14739	1.6731
2055	0.000455	1.14587	1.6731
2056	0.000456	1.13828	1.6731
2057	0.000457	1.13221	1.6731
2058	0.000458	1.12765	1.6731
2059	0.000459	1.12462	1.6731
2060	0.00046	1.11703	1.6731
2061	0.000461	1.11096	1.6731
2062	0.000462	1.10944	1.6731
2063	0.000463	1.10337	1.6731
2064	0.000464	1.09881	1.67158
2065	0.000465	1.09122	1.67461
2066	0.000466	1.08818	1.67158
2067	0.000467	1.08363	1.6731
2068	0.000468	1.07604	1.67461
2069	0.000469	1.073	1.67158
2070	0.00047	1.06845	1.6731
2071	0.000471	1.06238	1.67461
2072	0.000472	1.05631	1.67461
2073	0.000473	1.05327	1.67461
2074	0.000474	1.05023	1.67461
2075	0.000475	1.04113	1.6731
2076	0.000476	1.03809	1.67613
2077	0.000477	1.03505	1.67461
2078	0.000478	1.02898	1.67461
2079	0.000479	1.02594	1.67461
2080	0.00048	1.01987	1.67461
2081	0.000481	1.0138	1.67461
2082	0.000482	1.00773	1.67461
2083	0.000483	1.00469	1.67461
2084	0.000484	0.997102	1.67461
2085	0.000485	0.994066	1.6731
2086	0.000486	0.987994	1.67613
2087	0.000487	0.984958	1.67613
2088	0.000488	0.977368	1.67613
2089	0.000489	0.972813	1.67613
2090	0.00049	0.969777	1.6731
2091	0.000491	0.963705	1.6731
2092	0.000492	0.957633	1.67613
2093	0.000493	0.953079	1.67613
2094	0.000494	0.950043	1.67461
2095	0.000495	0.942453	1.67461
2096	0.000496	0.937898	1.67613
2097	0.000497	0.934862	1.67613
2098	0.000498	0.92879	1.67613
2099	0.000499	0.924236	1.67613
2100	0.0005	0.916646	1.67613
2101	0.000501	0.915128	1.67613
2102	0.000502	0.907538	1.67613
2103	0.000503	0.901465	1.67613
2104	0.000504	0.899947	1.67613
2105	0.000505	0.893875	1.67613
2106	0.000506	0.887803	1.67613
2107	0.000507	0.883249	1.67613
2108	0.000508	0.880213	1.67461
2109	0.000509	0.874141	1.67765
2110	0.00051	0.868068	1.67765
2111	0.000511	0.86655	1.67461
2112	0.000512	0.85896	1.67765
2113	0.000513	0.852888	1.67765
2114	0.000514	0.849852	1.67765
2115	0.000515	0.846816	1.67765
2116	0.000516	0.840744	1.67765
2117	0.000517	0.833153	1.67765
2118	0.000518	0.830117	1.67765
2119	0.000519	0.824045	1.67765
2120	0.00052	0.819491	1.67765
2121	0.000521	0.814937	1.67765
2122	0.000522	0.807347	1.67765
2123	0.000523	0.804311	1.67765
2124	0.000524	0.798238	1.67765
2125	0.000525	0.793684	1.67765
2126	0.000526	0.790648	1.67765
2127	0.000527	0.784576	1.67765
2128	0.000528	0.778504	1.67765
2129	0.000529	0.776986	1.67765
2130	0.00053	0.770914	1.67765
2131	0.000531	0.763323	1.67765
2132	0.000532	0.761805	1.67613
2133	0.000533	0.755733	1.68069
2134	0.000534	0.748143	1.67765
2135	0.000535	0.743589	1.67917
2136	0.000536	0.740553	1.67765
2137	0.000537	0.735999	1.67765
2138	0.000538	0.729926	1.67765
2139	0.000539	0.72689	1.67765
2140	0.00054	0.720818	1.67917
2141	0.000541	0.713228	1.67917
2142	0.000542	0.710192	1.67917
2143	0.000543	0.707156	1.67917
2144	0.000544	0.698047	1.67917
2145	0.000545	0.693493	1.67917
2146	0.000546	0.691975	1.67917
2147	0.000547	0.687421	1.67917
2148	0.000548	0.681349	1.68069
2149	0.000549	0.675277	1.67765
2150	0.00055	0.672241	1.67917
2151	0.000551	0.666168	1.67917
2152	0.000552	0.661614	1.68069
2153	0.000553	0.65706	1.68069
2154	0.000554	0.652506	1.68069
2155	0.000555	0.644916	1.67917
2156	0.000556	0.64188	1.67917
2157	0.000557	0.638844	1.67917
2158	0.000558	0.631253	1.67917
2159	0.000559	0.623663	1.67917
2160	0.00056	0.623663	1.67917
2161	0.000561	0.616073	1.67917
2162	0.000562	0.610001	1.67917
2163	0.000563	0.610001	1.67917
2164	0.000564	0.600893	1.67917
2165	0.000565	0.59482	1.67917
2166	0.000566	0.591784	1.67917
2167	0.000567	0.588748	1.67917
2168	0.000568	0.581158	1.67917
2169	0.000569	0.575086	1.67917
2170	0.00057	0.570532	1.67917
2171	0.000571	0.565978	1.67765
2172	0.000572	0.561423	1.67765
2173	0.000573	0.553833	1.67765
2174	0.000574	0.552315	1.67917
2175	0.000575	0.546243	1.67917
2176	0.000576	0.541689	1.67917
2177	0.000577	0.538653	1.67613
2178	0.000578	0.531063	1.67765
2179	0.000579	0.52499	1.67765
2180	0.00058	0.518918	1.67765
2181	0.000581	0.518918	1.67765
2182	0.000582	0.50981	1.67765
2183	0.000583	0.505256	1.67917
2184	0.000584	0.50222	1.67613
2185	0.000585	0.496148	1.67765
2186	0.000586	0.490075	1.67765
2187	0.000587	0.487039	1.67765
2188	0.000588	0.479449	1.67765
2189	0.000589	0.476413	1.67765
2190	0.00059	0.468823	1.67613
2191	0.000591	0.468823	1.68069
2192	0.000592	0.461232	1.67765
2193	0.000593	0.45516	1.67613
2194	0.000594	0.449088	1.67765
2195	0.000595	0.44757	1.67765
2196	0.000596	0.43998	1.67765
2197	0.000597	0.433908	1.67765
2198	0.000598	0.430872	1.67765
2199	0.000599	0.426317	1.67765
2200	0.0006	0.418727	1.67765
2201	0.000601	0.414173	1.67765
2202	0.000602	0.411137	1.67765
2203	0.000603	0.406583	1.67765
2204	0.000604	0.400511	1.67765
2205	0.000605	0.395957	1.67765
2206	0.000606	0.389884	1.67765
2207	0.000607	0.383812	1.67765
2208	0.000608	0.380776	1.67765
2209	0.000609	0.376222	1.67765
2210	0.00061	0.371668	1.67765
2211	0.000611	0.364078	1.67765
2212	0.000612	0.36256	1.67765
2213	0.000613	0.356487	1.67765
2214	0.000614	0.348897	1.67765
2215	0.000615	0.345861	1.67765
2216	0.000616	0.339789	1.67765
2217	0.000617	0.335235	1.67765
2218	0.000618	0.329163	1.67765
2219	0.000619	0.324609	1.67765
2220	0.00062	0.321572	1.67765
2221	0.000621	0.3155	1.67765
2222	0.000622	0.309428	1.67765
2223	0.000623	0.30791	1.67765
2224	0.000624	0.301838	1.67765
2225	0.000625	0.295766	1.67765
2226	0.000626	0.29273	1.67765
2227	0.000627	0.286657	1.67765
2228	0.000628	0.283621	1.67765
2229	0.000629	0.276031	1.67765
2230	0.00063	0.271477	1.67765
2231	0.000631	0.265405	1.67765
2232	0.000632	0.260851	1.67765
2233	0.000633	0.257815	1.67765
2234	0.000634	0.251742	1.67765
2235	0.000635	0.24567	1.67765
2236	0.000636	0.242634	1.67765
2237	0.000637	0.23808	1.67765
2238	0.000638	0.23049	1.67765
2239	0.000639	0.224418	1.67765
2240	0.00064	0.2229	1.67765
2241	0.000641	0.216827	1.67765
2242	0.000642	0.209237	1.67765
2243	0.000643	0.206201	1.67765
2244	0.000644	0.201647	1.67765
2245	0.000645	0.197093	1.67765
2246	0.000646	0.191021	1.67765
2247	0.000647	0.186466	1.67765
2248	0.000648	0.180394	1.67765
2249	0.000649	0.174322	1.67765
2250	0.00065	0.174322	1.67765
2251	0.000651	0.16825	1.67765
2252	0.000652	0.16066	1.67765
2253	0.000653	0.156106	1.67765
2254	0.000654	0.153069	1.67765
2255	0.000655	0.146997	1.67613
2256	0.000656	0.139407	1.67765
2257	0.000657	0.134853	1.67765
2258	0.000658	0.131817	1.67765
2259	0.000659	0.125745	1.67765
2260	0.00066	0.121191	1.67765
2261	0.000661	0.116636	1.67613
2262	0.000662	0.112082	1.67765
2263	0.000663	0.10601	1.67765
2264	0.000664	0.102974	1.67765
2265	0.000665	0.0984199	1.67765
2266	0.000666	0.0908297	1.67765
2267	0.000667	0.0862755	1.67765
2268	0.000668	0.0832395	1.67765
2269	0.000669	0.0786853	1.67765
2270	0.00067	0.0710951	1.67765
2271	0.000671	0.0650229	1.67765
2272	0.000672	0.0635049	1.67765
2273	0.000673	0.0574327	1.67765
2274	0.000674	0.0513605	1.67765
2275	0.000675	0.0483244	1.67765
2276	0.000676	0.0422523	1.67765
2277	0.000677	0.034662	1.67765
2278	0.000678	0.031626	1.67765
2279	0.000679	0.0285899	1.67765
2280	0.00068	0.0194816	1.67765
2281	0.000681	0.0164455	1.67765
2282	0.000682	0.0118914	1.67765
2283	0.000683	0.00733724	1.67765
2284	0.000684	-0.000252978	1.67765
2285	0.000685	-0.00480711	1.67765
2286	0.000686	0.00126507	1.67765
2287	0.000687	0.00885529	1.67765
2288	0.000688	0.0118914	1.67765
2289	0.000689	0.0149275	1.67765
2290	0.00069	0.0209996	1.67765
2291	0.000691	0.0285899	1.67765
2292	0.000692	0.033144	1.67765
2293	0.000693	0.0376981	1.67765
2294	0.000694	0.0422523	1.67765
2295	0.000695	0.0483244	1.67765
2296	0.000696	0.0528786	1.67765
2297	0.000697	0.0559147	1.67765
2298	0.000698	0.0619868	1.67765
2299	0.000699	0.068059	1.67765
2300	0.0007	0.0710951	1.67765
2301	0.000701	0.0786853	1.67765
2302	0.000702	0.0847575	1.67917
2303	0.000703	0.0862755	1.67613
2304	0.000704	0.0923477	1.67765
2305	0.000705	0.0969019	1.67765
2306	0.000706	0.102974	1.67765
2307	0.000707	0.107528	1.67765
2308	0.000708	0.112082	1.67765
2309	0.000709	0.118154	1.67765
2310	0.00071	0.121191	1.67765
2311	0.000711	0.127263	1.67765
2312	0.000712	0.133335	1.67765
2313	0.000713	0.134853	1.67765
2314	0.000714	0.139407	1.67765
2315	0.000715	0.146997	1.67765
2316	0.000716	0.153069	1.67765
2317	0.000717	0.154588	1.67765
2318	0.000718	0.16066	1.67765
2319	0.000719	0.16825	1.67765
2320	0.00072	0.172804	1.67613
2321	0.000721	0.17584	1.67917
2322	0.000722	0.181912	1.67765
2323	0.000723	0.186466	1.67765
2324	0.000724	0.191021	1.67765
2325	0.000725	0.197093	1.67765
2326	0.000726	0.201647	1.67765
2327	0.000727	0.204683	1.67765
2328	0.000728	0.210755	1.67765
2329	0.000729	0.216827	1.67765
2330	0.00073	0.2229	1.67765
2331	0.000731	0.224418	1.67765
2332	0.000732	0.232008	1.67765
2333	0.000733	0.236562	1.67765
2334	0.000734	0.242634	1.67613
2335	0.000735	0.24567	1.67765
2336	0.000736	0.251742	1.67765
2337	0.000737	0.254778	1.67765
2338	0.000738	0.260851	1.67765
2339	0.000739	0.268441	1.67765
2340	0.00074	0.271477	1.67765
2341	0.000741	0.274513	1.67765
2342	0.000742	0.279067	1.67765
2343	0.000743	0.288175	1.67765
2344	0.000744	0.29273	1.67765
2345	0.000745	0.295766	1.67765
2346	0.000746	0.30032	1.67765
2347	0.000747	0.309428	1.67765
2348	0.000748	0.30791	1.67765
2349	0.000749	0.3155	1.67765
2350	0.00075	0.321572	1.67765
2351	0.000751	0.324609	1.67765
2352	0.000752	0.329163	1.67765
2353	0.000753	0.336753	1.67765
2354	0.000754	0.339789	1.67765
2355	0.000755	0.344343	1.67765
2356	0.000756	0.347379	1.67765
2357	0.000757	0.356487	1.67765
2358	0.000758	0.36256	1.67765
2359	0.000759	0.36256	1.67765
2360	0.00076	0.37015	1.67765
2361	0.000761	0.376222	1.67765
2362	0.000762	0.379258	1.67765
2363	0.000763	0.383812	1.67765
2364	0.000764	0.389884	1.67765
2365	0.000765	0.394439	1.67765
2366	0.000766	0.398993	1.67765
2367	0.000767	0.406583	1.67765
2368	0.000768	0.409619	1.67765
2369	0.000769	0.415691	1.67765
2370	0.00077	0.417209	1.67765
2371	0.000771	0.426317	1.67765
2372	0.000772	0.429354	1.67765
2373	0.000773	0.43239	1.67765
2374	0.000774	0.43998	1.67765
2375	0.000775	0.446052	1.67613
2376	0.000776	0.449088	1.67613
2377	0.000777	0.45516	1.67765
2378	0.000778	0.459714	1.67765
2379	0.000779	0.465787	1.67765
2380	0.00078	0.470341	1.67765
2381	0.000781	0.474895	1.67765
2382	0.000782	0.480967	1.67765
2383	0.000783	0.484003	1.67613
2384	0.000784	0.490075	1.67765
2385	0.000785	0.497666	1.67613
2386	0.000786	0.500702	1.67765
2387	0.000787	0.503738	1.67461
2388	0.000788	0.508292	1.67765
2389	0.000789	0.5174	1.67765
2390	0.00079	0.520436	1.67613
2391	0.000791	0.523472	1.67765
2392	0.000792	0.529544	1.67765
2393	0.000793	0.534099	1.67461
2394	0.000794	0.538653	1.67765
2395	0.000795	0.544725	1.67613
2396	0.000796	0.550797	1.67613
2397	0.000797	0.553833	1.67765
2398	0.000798	0.558387	1.67765
2399	0.000799	0.565978	1.67765
2400	0.0008	0.570532	1.67765
2401	0.000801	0.573568	1.67765
2402	0.000802	0.581158	1.67461
2403	0.000803	0.585712	1.67613
2404	0.000804	0.588748	1.67765
2405	0.000805	0.593302	1.67613
2406	0.000806	0.600893	1.67765
2407	0.000807	0.605447	1.67765
2408	0.000808	0.610001	1.67765
2409	0.000809	0.614555	1.67461
2410	0.00081	0.620627	1.67613
2411	0.000811	0.622145	1.67765
2412	0.000812	0.628217	1.67613
2413	0.000813	0.635808	1.67613
2414	0.000814	0.64188	1.67613
2415	0.000815	0.643398	1.67613
2416	0.000816	0.650988	1.67613
2417	0.000817	0.655542	1.67613
2418	0.000818	0.660096	1.67613
2419	0.000819	0.666168	1.67613
2420	0.00082	0.669205	1.67613
2421	0.000821	0.673759	1.67613
2422	0.000822	0.678313	1.67613
2423	0.000823	0.684385	1.6731
2424	0.000824	0.690457	1.67461
2425	0.000825	0.693493	1.67461
2426	0.000826	0.701083	1.67461
2427	0.000827	0.70412	1.67461
2428	0.000828	0.708674	1.6731
2429	0.000829	0.71171	1.67461
2430	0.00083	0.7193	1.6731
2431	0.000831	0.72689	1.6731
2432	0.000832	0.72689	1.6731
2433	0.000833	0.73448	1.6731
2434	0.000834	0.739035	1.67158
2435	0.000835	0.742071	1.67158
2436	0.000836	0.749661	1.67158
2437	0.000837	0.755733	1.67158
2438	0.000838	0.761805	1.67158
2439	0.000839	0.763323	1.67158
2440	0.00084	0.767877	1.67158
2441	0.000841	0.775468	1.67158
2442	0.000842	0.780022	1.66854
2443	0.000843	0.783058	1.67006
2444	0.000844	0.78913	1.67006
2445	0.000845	0.793684	1.67006
2446	0.000846	0.798238	1.67006
2447	0.000847	0.804311	1.67006
2448	0.000848	0.810383	1.66702
2449	0.000849	0.811901	1.66854
2450	0.00085	0.819491	1.67006
2451	0.000851	0.824045	1.66702
2452	0.000852	0.830117	1.66854
2453	0.000853	0.831635	1.66854
2454	0.000854	0.837707	1.66854
2455	0.000855	0.845298	1.66854
2456	0.000856	0.849852	1.66854
2457	0.000857	0.852888	1.66854
2458	0.000858	0.857442	1.66854
2459	0.000859	0.865032	1.66854
2460	0.00086	0.86655	1.66854
2461	0.000861	0.872622	1.66854
2462	0.000862	0.880213	1.66702
2463	0.000863	0.880213	1.66854
2464	0.000864	0.887803	1.66702
2465	0.000865	0.895393	1.66854
2466	0.000866	0.899947	1.66854
2467	0.000867	0.901465	1.66854
2468	0.000868	0.906019	1.66702
2469	0.000869	0.91361	1.66399
2470	0.00087	0.916646	1.66854
2471	0.000871	0.924236	1.66854
2472	0.000872	0.927272	1.66399
2473	0.000873	0.933344	1.66702
2474	0.000874	0.93638	1.66702
2475	0.000875	0.943971	1.66399
2476	0.000876	0.947007	1.66247
2477	0.000877	0.951561	1.66702
2478	0.000878	0.959151	1.66702
2479	0.000879	0.963705	1.66702
2480	0.00088	0.969777	1.66399
2481	0.000881	0.972813	1.66702
2482	0.000882	0.97585	1.66702
2483	0.000883	0.984958	1.66702
2484	0.000884	0.986476	1.66702
2485	0.000885	0.99103	1.66702
2486	0.000886	0.997102	1.66702
2487	0.000887	1.00469	1.66702
2488	0.000888	1.00621	1.66702
2489	0.000889	1.0138	1.66702
2490	0.00089	1.01987	1.66702
2491	0.000891	1.02291	1.66702
2492	0.000892	1.02746	1.66702
2493	0.000893	1.03505	1.66399
2494	0.000894	1.03657	1.66702
2495	0.000895	1.04264	1.66702
2496	0.000896	1.04568	1.66702
2497	0.000897	1.05631	1.66247
2498	0.000898	1.05782	1.66399
2499	0.000899	1.06086	1.66399
2500	0.0009	1.06693	1.66399
2501	0.000901	1.07452	1.66247
2502	0.000902	1.07604	1.66702
2503	0.000903	1.08363	1.66247
2504	0.000904	1.08818	1.66399
2505	0.000905	1.09122	1.66399
2506	0.000906	1.09578	1.66399
2507	0.000907	1.10337	1.66399
2508	0.000908	1.10792	1.66399
2509	0.000909	1.11247	1.66399
2510	0.00091	1.11551	1.66399
2511	0.000911	1.12462	1.66247
2512	0.000912	1.12614	1.66399
2513	0.000913	1.13221	1.66399
2514	0.000914	1.13828	1.66095
2515	0.000915	1.14435	1.66247
2516	0.000916	1.14739	1.66399
2517	0.000917	1.15346	1.66399
2518	0.000918	1.1565	1.66247
2519	0.000919	1.16105	1.66399
2520	0.00092	1.16712	1.66095
2521	0.000921	1.1732	1.66247
2522	0.000922	1.17775	1.66247
2523	0.000923	1.18079	1.66095
2524	0.000924	1.18838	1.66399
2525	0.000925	1.19445	1.66095
2526	0.000926	1.199	1.66399
2527	0.000927	1.20204	1.66095
2528	0.000928	1.20811	1.66247
2529	0.000929	1.21418	1.66247
2530	0.00093	1.21722	1.66247
2531	0.000931	1.22025	1.66247
2532	0.000932	1.23088	1.66247
2533	0.000933	1.23088	1.66095
2534	0.000934	1.23695	1.66247
2535	0.000935	1.24303	1.66247
2536	0.000936	1.24606	1.66247
2537	0.000937	1.25365	1.66247
2538	0.000938	1.25821	1.66095
2539	0.000939	1.26428	1.66095
2540	0.00094	1.2658	1.66247
2541	0.000941	1.27187	1.66247
2542	0.000942	1.27794	1.65943
2543	0.000943	1.27946	1.66095
2544	0.000944	1.28705	1.66095
2545	0.000945	1.2916	1.66095
2546	0.000946	1.29767	1.65943
2547	0.000947	1.30071	1.66247
2548	0.000948	1.30678	1.65943
2549	0.000949	1.31437	1.66095
2550	0.00095	1.31741	1.66095
2551	0.000951	1.32196	1.66095
2552	0.000952	1.325	1.66095
2553	0.000953	1.33411	1.65791
2554	0.000954	1.33563	1.66095
2555	0.000955	1.3417	1.66095
2556	0.000956	1.34777	1.65943
2557	0.000957	1.35232	1.66095
2558	0.000958	1.35688	1.66095
2559	0.000959	1.36295	1.66095
2560	0.00096	1.3675	1.66095
2561	0.000961	1.37206	1.66095
2562	0.000962	1.37813	1.66095
2563	0.000963	1.3842	1.66095
2564	0.000964	1.38572	1.66095
2565	0.000965	1.39179	1.66095
2566	0.000966	1.39938	1.66095
2567	0.000967	1.40242	1.65943
2568	0.000968	1.40546	1.66095
2569	0.000969	1.41305	1.66095
2570	0.00097	1.4176	1.65943
2571	0.000971	1.42367	1.65943
2572	0.000972	1.42823	1.65943
2573	0.000973	1.43126	1.65791
2574	0.000974	1.43885	1.65791
2575	0.000975	1.44037	1.65943
2576	0.000976	1.44796	1.65943
2577	0.000977	1.45403	1.65791
2578	0.000978	1.45707	1.65791
2579	0.000979	1.46011	1.65943
2580	0.00098	1.4677	1.65943
2581	0.000981	1.47377	1.65943
2582	0.000982	1.47529	1.65943
2583	0.000983	1.48439	1.65791
2584	0.000984	1.48743	1.65943
2585	0.000985	1.49198	1.6564
2586	0.000986	1.49806	1.65791
2587	0.000987	1.50261	1.65791
2588	0.000988	1.50868	1.65791
2589	0.000989	1.5102	1.65791
2590	0.00099	1.51779	1.65791
2591	0.000991	1.52386	1.65791
2592	0.000992	1.5269	1.65791
2593	0.000993	1.52994	1.65791
2594	0.000994	1.53753	1.65791
2595	0.000995	1.5436	1.65791
2596	0.000996	1.54663	1.65791
2597	0.000997	1.55271	1.65488
2598	0.000998	1.55726	1.65791
2599	0.000999	1.56181	1.65791
2600	0.001	1.56789	1.65791
2601	0.001001	1.57396	1.65791
2602	0.001002	1.577	1.65488
2603	0.001003	1.58003	1.65791
2604	0.001004	1.58914	1.6564
2605	0.001005	1.59218	1.6564
2606	0.001006	1.59521	1.6564
2607	0.001007	1.60128	1.6564
2608	0.001008	1.60887	1.6564
2609	0.001009	1.61495	1.6564
2610	0.00101	1.61798	1.6564
2611	0.001011	1.62102	1.6564
2612	0.001012	1.63013	1.6564
2613	0.001013	1.63316	1.6564
2614	0.001014	1.6362	1.6564
2615	0.001015	1.64227	1.6564
2616	0.001016	1.64683	1.6564
2617	0.001017	1.6529	1.6564
2618	0.001018	1.65593	1.65488
2619	0.001019	1.66201	1.65488
2620	0.00102	1.66352	1.6564
2621	0.001021	1.67263	1.6564
2622	0.001022	1.67719	1.6564
2623	0.001023	1.68326	1.65336
2624	0.001024	1.68781	1.6564
2625	0.001025	1.69085	1.65488
2626	0.001026	1.69692	1.6564
2627	0.001027	1.70451	1.65488
2628	0.001028	1.70755	1.65336
2629	0.001029	1.71058	1.65488
2630	0.00103	1.71514	1.65488
2631	0.001031	1.72273	1.65488
2632	0.001032	1.72728	1.65488
2633	0.001033	1.73335	1.65488
2634	0.001034	1.73639	1.65488
2635	0.001035	1.73943	1.65488
2636	0.001036	1.74853	1.65488
2637	0.001037	1.75157	1.65488
2638	0.001038	1.75461	1.65488
2639	0.001039	1.7622	1.65488
2640	0.00104	1.76979	1.65488
2641	0.001041	1.76979	1.65488
2642	0.001042	1.77434	1.65488
2643	0.001043	1.78193	1.65184
2644	0.001044	1.78649	1.65488
2645	0.001045	1.79256	1.65488
2646	0.001046	1.79559	1.65184
2647	0.001047	1.80318	1.65336
2648	0.001048	1.8047	1.65336
2649	0.001049	1.81077	1.65488
2650	0.00105	1.81685	1.65184
2651	0.001051	1.82444	1.65184
2652	0.001052	1.82444	1.65488
2653	0.001053	1.83051	1.65184
2654	0.001054	1.83658	1.65336
2655	0.001055	1.83962	1.65336
2656	0.001056	1.84569	1.65336
2657	0.001057	1.85176	1.65336
2658	0.001058	1.85632	1.65336
2659	0.001059	1.85935	1.65336
2660	0.00106	1.86694	1.65184
2661	0.001061	1.8715	1.65184
2662	0.001062	1.87605	1.65336
2663	0.001063	1.87909	1.65184
2664	0.001064	1.88819	1.65184
2665	0.001065	1.88819	1.65184
2666	0.001066	1.89427	1.65032
2667	0.001067	1.90034	1.65184
2668	0.001068	1.90641	1.65184
2669	0.001069	1.90945	1.65184
2670	0.00107	1.91552	1.65184
2671	0.001071	1.92159	1.65184
2672	0.001072	1.92615	1.65184
2673	0.001073	1.93222	1.65184
2674	0.001074	1.93677	1.65184
2675	0.001075	1.94284	1.65184
2676	0.001076	1.94588	1.65184
2677	0.001077	1.94892	1.65184
2678	0.001078	1.95802	1.65032
2679	0.001079	1.96106	1.65032
2680	0.00108	1.9641	1.65032
2681	0.001081	1.97017	1.65032
2682	0.001082	1.97624	1.65032
2683	0.001083	1.98079	1.65032
2684	0.001084	1.98687	1.65032
2685	0.001085	1.9899	1.65032
2686	0.001086	1.99598	1.65032
2687	0.001087	2.00205	1.65032
2688	0.001088	2.00508	1.65032
2689	0.001089	2.00964	1.65032
2690	0.00109	2.01267	1.64881
2691	0.001091	2.01875	1.64881
2692	0.001092	2.02634	1.64729
2693	0.001093	2.02937	1.65032
2694	0.001094	2.03241	1.65032
2695	0.001095	2.04	1.64729
2696	0.001096	2.04759	1.64881
2697	0.001097	2.04911	1.64729
2698	0.001098	2.05366	1.64881
2699	0.001099	2.06125	1.64881
2700	0.0011	2.06429	1.64881
2701	0.001101	2.06732	1.64729
2702	0.001102	2.07491	1.64729
2703	0.001103	2.08099	1.64729
2704	0.001104	2.0825	1.64881
2705	0.001105	2.08858	1.64577
2706	0.001106	2.09617	1.64881
2707	0.001107	2.0992	1.64881
2708	0.001108	2.10527	1.64577
2709	0.001109	2.10983	1.64729
2710	0.00111	2.11742	1.64729
2711	0.001111	2.12046	1.64729
2712	0.001112	2.12501	1.64577
2713	0.001113	2.1326	1.64729
2714	0.001114	2.1326	1.64729
2715	0.001115	2.13867	1.64729
2716	0.001116	2.14626	1.64729
2717	0.001117	2.15233	1.64729
2718	0.001118	2.15537	1.64729
2719	0.001119	2.15841	1.64273
2720	0.00112	2.166	1.64577
2721	0.001121	2.17207	1.64577
2722	0.001122	2.1751	1.64577
2723	0.001123	2.18118	1.64577
2724	0.001124	2.18725	1.64122
2725	0.001125	2.1918	1.64577
2726	0.001126	2.19484	1.64122
2727	0.001127	2.20243	1.64273
2728	0.001128	2.20243	1.64273
2729	0.001129	2.21002	1.64273
2730	0.00113	2.21609	1.64273
2731	0.001131	2.22065	1.64122
2732	0.001132	2.22368	1.64122
2733	0.001133	2.22975	1.64122
2734	0.001134	2.23734	1.64122
2735	0.001135	2.24038	1.64122
2736	0.001136	2.24342	1.63818
2737	0.001137	2.24949	1.6397
2738	0.001138	2.25404	1.63666
2739	0.001139	2.2586	1.63818
2740	0.00114	2.26619	1.63666
2741	0.001141	2.26922	1.63666
2742	0.001142	2.27226	1.63666
2743	0.001143	2.27985	1.63666
2744	0.001144	2.2844	1.63514
2745	0.001145	2.29048	1.63211
2746	0.001146	2.29351	1.63363
2747	0.001147	2.29807	1.63059
2748	0.001148	2.30566	1.62907
2749	0.001149	2.31173	1.62907
2750	0.00115	2.31325	1.62604
2751	0.001151	2.32084	1.62604
2752	0.001152	2.32387	1.62452
2753	0.001153	2.32843	1.623
2754	0.001154	2.3345	1.61845
2755	0.001155	2.34057	1.61693
2756	0.001156	2.34361	1.61389
2757	0.001157	2.34968	1.61237
2758	0.001158	2.35575	1.60934
2759	0.001159	2.36031	1.60327
2760	0.00116	2.36334	1.60478
2761	0.001161	2.36941	1.59568
2762	0.001162	2.37549	1.59264
2763	0.001163	2.37852	1.5896
2764	0.001164	2.38459	1.58657
2765	0.001165	2.39067	1.57746
2766	0.001166	2.3937	1.57442
2767	0.001167	2.39826	1.56835
2768	0.001168	2.40585	1.56228
2769	0.001169	2.4104	1.55317
2770	0.00117	2.41344	1.55013
2771	0.001171	2.41951	1.54103
2772	0.001172	2.42558	1.53192
2773	0.001173	2.43165	1.52281
2774	0.001174	2.43469	1.51674
2775	0.001175	2.43773	1.50611
2776	0.001176	2.44683	1.497
2777	0.001177	2.44835	1.48486
2778	0.001178	2.45442	1.47727
2779	0.001179	2.45898	1.46512
2780	0.00118	2.46657	1.45602
2781	0.001181	2.46961	1.44387
2782	0.001182	2.47264	1.43476
2783	0.001183	2.48023	1.42262
2784	0.001184	2.48327	1.41351
2785	0.001185	2.4863	1.40592
2786	0.001186	2.48327	1.39681
2787	0.001187	2.48023	1.39378
2788	0.001188	2.47264	1.38922
2789	0.001189	2.46961	1.38922
2790	0.00119	2.46657	1.3877
2791	0.001191	2.45746	1.3877
2792	0.001192	2.45442	1.3877
2793	0.001193	2.44835	1.38922
2794	0.001194	2.44532	1.39074
2795	0.001195	2.43924	1.39226
2796	0.001196	2.43317	1.39833
2797	0.001197	2.43014	1.39985
2798	0.001198	2.42558	1.40592
2799	0.001199	2.41951	1.40896
2800	0.0012	2.41344	1.41503
2801	0.001201	2.4104	1.4211
2802	0.001202	2.40433	1.43021
2803	0.001203	2.39826	1.43628
2804	0.001204	2.3937	1.44539
2805	0.001205	2.39067	1.45298
2806	0.001206	2.38459	1.46361
2807	0.001207	2.37852	1.47423
2808	0.001208	2.37549	1.4803
2809	0.001209	2.3679	1.49397
2810	0.00121	2.36486	1.50307
2811	0.001211	2.36031	1.51674
2812	0.001212	2.35423	1.52585
2813	0.001213	2.34664	1.53799
2814	0.001214	2.34361	1.55013
2815	0.001215	2.34057	1.55924
2816	0.001216	2.33298	1.57139
2817	0.001217	2.32995	1.58201
2818	0.001218	2.32387	1.59112
2819	0.001219	2.32084	1.59719
2820	0.00122	2.31325	1.60782
2821	0.001221	2.31021	1.61389
2822	0.001222	2.30717	1.61693
2823	0.001223	2.29807	1.62604
2824	0.001224	2.29351	1.62907
2825	0.001225	2.29048	1.63211
2826	0.001226	2.28744	1.63514
2827	0.001227	2.27985	1.63818
2828	0.001228	2.27226	1.64122
2829	0.001229	2.27226	1.64122
2830	0.00123	2.26467	1.64273
2831	0.001231	2.2586	1.64577
2832	0.001232	2.25708	1.64729
2833	0.001233	2.24949	1.64729
2834	0.001234	2.24493	1.64881
2835	0.001235	2.24038	1.64881
2836	0.001236	2.23583	1.65032
2837	0.001237	2.22975	1.65032
2838	0.001238	2.22216	1.65032
2839	0.001239	2.22216	1.65184
2840	0.00124	2.21609	1.65184
2841	0.001241	2.21002	1.65032
2842	0.001242	2.20547	1.65336
2843	0.001243	2.20091	1.65336
2844	0.001244	2.19788	1.65336
2845	0.001245	2.19028	1.65336
2846	0.001246	2.18725	1.65184
2847	0.001247	2.18118	1.65488
2848	0.001248	2.1751	1.65488
2849	0.001249	2.17055	1.65488
2850	0.00125	2.16751	1.65488
2851	0.001251	2.15992	1.65488
2852	0.001252	2.15385	1.65488
2853	0.001253	2.15385	1.65488
2854	0.001254	2.14778	1.6564
2855	0.001255	2.14171	1.6564
2856	0.001256	2.13412	1.6564
2857	0.001257	2.1326	1.6564
2858	0.001258	2.12653	1.65488
2859	0.001259	2.12197	1.65791
2860	0.00126	2.11894	1.65791
2861	0.001261	2.11135	1.65791
2862	0.001262	2.10679	1.65791
2863	0.001263	2.10072	1.65791
2864	0.001264	2.09768	1.65791
2865	0.001265	2.09009	1.65791
2866	0.001266	2.08402	1.65791
2867	0.001267	2.08402	1.65791
2868	0.001268	2.07795	1.65791
2869	0.001269	2.07188	1.65943
2870	0.00127	2.06732	1.6564
2871	0.001271	2.06277	1.65791
2872	0.001272	2.05518	1.65943
2873	0.001273	2.05214	1.65943
2874	0.001274	2.04759	1.65943
2875	0.001275	2.04303	1.65943
2876	0.001276	2.03696	1.65943
2877	0.001277	2.03089	1.65943
2878	0.001278	2.02937	1.65943
2879	0.001279	2.02178	1.65943
2880	0.00128	2.01419	1.65943
2881	0.001281	2.01116	1.65943
2882	0.001282	2.0066	1.65943
2883	0.001283	2.00357	1.65943
2884	0.001284	1.99749	1.66095
2885	0.001285	1.99142	1.66095
2886	0.001286	1.98687	1.66095
2887	0.001287	1.98231	1.66095
2888	0.001288	1.97928	1.66095
2889	0.001289	1.97169	1.66095
2890	0.00129	1.96713	1.66095
2891	0.001291	1.96106	1.66095
2892	0.001292	1.95802	1.66095
2893	0.001293	1.95043	1.66095
2894	0.001294	1.9474	1.66095
2895	0.001295	1.94284	1.66095
2896	0.001296	1.93981	1.65943
2897	0.001297	1.93222	1.66247
2898	0.001298	1.92766	1.65943
2899	0.001299	1.92159	1.65943
2900	0.0013	1.91704	1.66247
2901	0.001301	1.90945	1.66247
2902	0.001302	1.90945	1.66247
2903	0.001303	1.90337	1.66247
2904	0.001304	1.89578	1.66247
2905	0.001305	1.88971	1.66095
2906	0.001306	1.88668	1.66095
2907	0.001307	1.8806	1.66095
2908	0.001308	1.87453	1.66247
2909	0.001309	1.8715	1.66247
2910	0.00131	1.86694	1.66095
2911	0.001311	1.86239	1.66399
2912	0.001312	1.85783	1.66095
2913	0.001313	1.85176	1.66247
2914	0.001314	1.84569	1.66247
2915	0.001315	1.83962	1.66247
2916	0.001316	1.83962	1.66247
2917	0.001317	1.83203	1.66095
2918	0.001318	1.82595	1.66399
2919	0.001319	1.82444	1.66095
2920	0.00132	1.81836	1.66247
2921	0.001321	1.81077	1.66247
2922	0.001322	1.80622	1.66247
2923	0.001323	1.80318	1.66247
2924	0.001324	1.79559	1.66247
2925	0.001325	1.79256	1.66399
2926	0.001326	1.78649	1.66399
2927	0.001327	1.78345	1.66399
2928	0.001328	1.77738	1.66399
2929	0.001329	1.7713	1.66399
2930	0.00133	1.76979	1.66399
2931	0.001331	1.7622	1.66247
2932	0.001332	1.75612	1.66399
2933	0.001333	1.75309	1.66399
2934	0.001334	1.74853	1.66399
2935	0.001335	1.73943	1.66399
2936	0.001336	1.73639	1.66399
2937	0.001337	1.73335	1.66399
2938	0.001338	1.7288	1.66399
2939	0.001339	1.71969	1.66399
2940	0.00134	1.71666	1.66247
2941	0.001341	1.71362	1.66399
2942	0.001342	1.70603	1.66399
2943	0.001343	1.70299	1.66399
2944	0.001344	1.69996	1.66399
2945	0.001345	1.69237	1.66399
2946	0.001346	1.68629	1.66399
2947	0.001347	1.68326	1.66399
2948	0.001348	1.67719	1.66247
2949	0.001349	1.67263	1.66702
2950	0.00135	1.66656	1.66702
2951	0.001351	1.66352	1.66702
2952	0.001352	1.65745	1.66702
2953	0.001353	1.64986	1.66702
2954	0.001354	1.64834	1.66399
2955	0.001355	1.64227	1.66702
2956	0.001356	1.63772	1.66702
2957	0.001357	1.63316	1.66702
2958	0.001358	1.63013	1.66702
2959	0.001359	1.62254	1.66702
2960	0.00136	1.61646	1.66702
2961	0.001361	1.61646	1.66702
2962	0.001362	1.60887	1.66702
2963	0.001363	1.60128	1.66854
2964	0.001364	1.59521	1.66854
2965	0.001365	1.59369	1.66399
2966	0.001366	1.58762	1.66702
2967	0.001367	1.58003	1.66854
2968	0.001368	1.57851	1.66399
2969	0.001369	1.57548	1.66702
2970	0.00137	1.56789	1.66854
2971	0.001371	1.56333	1.66854
2972	0.001372	1.55726	1.66854
2973	0.001373	1.55271	1.66854
2974	0.001374	1.54512	1.66854
2975	0.001375	1.54512	1.66854
2976	0.001376	1.53904	1.66854
2977	0.001377	1.53145	1.66854
2978	0.001378	1.52538	1.66854
2979	0.001379	1.52538	1.66854
2980	0.00138	1.51779	1.66854
2981	0.001381	1.5102	1.66854
2982	0.001382	1.50868	1.66854
2983	0.001383	1.50109	1.66854
2984	0.001384	1.49806	1.66702
2985	0.001385	1.4935	1.67006
2986	0.001386	1.49198	1.67006
2987	0.001387	1.47984	1.67006
2988	0.001388	1.4768	1.66854
2989	0.001389	1.47225	1.66854
2990	0.00139	1.46921	1.66854
2991	0.001391	1.46162	1.67006
2992	0.001392	1.45707	1.67006
2993	0.001393	1.45403	1.67006
2994	0.001394	1.44796	1.67006
2995	0.001395	1.44037	1.67006
2996	0.001396	1.43885	1.67006
2997	0.001397	1.43278	1.67006
2998	0.001398	1.42671	1.67006
2999	0.001399	1.42215	1.67006
3000	0.0014	1.4176	1.67006
3001	0.001401	1.41153	1.67006
3002	0.001402	1.40697	1.67006
3003	0.001403	1.40546	1.66854
3004	0.001404	1.39938	1.67158
3005	0.001405	1.39028	1.67158
3006	0.001406	1.38876	1.67006
3007	0.001407	1.38269	1.67006
3008	0.001408	1.37813	1.67006
3009	0.001409	1.36902	1.67158
3010	0.00141	1.36902	1.66854
3011	0.001411	1.36295	1.67158
3012	0.001412	1.35688	1.67158
3013	0.001413	1.35232	1.67158
3014	0.001414	1.34777	1.66854
3015	0.001415	1.3417	1.67006
3016	0.001416	1.33563	1.67006
3017	0.001417	1.33411	1.67006
3018	0.001418	1.32804	1.67006
3019	0.001419	1.32045	1.67006
3020	0.00142	1.31741	1.67006
3021	0.001421	1.31437	1.67006
3022	0.001422	1.30678	1.67006
3023	0.001423	1.29919	1.67006
3024	0.001424	1.29767	1.67006
3025	0.001425	1.2916	1.66854
3026	0.001426	1.28553	1.67158
3027	0.001427	1.27946	1.67158
3028	0.001428	1.27642	1.67006
3029	0.001429	1.27035	1.67006
3030	0.00143	1.26731	1.67006
3031	0.001431	1.26276	1.66854
3032	0.001432	1.25972	1.67158
3033	0.001433	1.25062	1.67158
3034	0.001434	1.24758	1.66854
3035	0.001435	1.24454	1.67158
3036	0.001436	1.23847	1.67158
3037	0.001437	1.23088	1.67158
3038	0.001438	1.22936	1.67158
3039	0.001439	1.22329	1.67158
3040	0.00144	1.2157	1.67158
3041	0.001441	1.21418	1.67158
3042	0.001442	1.20811	1.67158
3043	0.001443	1.20204	1.6731
3044	0.001444	1.19597	1.67006
3045	0.001445	1.19293	1.67158
3046	0.001446	1.18838	1.67006
3047	0.001447	1.18079	1.6731
3048	0.001448	1.17775	1.67158
3049	0.001449	1.1732	1.67006
3050	0.00145	1.16864	1.6731
3051	0.001451	1.16105	1.6731
3052	0.001452	1.15801	1.6731
3053	0.001453	1.15194	1.67158
3054	0.001454	1.14587	1.6731
3055	0.001455	1.14587	1.6731
3056	0.001456	1.13828	1.6731
3057	0.001457	1.13221	1.6731
3058	0.001458	1.12765	1.6731
3059	0.001459	1.12462	1.6731
3060	0.00146	1.11703	1.6731
3061	0.001461	1.11096	1.6731
3062	0.001462	1.10944	1.6731
3063	0.001463	1.10185	1.6731
3064	0.001464	1.09881	1.6731
3065	0.001465	1.09122	1.6731
3066	0.001466	1.08818	1.67158
3067	0.001467	1.08363	1.67461
3068	0.001468	1.07756	1.67158
3069	0.001469	1.07452	1.67461
3070	0.00147	1.06845	1.67158
3071	0.001471	1.06086	1.67461
3072	0.001472	1.05782	1.67461
3073	0.001473	1.05479	1.67461
3074	0.001474	1.05023	1.67461
3075	0.001475	1.04113	1.67461
3076	0.001476	1.03809	1.67461
3077	0.001477	1.03505	1.67461
3078	0.001478	1.02746	1.67461
3079	0.001479	1.02291	1.67461
3080	0.00148	1.01987	1.67461
3081	0.001481	1.01532	1.67461
3082	0.001482	1.00621	1.67461
3083	0.001483	1.00469	1.67461
3084	0.001484	0.997102	1.67461
3085	0.001485	0.994066	1.67461
3086	0.001486	0.986476	1.67461
3087	0.001487	0.986476	1.67613
3088	0.001488	0.980404	1.6731
3089	0.001489	0.969777	1.67461
3090	0.00149	0.969777	1.67461
3091	0.001491	0.963705	1.67461
3092	0.001492	0.959151	1.67613
3093	0.001493	0.951561	1.6731
3094	0.001494	0.948525	1.67461
3095	0.001495	0.942453	1.67613
3096	0.001496	0.937898	1.67613
3097	0.001497	0.934862	1.67613
3098	0.001498	0.92879	1.67613
3099	0.001499	0.924236	1.67613
3100	0.0015	0.916646	1.67613
3101	0.001501	0.915128	1.67613
3102	0.001502	0.906019	1.67613
3103	0.001503	0.901465	1.67613
3104	0.001504	0.899947	1.67613
3105	0.001505	0.893875	1.67613
3106	0.001506	0.887803	1.67613
3107	0.001507	0.883249	1.67613
3108	0.001508	0.878695	1.67613
3109	0.001509	0.874141	1.67613
3110	0.00151	0.868068	1.67613
3111	0.001511	0.865032	1.67613
3112	0.001512	0.857442	1.67613
3113	0.001513	0.85137	1.67765
3114	0.001514	0.85137	1.67765
3115	0.001515	0.846816	1.67765
3116	0.001516	0.840744	1.67461
3117	0.001517	0.831635	1.67765
3118	0.001518	0.831635	1.67461
3119	0.001519	0.824045	1.67765
3120	0.00152	0.819491	1.67765
3121	0.001521	0.813419	1.67765
3122	0.001522	0.810383	1.67765
3123	0.001523	0.804311	1.67765
3124	0.001524	0.798238	1.67765
3125	0.001525	0.795202	1.67765
3126	0.001526	0.790648	1.67765
3127	0.001527	0.784576	1.67765
3128	0.001528	0.780022	1.67765
3129	0.001529	0.776986	1.67765
3130	0.00153	0.767877	1.67765
3131	0.001531	0.763323	1.67765
3132	0.001532	0.761805	1.67765
3133	0.001533	0.754215	1.67917
3134	0.001534	0.751179	1.67917
3135	0.001535	0.743589	1.67765
3136	0.001536	0.740553	1.67917
3137	0.001537	0.735999	1.67917
3138	0.001538	0.731444	1.67917
3139	0.001539	0.728408	1.67917
3140	0.00154	0.720818	1.67917
3141	0.001541	0.714746	1.67917
3142	0.001542	0.710192	1.67917
3143	0.001543	0.705638	1.67917
3144	0.001544	0.702602	1.67917
3145	0.001545	0.693493	1.67917
3146	0.001546	0.693493	1.67917
3147	0.001547	0.687421	1.67917
3148	0.001548	0.681349	1.67917
3149	0.001549	0.675277	1.67917
3150	0.00155	0.672241	1.67917
3151	0.001551	0.666168	1.67917
3152	0.001552	0.661614	1.67917
3153	0.001553	0.658578	1.67917
3154	0.001554	0.650988	1.68069
3155	0.001555	0.646434	1.68069
3156	0.001556	0.643398	1.68069
3157	0.001557	0.637326	1.67917
3158	0.001558	0.631253	1.67917
3159	0.001559	0.625181	1.67917
3160	0.00156	0.622145	1.67917
3161	0.001561	0.616073	1.67917
3162	0.001562	0.611519	1.67917
3163	0.001563	0.608483	1.67917
3164	0.001564	0.602411	1.67917
3165	0.001565	0.596338	1.67917
3166	0.001566	0.590266	1.67917
3167	0.001567	0.58723	1.67917
3168	0.001568	0.582676	1.67917
3169	0.001569	0.575086	1.67765
3170	0.00157	0.57205	1.67917
3171	0.001571	0.569014	1.67917
3172	0.001572	0.562941	1.67917
3173	0.001573	0.555351	1.67917
3174	0.001574	0.552315	1.67917
3175	0.001575	0.546243	1.67917
3176	0.001576	0.541689	1.67917
3177	0.001577	0.538653	1.67613
3178	0.001578	0.531063	1.67917
3179	0.001579	0.52499	1.67613
3180	0.00158	0.521954	1.67765
3181	0.001581	0.5174	1.67765
3182	0.001582	0.511328	1.67765
3183	0.001583	0.505256	1.67765
3184	0.001584	0.500702	1.67765
3185	0.001585	0.497666	1.67917
3186	0.001586	0.490075	1.67613
3187	0.001587	0.485521	1.67765
3188	0.001588	0.480967	1.67765
3189	0.001589	0.476413	1.67765
3190	0.00159	0.470341	1.67765
3191	0.001591	0.464269	1.67765
3192	0.001592	0.461232	1.67917
3193	0.001593	0.45516	1.67917
3194	0.001594	0.449088	1.67917
3195	0.001595	0.44757	1.67917
3196	0.001596	0.43998	1.67765
3197	0.001597	0.433908	1.67765
3198	0.001598	0.429354	1.67765
3199	0.001599	0.426317	1.67765
