;Scopy version	f4beeb1
;Exported on	Wednesday February 21/02/2024
;Device	M2K
;Nr of samples	3200
;Sample rate	1e+08
;Tool	Oscilloscope
;Additional Information	
Sample	Time(S)	CH1(V)	CH2(V)
0	-7.81e-06	1.25435	1.25849
1	-7.8e-06	1.25711	1.25987
2	-7.79e-06	1.25711	1.25849
3	-7.78e-06	1.25849	1.25987
4	-7.77e-06	1.25573	1.25849
5	-7.76e-06	1.25573	1.25849
6	-7.75e-06	1.25573	1.25987
7	-7.74e-06	1.25849	1.26401
8	-7.73e-06	1.25987	1.25711
9	-7.72e-06	1.25711	1.26539
10	-7.71e-06	1.26539	1.26539
11	-7.7e-06	1.25573	1.25987
12	-7.69e-06	1.25849	1.26539
13	-7.68e-06	1.25711	1.25849
14	-7.67e-06	1.25849	1.26125
15	-7.66e-06	1.25711	1.26401
16	-7.65e-06	1.25711	1.25987
17	-7.64e-06	1.25987	1.25987
18	-7.63e-06	1.25435	1.26125
19	-7.62e-06	1.25573	1.25987
20	-7.61e-06	1.25987	1.26125
21	-7.6e-06	1.25849	1.26125
22	-7.59e-06	1.26125	1.25987
23	-7.58e-06	1.25711	1.26401
24	-7.57e-06	1.25849	1.25849
25	-7.56e-06	1.25849	1.26125
26	-7.55e-06	1.25711	1.25987
27	-7.54e-06	1.25297	1.25435
28	-7.53e-06	1.25849	1.26401
29	-7.52e-06	1.25849	1.26401
30	-7.51e-06	1.25573	1.25849
31	-7.5e-06	1.25987	1.26401
32	-7.49e-06	1.25573	1.25573
33	-7.48e-06	1.25573	1.25849
34	-7.47e-06	1.25849	1.26539
35	-7.46e-06	1.25435	1.25987
36	-7.45e-06	1.25711	1.26125
37	-7.44e-06	1.25849	1.25987
38	-7.43e-06	1.25711	1.26125
39	-7.42e-06	1.25987	1.26401
40	-7.41e-06	1.25573	1.25987
41	-7.4e-06	1.25435	1.25849
42	-7.39e-06	1.25573	1.26125
43	-7.38e-06	1.25849	1.25849
44	-7.37e-06	1.25711	1.26125
45	-7.36e-06	1.25711	1.26125
46	-7.35e-06	1.25435	1.26125
47	-7.34e-06	1.25435	1.25987
48	-7.33e-06	1.25987	1.25987
49	-7.32e-06	1.25849	1.25987
50	-7.31e-06	1.25849	1.26125
51	-7.3e-06	1.25711	1.25849
52	-7.29e-06	1.25987	1.25987
53	-7.28e-06	1.26125	1.26125
54	-7.27e-06	1.26125	1.26539
55	-7.26e-06	1.25987	1.25987
56	-7.25e-06	1.25987	1.25987
57	-7.24e-06	1.25711	1.26125
58	-7.23e-06	1.25573	1.25849
59	-7.22e-06	1.25573	1.26401
60	-7.21e-06	1.25849	1.25987
61	-7.2e-06	1.25987	1.26125
62	-7.19e-06	1.25849	1.26401
63	-7.18e-06	1.25573	1.25849
64	-7.17e-06	1.25849	1.25987
65	-7.16e-06	1.25573	1.25987
66	-7.15e-06	1.25435	1.26125
67	-7.14e-06	1.25711	1.26125
68	-7.13e-06	1.25849	1.26401
69	-7.12e-06	1.25849	1.25849
70	-7.11e-06	1.25987	1.26125
71	-7.1e-06	1.25849	1.25711
72	-7.09e-06	1.25711	1.25987
73	-7.08e-06	1.25711	1.25849
74	-7.07e-06	1.25711	1.26125
75	-7.06e-06	1.25711	1.26539
76	-7.05e-06	1.25711	1.26401
77	-7.04e-06	1.25711	1.25987
78	-7.03e-06	1.25849	1.26125
79	-7.02e-06	1.25711	1.25849
80	-7.01e-06	1.25711	1.26401
81	-7e-06	1.25987	1.25849
82	-6.99e-06	1.25849	1.26125
83	-6.98e-06	1.25987	1.26401
84	-6.97e-06	1.25987	1.25987
85	-6.96e-06	1.25573	1.26125
86	-6.95e-06	1.25987	1.26401
87	-6.94e-06	1.25711	1.25849
88	-6.93e-06	1.25711	1.26401
89	-6.92e-06	1.25573	1.26401
90	-6.91e-06	1.25711	1.25987
91	-6.9e-06	1.25711	1.26401
92	-6.89e-06	1.25987	1.26125
93	-6.88e-06	1.25573	1.26125
94	-6.87e-06	1.25435	1.26401
95	-6.86e-06	1.25849	1.25711
96	-6.85e-06	1.25987	1.25711
97	-6.84e-06	1.25987	1.25849
98	-6.83e-06	1.25573	1.25987
99	-6.82e-06	1.25711	1.26125
100	-6.81e-06	1.25849	1.26125
101	-6.8e-06	1.25711	1.26125
102	-6.79e-06	1.25849	1.26125
103	-6.78e-06	1.25849	1.26125
104	-6.77e-06	1.25435	1.26125
105	-6.76e-06	1.25849	1.25711
106	-6.75e-06	1.25849	1.25849
107	-6.74e-06	1.25711	1.26401
108	-6.73e-06	1.25435	1.25849
109	-6.72e-06	1.25435	1.25987
110	-6.71e-06	1.25711	1.26401
111	-6.7e-06	1.25711	1.25849
112	-6.69e-06	1.25987	1.26125
113	-6.68e-06	1.25849	1.25987
114	-6.67e-06	1.25297	1.26125
115	-6.66e-06	1.25573	1.26401
116	-6.65e-06	1.25987	1.25987
117	-6.64e-06	1.25849	1.25987
118	-6.63e-06	1.25987	1.26401
119	-6.62e-06	1.25849	1.25987
120	-6.61e-06	1.26125	1.26125
121	-6.6e-06	1.25849	1.26125
122	-6.59e-06	1.25987	1.26125
123	-6.58e-06	1.25573	1.26125
124	-6.57e-06	1.25711	1.25987
125	-6.56e-06	1.25711	1.25987
126	-6.55e-06	1.25849	1.26125
127	-6.54e-06	1.25573	1.25987
128	-6.53e-06	1.25159	1.26125
129	-6.52e-06	1.25435	1.26401
130	-6.51e-06	1.25711	1.26125
131	-6.5e-06	1.25711	1.25987
132	-6.49e-06	1.25297	1.25987
133	-6.48e-06	1.25435	1.26125
134	-6.47e-06	1.25435	1.26401
135	-6.46e-06	1.25711	1.25849
136	-6.45e-06	1.25849	1.25849
137	-6.44e-06	1.25573	1.26401
138	-6.43e-06	1.25711	1.25849
139	-6.42e-06	1.25849	1.25573
140	-6.41e-06	1.25987	1.26815
141	-6.4e-06	1.25573	1.25849
142	-6.39e-06	1.25711	1.26401
143	-6.38e-06	1.25849	1.26539
144	-6.37e-06	1.25297	1.25435
145	-6.36e-06	1.25849	1.26677
146	-6.35e-06	1.25573	1.25849
147	-6.34e-06	1.25297	1.25849
148	-6.33e-06	1.25849	1.26815
149	-6.32e-06	1.25711	1.25849
150	-6.31e-06	1.25849	1.25987
151	-6.3e-06	1.25849	1.26539
152	-6.29e-06	1.25435	1.25711
153	-6.28e-06	1.25573	1.26401
154	-6.27e-06	1.25573	1.26401
155	-6.26e-06	1.25297	1.25711
156	-6.25e-06	1.26125	1.26539
157	-6.24e-06	1.26125	1.25849
158	-6.23e-06	1.25573	1.25987
159	-6.22e-06	1.25849	1.26539
160	-6.21e-06	1.25711	1.25987
161	-6.2e-06	1.25573	1.26125
162	-6.19e-06	1.25711	1.26539
163	-6.18e-06	1.25711	1.25849
164	-6.17e-06	1.25987	1.26125
165	-6.16e-06	1.25573	1.25987
166	-6.15e-06	1.25711	1.25987
167	-6.14e-06	1.25849	1.25987
168	-6.13e-06	1.25849	1.25849
169	-6.12e-06	1.26125	1.25987
170	-6.11e-06	1.25573	1.26125
171	-6.1e-06	1.25573	1.25849
172	-6.09e-06	1.26125	1.25849
173	-6.08e-06	1.25573	1.25849
174	-6.07e-06	1.25711	1.25987
175	-6.06e-06	1.25849	1.26125
176	-6.05e-06	1.25849	1.25849
177	-6.04e-06	1.25849	1.25987
178	-6.03e-06	1.25573	1.25987
179	-6.02e-06	1.25849	1.25987
180	-6.01e-06	1.25987	1.25987
181	-6e-06	1.25159	1.25987
182	-5.99e-06	1.25573	1.26401
183	-5.98e-06	1.25849	1.25849
184	-5.97e-06	1.25849	1.25849
185	-5.96e-06	1.25435	1.26125
186	-5.95e-06	1.26125	1.26401
187	-5.94e-06	1.25435	1.25987
188	-5.93e-06	1.25435	1.25987
189	-5.92e-06	1.25711	1.25987
190	-5.91e-06	1.25849	1.26125
191	-5.9e-06	1.25849	1.26125
192	-5.89e-06	1.25849	1.26125
193	-5.88e-06	1.25021	1.25849
194	-5.87e-06	1.25297	1.26125
195	-5.86e-06	1.25987	1.25849
196	-5.85e-06	1.25573	1.25849
197	-5.84e-06	1.25849	1.25987
198	-5.83e-06	1.25711	1.25849
199	-5.82e-06	1.25435	1.26125
200	-5.81e-06	1.25849	1.26401
201	-5.8e-06	1.25711	1.25987
202	-5.79e-06	1.25573	1.26401
203	-5.78e-06	1.25711	1.26125
204	-5.77e-06	1.26125	1.25711
205	-5.76e-06	1.25849	1.26125
206	-5.75e-06	1.25573	1.26125
207	-5.74e-06	1.26125	1.26125
208	-5.73e-06	1.25849	1.25849
209	-5.72e-06	1.25711	1.25987
210	-5.71e-06	1.25849	1.26401
211	-5.7e-06	1.26125	1.26125
212	-5.69e-06	1.25711	1.25987
213	-5.68e-06	1.25711	1.25711
214	-5.67e-06	1.25711	1.25987
215	-5.66e-06	1.26125	1.25849
216	-5.65e-06	1.25849	1.25987
217	-5.64e-06	1.25435	1.25987
218	-5.63e-06	1.25711	1.26125
219	-5.62e-06	1.25573	1.26125
220	-5.61e-06	1.25711	1.25987
221	-5.6e-06	1.25573	1.25987
222	-5.59e-06	1.25849	1.26125
223	-5.58e-06	1.25711	1.26125
224	-5.57e-06	1.25987	1.26125
225	-5.56e-06	1.25987	1.25711
226	-5.55e-06	1.26125	1.26401
227	-5.54e-06	1.25573	1.25849
228	-5.53e-06	1.26263	1.25987
229	-5.52e-06	1.25987	1.25987
230	-5.51e-06	1.25849	1.25987
231	-5.5e-06	1.25987	1.25987
232	-5.49e-06	1.25849	1.26677
233	-5.48e-06	1.25849	1.25849
234	-5.47e-06	1.25711	1.26125
235	-5.46e-06	1.25849	1.26125
236	-5.45e-06	1.25849	1.25987
237	-5.44e-06	1.25573	1.25987
238	-5.43e-06	1.25849	1.26401
239	-5.42e-06	1.25573	1.25711
240	-5.41e-06	1.25987	1.25849
241	-5.4e-06	1.25711	1.25987
242	-5.39e-06	1.26263	1.25987
243	-5.38e-06	1.25435	1.26125
244	-5.37e-06	1.25711	1.25711
245	-5.36e-06	1.25849	1.25849
246	-5.35e-06	1.25849	1.26401
247	-5.34e-06	1.25711	1.26125
248	-5.33e-06	1.25987	1.25987
249	-5.32e-06	1.25987	1.25849
250	-5.31e-06	1.25849	1.25987
251	-5.3e-06	1.26125	1.25987
252	-5.29e-06	1.25849	1.25987
253	-5.28e-06	1.25849	1.25849
254	-5.27e-06	1.26125	1.25849
255	-5.26e-06	1.25849	1.25711
256	-5.25e-06	1.25849	1.25849
257	-5.24e-06	1.25573	1.25849
258	-5.23e-06	1.25849	1.26401
259	-5.22e-06	1.25849	1.25849
260	-5.21e-06	1.25711	1.25987
261	-5.2e-06	1.25849	1.25849
262	-5.19e-06	1.25987	1.25987
263	-5.18e-06	1.25711	1.25849
264	-5.17e-06	1.25711	1.25987
265	-5.16e-06	1.25711	1.25987
266	-5.15e-06	1.25435	1.26125
267	-5.14e-06	1.25435	1.26125
268	-5.13e-06	1.25849	1.25849
269	-5.12e-06	1.25849	1.25849
270	-5.11e-06	1.25573	1.26125
271	-5.1e-06	1.25297	1.26401
272	-5.09e-06	1.25573	1.25987
273	-5.08e-06	1.25573	1.25849
274	-5.07e-06	1.25987	1.25987
275	-5.06e-06	1.25711	1.25849
276	-5.05e-06	1.25849	1.25711
277	-5.04e-06	1.25711	1.25987
278	-5.03e-06	1.25711	1.25987
279	-5.02e-06	1.26125	1.25987
280	-5.01e-06	1.25849	1.25849
281	-5e-06	1.25711	1.25711
282	-4.99e-06	1.25849	1.26125
283	-4.98e-06	1.25849	1.25987
284	-4.97e-06	1.25711	1.25987
285	-4.96e-06	1.25987	1.25711
286	-4.95e-06	1.25711	1.26125
287	-4.94e-06	1.25711	1.25849
288	-4.93e-06	1.25987	1.25849
289	-4.92e-06	1.25987	1.25987
290	-4.91e-06	1.25849	1.25987
291	-4.9e-06	1.25849	1.26125
292	-4.89e-06	1.25987	1.25849
293	-4.88e-06	1.25849	1.25849
294	-4.87e-06	1.25435	1.25987
295	-4.86e-06	1.25573	1.26125
296	-4.85e-06	1.25711	1.25849
297	-4.84e-06	1.25573	1.26125
298	-4.83e-06	1.25711	1.26539
299	-4.82e-06	1.25711	1.25849
300	-4.81e-06	1.25849	1.26125
301	-4.8e-06	1.25849	1.26401
302	-4.79e-06	1.25711	1.26125
303	-4.78e-06	1.25849	1.25987
304	-4.77e-06	1.25711	1.26401
305	-4.76e-06	1.25849	1.25849
306	-4.75e-06	1.25849	1.26539
307	-4.74e-06	1.25711	1.25987
308	-4.73e-06	1.25849	1.25987
309	-4.72e-06	1.25573	1.25987
310	-4.71e-06	1.25435	1.25987
311	-4.7e-06	1.25849	1.25711
312	-4.69e-06	1.25711	1.25849
313	-4.68e-06	1.25573	1.25849
314	-4.67e-06	1.25849	1.25987
315	-4.66e-06	1.25987	1.25711
316	-4.65e-06	1.25711	1.25987
317	-4.64e-06	1.25849	1.26401
318	-4.63e-06	1.25987	1.25849
319	-4.62e-06	1.25711	1.26125
320	-4.61e-06	1.25711	1.26125
321	-4.6e-06	1.25435	1.25849
322	-4.59e-06	1.25987	1.26539
323	-4.58e-06	1.25711	1.25987
324	-4.57e-06	1.25987	1.26125
325	-4.56e-06	1.25849	1.25987
326	-4.55e-06	1.25849	1.26125
327	-4.54e-06	1.25711	1.25987
328	-4.53e-06	1.25849	1.25987
329	-4.52e-06	1.25849	1.25987
330	-4.51e-06	1.25849	1.26401
331	-4.5e-06	1.25711	1.25987
332	-4.49e-06	1.25987	1.26401
333	-4.48e-06	1.25987	1.26125
334	-4.47e-06	1.25711	1.26125
335	-4.46e-06	1.25573	1.26125
336	-4.45e-06	1.25711	1.25987
337	-4.44e-06	1.25711	1.26125
338	-4.43e-06	1.26125	1.26125
339	-4.42e-06	1.25711	1.25849
340	-4.41e-06	1.25711	1.26125
341	-4.4e-06	1.25849	1.26539
342	-4.39e-06	1.25711	1.25987
343	-4.38e-06	1.25849	1.26401
344	-4.37e-06	1.25849	1.26125
345	-4.36e-06	1.25849	1.25711
346	-4.35e-06	1.25711	1.26125
347	-4.34e-06	1.26263	1.25987
348	-4.33e-06	1.25711	1.25987
349	-4.32e-06	1.25711	1.25987
350	-4.31e-06	1.25849	1.26401
351	-4.3e-06	1.25849	1.25849
352	-4.29e-06	1.25849	1.25987
353	-4.28e-06	1.25849	1.25849
354	-4.27e-06	1.25711	1.26125
355	-4.26e-06	1.26125	1.26125
356	-4.25e-06	1.25849	1.26401
357	-4.24e-06	1.25849	1.25987
358	-4.23e-06	1.25987	1.26539
359	-4.22e-06	1.25849	1.26125
360	-4.21e-06	1.25573	1.25849
361	-4.2e-06	1.25987	1.25849
362	-4.19e-06	1.25849	1.26125
363	-4.18e-06	1.25849	1.25987
364	-4.17e-06	1.25849	1.26401
365	-4.16e-06	1.25435	1.25987
366	-4.15e-06	1.25573	1.26125
367	-4.14e-06	1.25711	1.25987
368	-4.13e-06	1.25711	1.25987
369	-4.12e-06	1.25573	1.26401
370	-4.11e-06	1.25849	1.26125
371	-4.1e-06	1.25987	1.26401
372	-4.09e-06	1.25987	1.25987
373	-4.08e-06	1.25987	1.25987
374	-4.07e-06	1.25987	1.26125
375	-4.06e-06	1.25987	1.25849
376	-4.05e-06	1.26263	1.25987
377	-4.04e-06	1.26263	1.25987
378	-4.03e-06	1.25987	1.25987
379	-4.02e-06	1.25987	1.25987
380	-4.01e-06	1.25987	1.25849
381	-4e-06	1.25849	1.25987
382	-3.99e-06	1.25573	1.26401
383	-3.98e-06	1.25435	1.25849
384	-3.97e-06	1.26125	1.25849
385	-3.96e-06	1.25987	1.25987
386	-3.95e-06	1.25711	1.25987
387	-3.94e-06	1.25987	1.25849
388	-3.93e-06	1.25987	1.25849
389	-3.92e-06	1.25711	1.26125
390	-3.91e-06	1.25849	1.26125
391	-3.9e-06	1.25711	1.25711
392	-3.89e-06	1.25849	1.26401
393	-3.88e-06	1.25711	1.26125
394	-3.87e-06	1.25849	1.26125
395	-3.86e-06	1.25849	1.25987
396	-3.85e-06	1.25987	1.25711
397	-3.84e-06	1.25711	1.26125
398	-3.83e-06	1.25987	1.26401
399	-3.82e-06	1.25435	1.25987
400	-3.81e-06	1.25987	1.26401
401	-3.8e-06	1.25987	1.25711
402	-3.79e-06	1.25987	1.25987
403	-3.78e-06	1.25849	1.26125
404	-3.77e-06	1.25435	1.25849
405	-3.76e-06	1.25573	1.25987
406	-3.75e-06	1.25987	1.25849
407	-3.74e-06	1.25711	1.25849
408	-3.73e-06	1.25711	1.25987
409	-3.72e-06	1.25297	1.25711
410	-3.71e-06	1.25711	1.25849
411	-3.7e-06	1.25573	1.25987
412	-3.69e-06	1.25849	1.26401
413	-3.68e-06	1.25711	1.25987
414	-3.67e-06	1.25573	1.26125
415	-3.66e-06	1.25711	1.25849
416	-3.65e-06	1.25849	1.25849
417	-3.64e-06	1.25573	1.26125
418	-3.63e-06	1.25435	1.26125
419	-3.62e-06	1.25711	1.25987
420	-3.61e-06	1.25711	1.25849
421	-3.6e-06	1.25987	1.26401
422	-3.59e-06	1.25711	1.25849
423	-3.58e-06	1.25573	1.25987
424	-3.57e-06	1.25849	1.26401
425	-3.56e-06	1.25711	1.25711
426	-3.55e-06	1.25573	1.25987
427	-3.54e-06	1.25849	1.25987
428	-3.53e-06	1.25849	1.25987
429	-3.52e-06	1.25573	1.26125
430	-3.51e-06	1.25849	1.26125
431	-3.5e-06	1.25849	1.25849
432	-3.49e-06	1.25711	1.26125
433	-3.48e-06	1.25573	1.25987
434	-3.47e-06	1.25849	1.25987
435	-3.46e-06	1.25987	1.25987
436	-3.45e-06	1.25987	1.25849
437	-3.44e-06	1.25849	1.25987
438	-3.43e-06	1.25849	1.26539
439	-3.42e-06	1.25573	1.25849
440	-3.41e-06	1.25849	1.25987
441	-3.4e-06	1.25573	1.26125
442	-3.39e-06	1.25711	1.26125
443	-3.38e-06	1.25711	1.25849
444	-3.37e-06	1.25573	1.26125
445	-3.36e-06	1.25849	1.25849
446	-3.35e-06	1.25849	1.26539
447	-3.34e-06	1.25573	1.25987
448	-3.33e-06	1.25711	1.25987
449	-3.32e-06	1.25435	1.25987
450	-3.31e-06	1.25573	1.26539
451	-3.3e-06	1.25849	1.26125
452	-3.29e-06	1.25573	1.25849
453	-3.28e-06	1.25711	1.26125
454	-3.27e-06	1.25849	1.26125
455	-3.26e-06	1.25711	1.25711
456	-3.25e-06	1.25849	1.26125
457	-3.24e-06	1.25435	1.25987
458	-3.23e-06	1.25297	1.25987
459	-3.22e-06	1.25573	1.25987
460	-3.21e-06	1.25297	1.25987
461	-3.2e-06	1.25711	1.26125
462	-3.19e-06	1.25435	1.26539
463	-3.18e-06	1.25573	1.25849
464	-3.17e-06	1.25987	1.25849
465	-3.16e-06	1.25435	1.25987
466	-3.15e-06	1.25849	1.26125
467	-3.14e-06	1.25435	1.26125
468	-3.13e-06	1.25849	1.25987
469	-3.12e-06	1.25573	1.26125
470	-3.11e-06	1.25711	1.25849
471	-3.1e-06	1.25987	1.25849
472	-3.09e-06	1.25987	1.25987
473	-3.08e-06	1.25573	1.25849
474	-3.07e-06	1.25987	1.26539
475	-3.06e-06	1.25849	1.25849
476	-3.05e-06	1.25987	1.25987
477	-3.04e-06	1.25711	1.26125
478	-3.03e-06	1.25711	1.25987
479	-3.02e-06	1.25711	1.25987
480	-3.01e-06	1.25849	1.26401
481	-3e-06	1.25849	1.25987
482	-2.99e-06	1.25987	1.25987
483	-2.98e-06	1.25849	1.25849
484	-2.97e-06	1.25711	1.25987
485	-2.96e-06	1.25711	1.25987
486	-2.95e-06	1.25711	1.26125
487	-2.94e-06	1.25987	1.26401
488	-2.93e-06	1.25987	1.25987
489	-2.92e-06	1.25849	1.26125
490	-2.91e-06	1.25573	1.26401
491	-2.9e-06	1.25849	1.25849
492	-2.89e-06	1.25573	1.25849
493	-2.88e-06	1.25711	1.25987
494	-2.87e-06	1.25711	1.26125
495	-2.86e-06	1.25711	1.25987
496	-2.85e-06	1.25849	1.25987
497	-2.84e-06	1.25573	1.25987
498	-2.83e-06	1.25435	1.26401
499	-2.82e-06	1.25849	1.25987
500	-2.81e-06	1.25573	1.25849
501	-2.8e-06	1.25711	1.26125
502	-2.79e-06	1.25573	1.26125
503	-2.78e-06	1.25297	1.25849
504	-2.77e-06	1.25987	1.26125
505	-2.76e-06	1.25849	1.25987
506	-2.75e-06	1.25849	1.26539
507	-2.74e-06	1.25849	1.26401
508	-2.73e-06	1.25711	1.25849
509	-2.72e-06	1.25987	1.25987
510	-2.71e-06	1.25849	1.26401
511	-2.7e-06	1.25573	1.25987
512	-2.69e-06	1.25987	1.25987
513	-2.68e-06	1.25849	1.25987
514	-2.67e-06	1.25849	1.26125
515	-2.66e-06	1.25849	1.26125
516	-2.65e-06	1.25297	1.25987
517	-2.64e-06	1.25573	1.26401
518	-2.63e-06	1.25849	1.26125
519	-2.62e-06	1.25849	1.26125
520	-2.61e-06	1.25849	1.26401
521	-2.6e-06	1.25849	1.26125
522	-2.59e-06	1.25573	1.25987
523	-2.58e-06	1.25849	1.25987
524	-2.57e-06	1.25849	1.25711
525	-2.56e-06	1.26263	1.25849
526	-2.55e-06	1.25987	1.26125
527	-2.54e-06	1.25573	1.25987
528	-2.53e-06	1.25849	1.26125
529	-2.52e-06	1.25573	1.26125
530	-2.51e-06	1.25849	1.26125
531	-2.5e-06	1.25573	1.25987
532	-2.49e-06	1.25849	1.26401
533	-2.48e-06	1.25711	1.25987
534	-2.47e-06	1.25711	1.26401
535	-2.46e-06	1.25849	1.25849
536	-2.45e-06	1.25573	1.25987
537	-2.44e-06	1.25711	1.25987
538	-2.43e-06	1.26125	1.26125
539	-2.42e-06	1.26125	1.25849
540	-2.41e-06	1.25711	1.25711
541	-2.4e-06	1.25711	1.25987
542	-2.39e-06	1.25435	1.25987
543	-2.38e-06	1.25711	1.25987
544	-2.37e-06	1.25849	1.26125
545	-2.36e-06	1.25849	1.25849
546	-2.35e-06	1.26125	1.26539
547	-2.34e-06	1.25711	1.25987
548	-2.33e-06	1.25987	1.25849
549	-2.32e-06	1.25573	1.25849
550	-2.31e-06	1.25849	1.26125
551	-2.3e-06	1.25849	1.25849
552	-2.29e-06	1.25987	1.26401
553	-2.28e-06	1.25849	1.26125
554	-2.27e-06	1.25987	1.25849
555	-2.26e-06	1.25573	1.25987
556	-2.25e-06	1.25849	1.25849
557	-2.24e-06	1.25573	1.25987
558	-2.23e-06	1.26125	1.26539
559	-2.22e-06	1.25849	1.25849
560	-2.21e-06	1.25711	1.25987
561	-2.2e-06	1.25711	1.26125
562	-2.19e-06	1.25711	1.25849
563	-2.18e-06	1.25849	1.25849
564	-2.17e-06	1.25987	1.25987
565	-2.16e-06	1.25711	1.25849
566	-2.15e-06	1.25435	1.26539
567	-2.14e-06	1.25711	1.25987
568	-2.13e-06	1.25711	1.25711
569	-2.12e-06	1.25711	1.26125
570	-2.11e-06	1.25849	1.25987
571	-2.1e-06	1.25849	1.25987
572	-2.09e-06	1.26125	1.25987
573	-2.08e-06	1.25711	1.25849
574	-2.07e-06	1.26125	1.25987
575	-2.06e-06	1.25573	1.25711
576	-2.05e-06	1.25849	1.25987
577	-2.04e-06	1.25711	1.25711
578	-2.03e-06	1.25849	1.25987
579	-2.02e-06	1.25573	1.25849
580	-2.01e-06	1.25711	1.26125
581	-2e-06	1.25849	1.25849
582	-1.99e-06	1.25573	1.26401
583	-1.98e-06	1.25711	1.25987
584	-1.97e-06	1.25849	1.25987
585	-1.96e-06	1.25987	1.25987
586	-1.95e-06	1.25849	1.26401
587	-1.94e-06	1.26125	1.26125
588	-1.93e-06	1.26125	1.25987
589	-1.92e-06	1.25573	1.25987
590	-1.91e-06	1.26125	1.26125
591	-1.9e-06	1.26125	1.25987
592	-1.89e-06	1.25711	1.25987
593	-1.88e-06	1.25573	1.26125
594	-1.87e-06	1.25849	1.25849
595	-1.86e-06	1.25849	1.26401
596	-1.85e-06	1.25711	1.25987
597	-1.84e-06	1.25711	1.25987
598	-1.83e-06	1.25849	1.26401
599	-1.82e-06	1.25711	1.25849
600	-1.81e-06	1.25573	1.25849
601	-1.8e-06	1.25573	1.25987
602	-1.79e-06	1.25711	1.25849
603	-1.78e-06	1.25573	1.26125
604	-1.77e-06	1.25987	1.25987
605	-1.76e-06	1.25435	1.26125
606	-1.75e-06	1.25435	1.26125
607	-1.74e-06	1.25849	1.25849
608	-1.73e-06	1.25849	1.25435
609	-1.72e-06	1.25711	1.25849
610	-1.71e-06	1.25711	1.25849
611	-1.7e-06	1.25711	1.25987
612	-1.69e-06	1.25849	1.26125
613	-1.68e-06	1.25297	1.26125
614	-1.67e-06	1.25711	1.25987
615	-1.66e-06	1.25849	1.26125
616	-1.65e-06	1.25435	1.25849
617	-1.64e-06	1.25297	1.25987
618	-1.63e-06	1.26125	1.26125
619	-1.62e-06	1.25711	1.25711
620	-1.61e-06	1.25849	1.25987
621	-1.6e-06	1.25849	1.25849
622	-1.59e-06	1.25435	1.25987
623	-1.58e-06	1.25987	1.26125
624	-1.57e-06	1.25849	1.25849
625	-1.56e-06	1.25987	1.25987
626	-1.55e-06	1.25711	1.26401
627	-1.54e-06	1.25711	1.25987
628	-1.53e-06	1.25573	1.26125
629	-1.52e-06	1.25573	1.25849
630	-1.51e-06	1.25573	1.25987
631	-1.5e-06	1.25711	1.25987
632	-1.49e-06	1.25711	1.25987
633	-1.48e-06	1.25849	1.26125
634	-1.47e-06	1.25435	1.26125
635	-1.46e-06	1.25849	1.25987
636	-1.45e-06	1.25849	1.26125
637	-1.44e-06	1.25711	1.25987
638	-1.43e-06	1.25435	1.26125
639	-1.42e-06	1.25573	1.26125
640	-1.41e-06	1.25711	1.25711
641	-1.4e-06	1.25849	1.25849
642	-1.39e-06	1.25849	1.25711
643	-1.38e-06	1.25573	1.25849
644	-1.37e-06	1.25297	1.26125
645	-1.36e-06	1.25711	1.25849
646	-1.35e-06	1.26125	1.26539
647	-1.34e-06	1.25987	1.25849
648	-1.33e-06	1.25849	1.26125
649	-1.32e-06	1.25435	1.26125
650	-1.31e-06	1.25711	1.25987
651	-1.3e-06	1.25435	1.26401
652	-1.29e-06	1.25573	1.25711
653	-1.28e-06	1.25573	1.25849
654	-1.27e-06	1.25849	1.26401
655	-1.26e-06	1.25849	1.25987
656	-1.25e-06	1.25849	1.25849
657	-1.24e-06	1.25711	1.26401
658	-1.23e-06	1.25987	1.25987
659	-1.22e-06	1.25849	1.25849
660	-1.21e-06	1.25987	1.25987
661	-1.2e-06	1.25297	1.25711
662	-1.19e-06	1.26125	1.26125
663	-1.18e-06	1.25435	1.26125
664	-1.17e-06	1.25987	1.26125
665	-1.16e-06	1.25711	1.25987
666	-1.15e-06	1.25711	1.26401
667	-1.14e-06	1.25987	1.25987
668	-1.13e-06	1.25849	1.25849
669	-1.12e-06	1.25849	1.25987
670	-1.11e-06	1.25849	1.25987
671	-1.1e-06	1.25711	1.25987
672	-1.09e-06	1.25435	1.26401
673	-1.08e-06	1.25573	1.25987
674	-1.07e-06	1.25849	1.26677
675	-1.06e-06	1.25711	1.25987
676	-1.05e-06	1.25711	1.25711
677	-1.04e-06	1.25849	1.26539
678	-1.03e-06	1.25849	1.25987
679	-1.02e-06	1.25711	1.25987
680	-1.01e-06	1.25711	1.26125
681	-1e-06	1.25297	1.25573
682	-9.9e-07	1.25849	1.26401
683	-9.8e-07	1.26263	1.25849
684	-9.7e-07	1.25849	1.25987
685	-9.6e-07	1.25711	1.26401
686	-9.5e-07	1.25573	1.26125
687	-9.4e-07	1.25711	1.26401
688	-9.3e-07	1.25849	1.26401
689	-9.2e-07	1.25711	1.25987
690	-9.1e-07	1.25711	1.26539
691	-9e-07	1.25711	1.25987
692	-8.9e-07	1.25849	1.25849
693	-8.8e-07	1.25435	1.26401
694	-8.7e-07	1.25573	1.25987
695	-8.6e-07	1.25711	1.26125
696	-8.5e-07	1.25573	1.25987
697	-8.4e-07	1.25435	1.26125
698	-8.3e-07	1.25987	1.26125
699	-8.2e-07	1.25573	1.26401
700	-8.1e-07	1.25711	1.26401
701	-8e-07	1.25711	1.26125
702	-7.9e-07	1.25849	1.26125
703	-7.8e-07	1.25435	1.25711
704	-7.7e-07	1.25435	1.24331
705	-7.6e-07	1.25573	1.27505
706	-7.5e-07	1.26263	1.27643
707	-7.4e-07	1.25021	1.24883
708	-7.3e-07	1.26539	1.26815
709	-7.2e-07	1.25711	1.25987
710	-7.1e-07	1.25711	1.25297
711	-7e-07	1.25987	1.25987
712	-6.9e-07	1.25297	1.25159
713	-6.8e-07	1.25573	1.25573
714	-6.7e-07	1.25711	1.27091
715	-6.6e-07	1.25435	1.26539
716	-6.5e-07	1.25849	1.26677
717	-6.4e-07	1.25849	1.27505
718	-6.3e-07	1.25849	1.25159
719	-6.2e-07	1.25987	1.24745
720	-6.1e-07	1.25711	1.26401
721	-6e-07	1.25573	1.25987
722	-5.9e-07	1.26125	1.26125
723	-5.8e-07	1.25987	1.26539
724	-5.7e-07	1.25849	1.26125
725	-5.6e-07	1.25711	1.26677
726	-5.5e-07	1.25849	1.26401
727	-5.4e-07	1.25849	1.25573
728	-5.3e-07	1.25987	1.25849
729	-5.2e-07	1.25849	1.26125
730	-5.1e-07	1.25987	1.26539
731	-5e-07	1.25435	1.26125
732	-4.9e-07	1.25711	1.26401
733	-4.8e-07	1.25711	1.25849
734	-4.7e-07	1.25573	1.25849
735	-4.6e-07	1.25711	1.26125
736	-4.5e-07	1.25435	1.25987
737	-4.4e-07	1.25711	1.26125
738	-4.3e-07	1.25849	1.26125
739	-4.2e-07	1.25987	1.25849
740	-4.1e-07	1.25987	1.26125
741	-4e-07	1.25711	1.25849
742	-3.9e-07	1.25987	1.26125
743	-3.8e-07	1.25711	1.25849
744	-3.7e-07	1.25711	1.26125
745	-3.6e-07	1.25987	1.26125
746	-3.5e-07	1.25573	1.26125
747	-3.4e-07	1.25987	1.27505
748	-3.3e-07	1.25435	1.24607
749	-3.2e-07	1.25297	1.25435
750	-3.1e-07	1.25849	1.26815
751	-3e-07	1.24745	1.25021
752	-2.9e-07	1.25987	1.26677
753	-2.8e-07	1.25573	1.26401
754	-2.7e-07	1.25435	1.25435
755	-2.6e-07	1.25987	1.26953
756	-2.5e-07	1.25987	1.25849
757	-2.4e-07	1.25711	1.24331
758	-2.3e-07	1.25573	1.27643
759	-2.2e-07	1.25435	1.25987
760	-2.1e-07	1.25159	1.25711
761	-2e-07	1.26263	1.27643
762	-1.9e-07	1.25297	1.25573
763	-1.8e-07	1.25987	1.25987
764	-1.7e-07	1.26125	1.26677
765	-1.6e-07	1.25573	1.25021
766	-1.5e-07	1.26263	1.26815
767	-1.4e-07	1.25435	1.26539
768	-1.3e-07	1.25711	1.25711
769	-1.2e-07	1.26263	1.26815
770	-1.1e-07	1.25849	1.26125
771	-1e-07	1.26125	1.25711
772	-9e-08	1.25573	1.26539
773	-8e-08	1.25435	1.25849
774	-7e-08	1.26125	1.26125
775	-6e-08	1.25435	1.26539
776	-5e-08	1.26401	1.25849
777	-4e-08	1.25573	1.26125
778	-3e-08	1.24607	1.26539
779	-2e-08	1.28333	1.25987
780	-1e-08	1.21433	1.25297
781	0	1.32473	1.28471
782	1e-08	1.78153	1.27091
783	2e-08	1.96507	1.23227
784	3e-08	1.84225	1.28747
785	4e-08	1.85191	1.28333
786	5e-08	1.88779	1.24331
787	6e-08	1.86571	1.29851
788	7e-08	1.86985	1.27781
789	8e-08	1.86433	1.25711
790	9e-08	1.87813	1.30679
791	1e-07	1.86433	1.27091
792	1.1e-07	1.86847	1.27643
793	1.2e-07	1.87813	1.30679
794	1.3e-07	1.86433	1.27505
795	1.4e-07	1.87951	1.29575
796	1.5e-07	1.87951	1.29851
797	1.6e-07	1.86571	1.27781
798	1.7e-07	1.87675	1.30817
799	1.8e-07	1.86985	1.29575
800	1.9e-07	1.86847	1.28747
801	2e-07	1.87813	1.31093
802	2.1e-07	1.87261	1.29575
803	2.2e-07	1.87951	1.29851
804	2.3e-07	1.87951	1.30679
805	2.4e-07	1.86847	1.29713
806	2.5e-07	1.87813	1.30541
807	2.6e-07	1.87261	1.30679
808	2.7e-07	1.87261	1.30403
809	2.8e-07	1.87675	1.31369
810	2.9e-07	1.87261	1.30679
811	3e-07	1.86985	1.30817
812	3.1e-07	1.87675	1.31507
813	3.2e-07	1.87675	1.30955
814	3.3e-07	1.87813	1.31783
815	3.4e-07	1.87951	1.31507
816	3.5e-07	1.87813	1.31093
817	3.6e-07	1.87813	1.31783
818	3.7e-07	1.87675	1.31507
819	3.8e-07	1.87813	1.31645
820	3.9e-07	1.87951	1.32059
821	4e-07	1.87399	1.31783
822	4.1e-07	1.87675	1.32611
823	4.2e-07	1.87951	1.32335
824	4.3e-07	1.87813	1.32335
825	4.4e-07	1.87951	1.32611
826	4.5e-07	1.87399	1.32888
827	4.6e-07	1.87951	1.32888
828	4.7e-07	1.87951	1.32749
829	4.8e-07	1.87813	1.32888
830	4.9e-07	1.87813	1.33026
831	5e-07	1.88089	1.33026
832	5.1e-07	1.87951	1.33026
833	5.2e-07	1.88089	1.33578
834	5.3e-07	1.87675	1.33164
835	5.4e-07	1.87675	1.3344
836	5.5e-07	1.87399	1.3344
837	5.6e-07	1.87951	1.33302
838	5.7e-07	1.87951	1.33854
839	5.8e-07	1.87813	1.33854
840	5.9e-07	1.87813	1.32749
841	6e-07	1.87399	1.33026
842	6.1e-07	1.87951	1.36338
843	6.2e-07	1.87675	1.34682
844	6.3e-07	1.87123	1.3344
845	6.4e-07	1.88503	1.35096
846	6.5e-07	1.87951	1.33854
847	6.6e-07	1.87951	1.34406
848	6.7e-07	1.88089	1.34682
849	6.8e-07	1.87675	1.33578
850	6.9e-07	1.87813	1.35372
851	7e-07	1.87813	1.35372
852	7.1e-07	1.87813	1.34958
853	7.2e-07	1.87951	1.35786
854	7.3e-07	1.88227	1.3551
855	7.4e-07	1.87813	1.3344
856	7.5e-07	1.87813	1.33992
857	7.6e-07	1.87675	1.35648
858	7.7e-07	1.87261	1.35234
859	7.8e-07	1.87123	1.35096
860	7.9e-07	1.88365	1.362
861	8e-07	1.87813	1.3551
862	8.1e-07	1.88227	1.35924
863	8.2e-07	1.87813	1.3551
864	8.3e-07	1.88089	1.3551
865	8.4e-07	1.87813	1.3551
866	8.5e-07	1.87675	1.35648
867	8.6e-07	1.87951	1.362
868	8.7e-07	1.87675	1.36338
869	8.8e-07	1.87813	1.35924
870	8.9e-07	1.87951	1.36338
871	9e-07	1.87813	1.35924
872	9.1e-07	1.87675	1.362
873	9.2e-07	1.87951	1.36614
874	9.3e-07	1.88089	1.36614
875	9.4e-07	1.87399	1.36614
876	9.5e-07	1.87813	1.3689
877	9.6e-07	1.87675	1.36614
878	9.7e-07	1.87951	1.3689
879	9.8e-07	1.87261	1.37028
880	9.9e-07	1.87813	1.37166
881	1e-06	1.87951	1.37166
882	1.01e-06	1.87675	1.37304
883	1.02e-06	1.88089	1.37994
884	1.03e-06	1.87951	1.3758
885	1.04e-06	1.87261	1.35372
886	1.05e-06	1.87675	1.37856
887	1.06e-06	1.87813	1.37442
888	1.07e-06	1.87123	1.36614
889	1.08e-06	1.88089	1.38546
890	1.09e-06	1.87123	1.37304
891	1.1e-06	1.87399	1.37718
892	1.11e-06	1.88089	1.38546
893	1.12e-06	1.87123	1.36614
894	1.13e-06	1.87399	1.3758
895	1.14e-06	1.87675	1.3965
896	1.15e-06	1.87123	1.37166
897	1.16e-06	1.88089	1.38684
898	1.17e-06	1.88365	1.39098
899	1.18e-06	1.87123	1.37166
900	1.19e-06	1.88503	1.3896
901	1.2e-06	1.87399	1.3827
902	1.21e-06	1.87675	1.37718
903	1.22e-06	1.88365	1.39374
904	1.23e-06	1.87675	1.38408
905	1.24e-06	1.87675	1.38822
906	1.25e-06	1.88089	1.39374
907	1.26e-06	1.87123	1.3827
908	1.27e-06	1.87951	1.39236
909	1.28e-06	1.87813	1.39236
910	1.29e-06	1.87399	1.38822
911	1.3e-06	1.87813	1.39788
912	1.31e-06	1.87951	1.39098
913	1.32e-06	1.87123	1.39098
914	1.33e-06	1.88089	1.39926
915	1.34e-06	1.87399	1.39098
916	1.35e-06	1.87813	1.39926
917	1.36e-06	1.87951	1.3965
918	1.37e-06	1.87675	1.39374
919	1.38e-06	1.88089	1.39926
920	1.39e-06	1.87951	1.39512
921	1.4e-06	1.87261	1.39512
922	1.41e-06	1.88365	1.40202
923	1.42e-06	1.87813	1.39512
924	1.43e-06	1.87675	1.4034
925	1.44e-06	1.87675	1.40616
926	1.45e-06	1.87675	1.40202
927	1.46e-06	1.87675	1.40616
928	1.47e-06	1.87951	1.40478
929	1.48e-06	1.87399	1.40478
930	1.49e-06	1.87813	1.4103
931	1.5e-06	1.87675	1.40616
932	1.51e-06	1.87813	1.40754
933	1.52e-06	1.87675	1.40892
934	1.53e-06	1.87675	1.40478
935	1.54e-06	1.87813	1.40892
936	1.55e-06	1.87951	1.41306
937	1.56e-06	1.87813	1.40892
938	1.57e-06	1.87813	1.41444
939	1.58e-06	1.87261	1.41306
940	1.59e-06	1.87399	1.40892
941	1.6e-06	1.87813	1.41444
942	1.61e-06	1.88089	1.41444
943	1.62e-06	1.87261	1.41444
944	1.63e-06	1.88089	1.41858
945	1.64e-06	1.87813	1.41444
946	1.65e-06	1.87951	1.4172
947	1.66e-06	1.87675	1.41582
948	1.67e-06	1.87813	1.4172
949	1.68e-06	1.87951	1.41858
950	1.69e-06	1.87951	1.4241
951	1.7e-06	1.87813	1.41858
952	1.71e-06	1.87951	1.42272
953	1.72e-06	1.87675	1.42134
954	1.73e-06	1.87813	1.4241
955	1.74e-06	1.87813	1.42548
956	1.75e-06	1.87813	1.4241
957	1.76e-06	1.87813	1.42686
958	1.77e-06	1.87951	1.42962
959	1.78e-06	1.87813	1.42824
960	1.79e-06	1.88089	1.42962
961	1.8e-06	1.87951	1.42824
962	1.81e-06	1.88089	1.42824
963	1.82e-06	1.88089	1.43238
964	1.83e-06	1.87951	1.43238
965	1.84e-06	1.87813	1.42962
966	1.85e-06	1.87951	1.43238
967	1.86e-06	1.87951	1.43238
968	1.87e-06	1.87675	1.43238
969	1.88e-06	1.87813	1.43514
970	1.89e-06	1.88365	1.43514
971	1.9e-06	1.88227	1.43652
972	1.91e-06	1.88089	1.43652
973	1.92e-06	1.87261	1.43514
974	1.93e-06	1.87951	1.44204
975	1.94e-06	1.88365	1.43928
976	1.95e-06	1.87951	1.4379
977	1.96e-06	1.87813	1.44342
978	1.97e-06	1.87951	1.44342
979	1.98e-06	1.88089	1.4448
980	1.99e-06	1.87813	1.4448
981	2e-06	1.87813	1.44204
982	2.01e-06	1.87951	1.44756
983	2.02e-06	1.87675	1.44618
984	2.03e-06	1.87951	1.44618
985	2.04e-06	1.87675	1.4448
986	2.05e-06	1.87813	1.44618
987	2.06e-06	1.87813	1.44756
988	2.07e-06	1.87813	1.44756
989	2.08e-06	1.87675	1.44618
990	2.09e-06	1.87951	1.45032
991	2.1e-06	1.87813	1.44756
992	2.11e-06	1.88089	1.4517
993	2.12e-06	1.87813	1.4517
994	2.13e-06	1.87951	1.45032
995	2.14e-06	1.87675	1.45446
996	2.15e-06	1.87399	1.45308
997	2.16e-06	1.87813	1.45446
998	2.17e-06	1.88227	1.45722
999	2.18e-06	1.87399	1.45308
1000	2.19e-06	1.87951	1.45722
1001	2.2e-06	1.88089	1.45446
1002	2.21e-06	1.87951	1.45722
1003	2.22e-06	1.87951	1.45722
1004	2.23e-06	1.87675	1.45722
1005	2.24e-06	1.87813	1.46412
1006	2.25e-06	1.88089	1.45722
1007	2.26e-06	1.87813	1.4655
1008	2.27e-06	1.87813	1.46136
1009	2.28e-06	1.87675	1.46136
1010	2.29e-06	1.87951	1.46688
1011	2.3e-06	1.87813	1.46412
1012	2.31e-06	1.88089	1.46412
1013	2.32e-06	1.87813	1.4655
1014	2.33e-06	1.88089	1.46688
1015	2.34e-06	1.88089	1.47102
1016	2.35e-06	1.87951	1.46964
1017	2.36e-06	1.87951	1.4655
1018	2.37e-06	1.87951	1.47102
1019	2.38e-06	1.88227	1.4724
1020	2.39e-06	1.88089	1.46826
1021	2.4e-06	1.88089	1.4724
1022	2.41e-06	1.87813	1.4724
1023	2.42e-06	1.87951	1.4724
1024	2.43e-06	1.88089	1.47378
1025	2.44e-06	1.87951	1.47378
1026	2.45e-06	1.87951	1.47654
1027	2.46e-06	1.87951	1.47378
1028	2.47e-06	1.87951	1.47378
1029	2.48e-06	1.87675	1.47792
1030	2.49e-06	1.88089	1.47792
1031	2.5e-06	1.88089	1.47792
1032	2.51e-06	1.87951	1.48206
1033	2.52e-06	1.87951	1.48206
1034	2.53e-06	1.88089	1.48068
1035	2.54e-06	1.87813	1.48206
1036	2.55e-06	1.87813	1.4862
1037	2.56e-06	1.87813	1.48206
1038	2.57e-06	1.87813	1.48482
1039	2.58e-06	1.88089	1.48482
1040	2.59e-06	1.87951	1.48758
1041	2.6e-06	1.88089	1.4862
1042	2.61e-06	1.87813	1.48758
1043	2.62e-06	1.87813	1.4862
1044	2.63e-06	1.87675	1.48896
1045	2.64e-06	1.87675	1.48758
1046	2.65e-06	1.87675	1.49172
1047	2.66e-06	1.87261	1.49172
1048	2.67e-06	1.88089	1.49034
1049	2.68e-06	1.87813	1.4931
1050	2.69e-06	1.88089	1.49448
1051	2.7e-06	1.87951	1.49172
1052	2.71e-06	1.88089	1.4931
1053	2.72e-06	1.87951	1.49586
1054	2.73e-06	1.87399	1.49448
1055	2.74e-06	1.88089	1.50138
1056	2.75e-06	1.87261	1.49724
1057	2.76e-06	1.87261	1.49586
1058	2.77e-06	1.88089	1.5
1059	2.78e-06	1.87675	1.49724
1060	2.79e-06	1.88227	1.5
1061	2.8e-06	1.88089	1.5
1062	2.81e-06	1.87951	1.50276
1063	2.82e-06	1.87813	1.50552
1064	2.83e-06	1.87399	1.50552
1065	2.84e-06	1.87675	1.50414
1066	2.85e-06	1.87951	1.50552
1067	2.86e-06	1.87813	1.5
1068	2.87e-06	1.87675	1.50552
1069	2.88e-06	1.87675	1.5069
1070	2.89e-06	1.87675	1.50828
1071	2.9e-06	1.87951	1.51104
1072	2.91e-06	1.87951	1.5069
1073	2.92e-06	1.88089	1.51242
1074	2.93e-06	1.87951	1.51242
1075	2.94e-06	1.88227	1.51104
1076	2.95e-06	1.88089	1.51518
1077	2.96e-06	1.87951	1.50966
1078	2.97e-06	1.87399	1.50966
1079	2.98e-06	1.87813	1.5138
1080	2.99e-06	1.87813	1.51242
1081	3e-06	1.87813	1.5138
1082	3.01e-06	1.87813	1.51656
1083	3.02e-06	1.87813	1.5138
1084	3.03e-06	1.87813	1.51794
1085	3.04e-06	1.88365	1.51518
1086	3.05e-06	1.87675	1.51656
1087	3.06e-06	1.87813	1.52346
1088	3.07e-06	1.87675	1.51794
1089	3.08e-06	1.87813	1.5207
1090	3.09e-06	1.88365	1.52484
1091	3.1e-06	1.87261	1.51794
1092	3.11e-06	1.88227	1.52484
1093	3.12e-06	1.88089	1.52484
1094	3.13e-06	1.88089	1.52484
1095	3.14e-06	1.87951	1.5276
1096	3.15e-06	1.87951	1.52484
1097	3.16e-06	1.87951	1.52622
1098	3.17e-06	1.87951	1.53312
1099	3.18e-06	1.88089	1.52622
1100	3.19e-06	1.87399	1.52898
1101	3.2e-06	1.87813	1.53036
1102	3.21e-06	1.87675	1.53036
1103	3.22e-06	1.87813	1.5345
1104	3.23e-06	1.87399	1.52898
1105	3.24e-06	1.87813	1.53174
1106	3.25e-06	1.88227	1.53312
1107	3.26e-06	1.87675	1.53174
1108	3.27e-06	1.87399	1.53312
1109	3.28e-06	1.87399	1.53588
1110	3.29e-06	1.87813	1.53588
1111	3.3e-06	1.87675	1.54002
1112	3.31e-06	1.88089	1.53726
1113	3.32e-06	1.87399	1.53312
1114	3.33e-06	1.87675	1.54002
1115	3.34e-06	1.87675	1.53726
1116	3.35e-06	1.87399	1.54002
1117	3.36e-06	1.88089	1.54278
1118	3.37e-06	1.87951	1.54002
1119	3.38e-06	1.87951	1.54278
1120	3.39e-06	1.87261	1.54416
1121	3.4e-06	1.87261	1.54416
1122	3.41e-06	1.87951	1.54554
1123	3.42e-06	1.88089	1.54278
1124	3.43e-06	1.87813	1.54278
1125	3.44e-06	1.87675	1.54554
1126	3.45e-06	1.88089	1.54554
1127	3.46e-06	1.87123	1.54554
1128	3.47e-06	1.87261	1.5483
1129	3.48e-06	1.87675	1.54692
1130	3.49e-06	1.87813	1.54968
1131	3.5e-06	1.87675	1.54968
1132	3.51e-06	1.87675	1.54692
1133	3.52e-06	1.87813	1.55244
1134	3.53e-06	1.87951	1.55244
1135	3.54e-06	1.87399	1.54692
1136	3.55e-06	1.87675	1.56072
1137	3.56e-06	1.88089	1.5552
1138	3.57e-06	1.87399	1.54968
1139	3.58e-06	1.87951	1.56486
1140	3.59e-06	1.87675	1.55244
1141	3.6e-06	1.87399	1.55244
1142	3.61e-06	1.88089	1.56072
1143	3.62e-06	1.87399	1.55106
1144	3.63e-06	1.87951	1.56348
1145	3.64e-06	1.87951	1.5621
1146	3.65e-06	1.87951	1.55382
1147	3.66e-06	1.88089	1.5621
1148	3.67e-06	1.87675	1.55382
1149	3.68e-06	1.87399	1.55658
1150	3.69e-06	1.87675	1.569
1151	3.7e-06	1.87399	1.56072
1152	3.71e-06	1.87675	1.56624
1153	3.72e-06	1.87951	1.56624
1154	3.73e-06	1.87675	1.56072
1155	3.74e-06	1.87951	1.57038
1156	3.75e-06	1.87951	1.56624
1157	3.76e-06	1.87123	1.56348
1158	3.77e-06	1.88089	1.57176
1159	3.78e-06	1.88089	1.56348
1160	3.79e-06	1.88227	1.569
1161	3.8e-06	1.87813	1.57314
1162	3.81e-06	1.88089	1.569
1163	3.82e-06	1.87399	1.57038
1164	3.83e-06	1.87813	1.57038
1165	3.84e-06	1.87951	1.56762
1166	3.85e-06	1.87951	1.57452
1167	3.86e-06	1.87813	1.57176
1168	3.87e-06	1.87399	1.57314
1169	3.88e-06	1.87813	1.57728
1170	3.89e-06	1.88089	1.57452
1171	3.9e-06	1.87813	1.57452
1172	3.91e-06	1.88089	1.5828
1173	3.92e-06	1.87951	1.57314
1174	3.93e-06	1.87675	1.58004
1175	3.94e-06	1.87399	1.5759
1176	3.95e-06	1.87399	1.5759
1177	3.96e-06	1.87813	1.58142
1178	3.97e-06	1.87813	1.58004
1179	3.98e-06	1.87813	1.57452
1180	3.99e-06	1.87951	1.5828
1181	4e-06	1.87399	1.57728
1182	4.01e-06	1.87399	1.58418
1183	4.02e-06	1.87951	1.58556
1184	4.03e-06	1.87399	1.58418
1185	4.04e-06	1.87813	1.58694
1186	4.05e-06	1.87813	1.58418
1187	4.06e-06	1.87675	1.58142
1188	4.07e-06	1.87675	1.58832
1189	4.08e-06	1.87261	1.58142
1190	4.09e-06	1.87951	1.59246
1191	4.1e-06	1.87951	1.59108
1192	4.11e-06	1.87675	1.58418
1193	4.12e-06	1.87951	1.58832
1194	4.13e-06	1.87399	1.5897
1195	4.14e-06	1.87675	1.58832
1196	4.15e-06	1.87813	1.59246
1197	4.16e-06	1.87675	1.5897
1198	4.17e-06	1.87813	1.59246
1199	4.18e-06	1.87813	1.59522
1200	4.19e-06	1.87675	1.59108
1201	4.2e-06	1.87813	1.59384
1202	4.21e-06	1.87813	1.5966
1203	4.22e-06	1.87675	1.59108
1204	4.23e-06	1.88089	1.59936
1205	4.24e-06	1.87399	1.5966
1206	4.25e-06	1.87675	1.60074
1207	4.26e-06	1.87813	1.60212
1208	4.27e-06	1.87261	1.59936
1209	4.28e-06	1.87399	1.60074
1210	4.29e-06	1.87675	1.60212
1211	4.3e-06	1.87813	1.5966
1212	4.31e-06	1.87813	1.60488
1213	4.32e-06	1.87813	1.60212
1214	4.33e-06	1.87813	1.60488
1215	4.34e-06	1.87951	1.60626
1216	4.35e-06	1.87675	1.60212
1217	4.36e-06	1.87675	1.60488
1218	4.37e-06	1.87813	1.60764
1219	4.38e-06	1.87399	1.60212
1220	4.39e-06	1.87951	1.6104
1221	4.4e-06	1.87951	1.60626
1222	4.41e-06	1.87951	1.60902
1223	4.42e-06	1.87951	1.6104
1224	4.43e-06	1.87813	1.60764
1225	4.44e-06	1.87813	1.6104
1226	4.45e-06	1.87951	1.61178
1227	4.46e-06	1.87951	1.60902
1228	4.47e-06	1.88089	1.61454
1229	4.48e-06	1.88089	1.6104
1230	4.49e-06	1.87675	1.6104
1231	4.5e-06	1.87951	1.61454
1232	4.51e-06	1.87261	1.61316
1233	4.52e-06	1.87951	1.61316
1234	4.53e-06	1.87951	1.61868
1235	4.54e-06	1.87813	1.61178
1236	4.55e-06	1.87951	1.62006
1237	4.56e-06	1.88089	1.61592
1238	4.57e-06	1.87399	1.61592
1239	4.58e-06	1.87951	1.62144
1240	4.59e-06	1.87951	1.61592
1241	4.6e-06	1.87675	1.62006
1242	4.61e-06	1.88227	1.62282
1243	4.62e-06	1.87675	1.61592
1244	4.63e-06	1.88089	1.62558
1245	4.64e-06	1.88089	1.62282
1246	4.65e-06	1.87813	1.62144
1247	4.66e-06	1.87951	1.62696
1248	4.67e-06	1.87813	1.62282
1249	4.68e-06	1.87675	1.6242
1250	4.69e-06	1.87951	1.62696
1251	4.7e-06	1.87951	1.61868
1252	4.71e-06	1.87813	1.62834
1253	4.72e-06	1.87951	1.62696
1254	4.73e-06	1.87813	1.62696
1255	4.74e-06	1.88089	1.6311
1256	4.75e-06	1.87813	1.62558
1257	4.76e-06	1.87951	1.62558
1258	4.77e-06	1.87813	1.63248
1259	4.78e-06	1.88089	1.62696
1260	4.79e-06	1.87813	1.63248
1261	4.8e-06	1.87813	1.6311
1262	4.81e-06	1.87675	1.62972
1263	4.82e-06	1.88089	1.63248
1264	4.83e-06	1.87813	1.6311
1265	4.84e-06	1.87261	1.63386
1266	4.85e-06	1.87813	1.63662
1267	4.86e-06	1.88089	1.63248
1268	4.87e-06	1.88089	1.63524
1269	4.88e-06	1.87813	1.63386
1270	4.89e-06	1.87951	1.63524
1271	4.9e-06	1.87813	1.63386
1272	4.91e-06	1.87951	1.63938
1273	4.92e-06	1.87675	1.63662
1274	4.93e-06	1.87951	1.63938
1275	4.94e-06	1.87951	1.63524
1276	4.95e-06	1.87951	1.63938
1277	4.96e-06	1.87813	1.63938
1278	4.97e-06	1.87813	1.63662
1279	4.98e-06	1.87951	1.64076
1280	4.99e-06	1.87951	1.64214
1281	5e-06	1.87813	1.63662
1282	5.01e-06	1.88365	1.64214
1283	5.02e-06	1.87813	1.64076
1284	5.03e-06	1.87951	1.6449
1285	5.04e-06	1.87951	1.64352
1286	5.05e-06	1.87675	1.6449
1287	5.06e-06	1.87813	1.6449
1288	5.07e-06	1.87399	1.64352
1289	5.08e-06	1.87813	1.6449
1290	5.09e-06	1.87951	1.64904
1291	5.1e-06	1.87261	1.64766
1292	5.11e-06	1.87951	1.64766
1293	5.12e-06	1.87675	1.64766
1294	5.13e-06	1.88089	1.64766
1295	5.14e-06	1.87951	1.64766
1296	5.15e-06	1.87399	1.64628
1297	5.16e-06	1.87399	1.64766
1298	5.17e-06	1.88227	1.65042
1299	5.18e-06	1.87261	1.64904
1300	5.19e-06	1.88089	1.64904
1301	5.2e-06	1.87951	1.64904
1302	5.21e-06	1.87675	1.6518
1303	5.22e-06	1.88089	1.6518
1304	5.23e-06	1.87813	1.64904
1305	5.24e-06	1.88089	1.6518
1306	5.25e-06	1.88227	1.6518
1307	5.26e-06	1.87675	1.6518
1308	5.27e-06	1.87261	1.65594
1309	5.28e-06	1.87261	1.65594
1310	5.29e-06	1.87813	1.6587
1311	5.3e-06	1.87951	1.6587
1312	5.31e-06	1.87951	1.65594
1313	5.32e-06	1.87675	1.65594
1314	5.33e-06	1.87813	1.6587
1315	5.34e-06	1.87813	1.65318
1316	5.35e-06	1.87675	1.6587
1317	5.36e-06	1.87399	1.66008
1318	5.37e-06	1.87951	1.66008
1319	5.38e-06	1.87813	1.66146
1320	5.39e-06	1.87261	1.66008
1321	5.4e-06	1.87675	1.66008
1322	5.41e-06	1.87399	1.66008
1323	5.42e-06	1.87813	1.66284
1324	5.43e-06	1.87675	1.66146
1325	5.44e-06	1.87813	1.6656
1326	5.45e-06	1.88365	1.66284
1327	5.46e-06	1.87675	1.66284
1328	5.47e-06	1.87951	1.6656
1329	5.48e-06	1.87399	1.66008
1330	5.49e-06	1.87813	1.6656
1331	5.5e-06	1.87813	1.6656
1332	5.51e-06	1.87675	1.66698
1333	5.52e-06	1.87675	1.66974
1334	5.53e-06	1.88089	1.66422
1335	5.54e-06	1.88227	1.6656
1336	5.55e-06	1.88089	1.66974
1337	5.56e-06	1.87399	1.66974
1338	5.57e-06	1.87951	1.67112
1339	5.58e-06	1.87813	1.67112
1340	5.59e-06	1.87399	1.66836
1341	5.6e-06	1.87675	1.67389
1342	5.61e-06	1.87813	1.67112
1343	5.62e-06	1.87813	1.66974
1344	5.63e-06	1.87813	1.67251
1345	5.64e-06	1.87813	1.66974
1346	5.65e-06	1.87951	1.67389
1347	5.66e-06	1.88089	1.67389
1348	5.67e-06	1.87123	1.67112
1349	5.68e-06	1.87813	1.67251
1350	5.69e-06	1.87813	1.67389
1351	5.7e-06	1.87675	1.67389
1352	5.71e-06	1.87813	1.67941
1353	5.72e-06	1.87261	1.67251
1354	5.73e-06	1.87813	1.67941
1355	5.74e-06	1.87813	1.67941
1356	5.75e-06	1.87813	1.67389
1357	5.76e-06	1.87951	1.67803
1358	5.77e-06	1.87675	1.67803
1359	5.78e-06	1.87813	1.68079
1360	5.79e-06	1.87675	1.67941
1361	5.8e-06	1.87261	1.67941
1362	5.81e-06	1.87675	1.68355
1363	5.82e-06	1.87813	1.68217
1364	5.83e-06	1.87951	1.67941
1365	5.84e-06	1.87813	1.68355
1366	5.85e-06	1.87813	1.68355
1367	5.86e-06	1.87675	1.68355
1368	5.87e-06	1.87951	1.68631
1369	5.88e-06	1.87399	1.68217
1370	5.89e-06	1.88089	1.68493
1371	5.9e-06	1.87675	1.68493
1372	5.91e-06	1.87813	1.68493
1373	5.92e-06	1.87951	1.68493
1374	5.93e-06	1.87675	1.68631
1375	5.94e-06	1.87261	1.68217
1376	5.95e-06	1.87675	1.68493
1377	5.96e-06	1.87813	1.68769
1378	5.97e-06	1.87675	1.69045
1379	5.98e-06	1.87813	1.68769
1380	5.99e-06	1.87951	1.68631
1381	6e-06	1.87951	1.68769
1382	6.01e-06	1.87399	1.68907
1383	6.02e-06	1.87675	1.68493
1384	6.03e-06	1.87675	1.69045
1385	6.04e-06	1.86709	1.68907
1386	6.05e-06	1.88089	1.69459
1387	6.06e-06	1.87261	1.68631
1388	6.07e-06	1.87399	1.69459
1389	6.08e-06	1.87399	1.69321
1390	6.09e-06	1.87261	1.68907
1391	6.1e-06	1.87813	1.69459
1392	6.11e-06	1.87813	1.69183
1393	6.12e-06	1.87675	1.69321
1394	6.13e-06	1.87675	1.69873
1395	6.14e-06	1.87675	1.69321
1396	6.15e-06	1.87813	1.69321
1397	6.16e-06	1.87813	1.69321
1398	6.17e-06	1.88089	1.69321
1399	6.18e-06	1.87675	1.69597
1400	6.19e-06	1.87675	1.69459
1401	6.2e-06	1.87675	1.69321
1402	6.21e-06	1.87813	1.70011
1403	6.22e-06	1.87675	1.69873
1404	6.23e-06	1.88089	1.70011
1405	6.24e-06	1.87813	1.70149
1406	6.25e-06	1.87813	1.69873
1407	6.26e-06	1.87951	1.69873
1408	6.27e-06	1.88089	1.70011
1409	6.28e-06	1.87813	1.70149
1410	6.29e-06	1.87813	1.70425
1411	6.3e-06	1.87813	1.70149
1412	6.31e-06	1.87399	1.70287
1413	6.32e-06	1.87675	1.70149
1414	6.33e-06	1.87675	1.70287
1415	6.34e-06	1.87813	1.70287
1416	6.35e-06	1.88089	1.70425
1417	6.36e-06	1.87399	1.70149
1418	6.37e-06	1.87813	1.70701
1419	6.38e-06	1.87675	1.70425
1420	6.39e-06	1.87813	1.70563
1421	6.4e-06	1.87399	1.70839
1422	6.41e-06	1.87813	1.70563
1423	6.42e-06	1.87813	1.70701
1424	6.43e-06	1.87951	1.70839
1425	6.44e-06	1.87813	1.70563
1426	6.45e-06	1.87951	1.70977
1427	6.46e-06	1.87951	1.70839
1428	6.47e-06	1.87951	1.70977
1429	6.48e-06	1.88089	1.70977
1430	6.49e-06	1.87675	1.70839
1431	6.5e-06	1.88089	1.71115
1432	6.51e-06	1.88089	1.70977
1433	6.52e-06	1.87399	1.70977
1434	6.53e-06	1.87813	1.71529
1435	6.54e-06	1.87399	1.71115
1436	6.55e-06	1.88089	1.71115
1437	6.56e-06	1.87951	1.71115
1438	6.57e-06	1.87675	1.70977
1439	6.58e-06	1.87813	1.71391
1440	6.59e-06	1.87675	1.71391
1441	6.6e-06	1.87675	1.71391
1442	6.61e-06	1.87813	1.71391
1443	6.62e-06	1.87675	1.71391
1444	6.63e-06	1.87675	1.71529
1445	6.64e-06	1.87813	1.71529
1446	6.65e-06	1.87399	1.71253
1447	6.66e-06	1.87813	1.71805
1448	6.67e-06	1.87399	1.71391
1449	6.68e-06	1.87399	1.71529
1450	6.69e-06	1.88227	1.71943
1451	6.7e-06	1.87813	1.71529
1452	6.71e-06	1.87813	1.71943
1453	6.72e-06	1.87399	1.71805
1454	6.73e-06	1.87675	1.71805
1455	6.74e-06	1.87813	1.72219
1456	6.75e-06	1.87675	1.72081
1457	6.76e-06	1.87261	1.72081
1458	6.77e-06	1.87813	1.72219
1459	6.78e-06	1.87813	1.71529
1460	6.79e-06	1.87261	1.71943
1461	6.8e-06	1.87951	1.72219
1462	6.81e-06	1.87813	1.72219
1463	6.82e-06	1.87813	1.72495
1464	6.83e-06	1.87951	1.72495
1465	6.84e-06	1.87675	1.72219
1466	6.85e-06	1.87813	1.72909
1467	6.86e-06	1.87261	1.72219
1468	6.87e-06	1.87399	1.72495
1469	6.88e-06	1.87951	1.72633
1470	6.89e-06	1.87813	1.72357
1471	6.9e-06	1.88365	1.72771
1472	6.91e-06	1.87951	1.72219
1473	6.92e-06	1.87399	1.72357
1474	6.93e-06	1.88227	1.72909
1475	6.94e-06	1.87951	1.72219
1476	6.95e-06	1.87813	1.72633
1477	6.96e-06	1.88089	1.73047
1478	6.97e-06	1.87951	1.72357
1479	6.98e-06	1.88089	1.72771
1480	6.99e-06	1.87813	1.72633
1481	7e-06	1.87399	1.72219
1482	7.01e-06	1.88089	1.73047
1483	7.02e-06	1.87951	1.72909
1484	7.03e-06	1.88089	1.72909
1485	7.04e-06	1.88365	1.73185
1486	7.05e-06	1.87813	1.72771
1487	7.06e-06	1.87813	1.73047
1488	7.07e-06	1.88089	1.73185
1489	7.08e-06	1.87813	1.72771
1490	7.09e-06	1.87813	1.73323
1491	7.1e-06	1.87261	1.73185
1492	7.11e-06	1.87399	1.73047
1493	7.12e-06	1.87675	1.73461
1494	7.13e-06	1.87813	1.73047
1495	7.14e-06	1.87951	1.73185
1496	7.15e-06	1.87675	1.73461
1497	7.16e-06	1.86985	1.73047
1498	7.17e-06	1.88089	1.73737
1499	7.18e-06	1.87399	1.73323
1500	7.19e-06	1.87813	1.73047
1501	7.2e-06	1.88089	1.73461
1502	7.21e-06	1.88089	1.73461
1503	7.22e-06	1.87813	1.73875
1504	7.23e-06	1.87675	1.73737
1505	7.24e-06	1.87399	1.73185
1506	7.25e-06	1.87813	1.73737
1507	7.26e-06	1.87675	1.73737
1508	7.27e-06	1.87813	1.73323
1509	7.28e-06	1.87675	1.73737
1510	7.29e-06	1.87675	1.73875
1511	7.3e-06	1.87813	1.73461
1512	7.31e-06	1.87675	1.73737
1513	7.32e-06	1.87951	1.73875
1514	7.33e-06	1.87675	1.74013
1515	7.34e-06	1.87813	1.74013
1516	7.35e-06	1.87675	1.73875
1517	7.36e-06	1.87813	1.74013
1518	7.37e-06	1.87813	1.74151
1519	7.38e-06	1.87813	1.74013
1520	7.39e-06	1.88089	1.74151
1521	7.4e-06	1.87399	1.74151
1522	7.41e-06	1.87675	1.74427
1523	7.42e-06	1.87675	1.74289
1524	7.43e-06	1.87813	1.74427
1525	7.44e-06	1.87813	1.74151
1526	7.45e-06	1.87813	1.74289
1527	7.46e-06	1.87399	1.74289
1528	7.47e-06	1.87123	1.74289
1529	7.48e-06	1.87813	1.74427
1530	7.49e-06	1.87813	1.74703
1531	7.5e-06	1.87813	1.74565
1532	7.51e-06	1.87675	1.74427
1533	7.52e-06	1.87813	1.74427
1534	7.53e-06	1.87813	1.74427
1535	7.54e-06	1.87399	1.74703
1536	7.55e-06	1.87399	1.74427
1537	7.56e-06	1.87399	1.74565
1538	7.57e-06	1.88089	1.74565
1539	7.58e-06	1.87813	1.74703
1540	7.59e-06	1.87951	1.74703
1541	7.6e-06	1.88089	1.74703
1542	7.61e-06	1.88227	1.75117
1543	7.62e-06	1.87675	1.74841
1544	7.63e-06	1.87951	1.74703
1545	7.64e-06	1.87813	1.74841
1546	7.65e-06	1.87813	1.75117
1547	7.66e-06	1.87951	1.74979
1548	7.67e-06	1.87675	1.74979
1549	7.68e-06	1.87813	1.75117
1550	7.69e-06	1.87675	1.74979
1551	7.7e-06	1.87951	1.75117
1552	7.71e-06	1.87951	1.75117
1553	7.72e-06	1.87675	1.75117
1554	7.73e-06	1.87675	1.75393
1555	7.74e-06	1.87399	1.75255
1556	7.75e-06	1.87813	1.74841
1557	7.76e-06	1.87813	1.75393
1558	7.77e-06	1.87675	1.75807
1559	7.78e-06	1.87675	1.75117
1560	7.79e-06	1.88089	1.75531
1561	7.8e-06	1.87951	1.75531
1562	7.81e-06	1.87813	1.75531
1563	7.82e-06	1.87813	1.75393
1564	7.83e-06	1.87675	1.75393
1565	7.84e-06	1.87951	1.75531
1566	7.85e-06	1.87675	1.75531
1567	7.86e-06	1.87399	1.75807
1568	7.87e-06	1.87675	1.75531
1569	7.88e-06	1.87399	1.75393
1570	7.89e-06	1.87951	1.75807
1571	7.9e-06	1.87399	1.75393
1572	7.91e-06	1.87261	1.75531
1573	7.92e-06	1.87399	1.75807
1574	7.93e-06	1.87951	1.75945
1575	7.94e-06	1.87261	1.75945
1576	7.95e-06	1.87813	1.75531
1577	7.96e-06	1.87675	1.75531
1578	7.97e-06	1.87675	1.76083
1579	7.98e-06	1.87813	1.75945
1580	7.99e-06	1.87399	1.75807
1581	8e-06	1.87675	1.76083
1582	8.01e-06	1.87399	1.76083
1583	8.02e-06	1.88089	1.76083
1584	8.03e-06	1.87399	1.76083
1585	8.04e-06	1.87399	1.75807
1586	8.05e-06	1.87813	1.75945
1587	8.06e-06	1.87951	1.76497
1588	8.07e-06	1.87123	1.75945
1589	8.08e-06	1.87123	1.76359
1590	8.09e-06	1.87951	1.76497
1591	8.1e-06	1.87123	1.75807
1592	8.11e-06	1.87813	1.76497
1593	8.12e-06	1.87813	1.76359
1594	8.13e-06	1.88089	1.76221
1595	8.14e-06	1.87675	1.76635
1596	8.15e-06	1.87123	1.76359
1597	8.16e-06	1.87399	1.76359
1598	8.17e-06	1.87813	1.76635
1599	8.18e-06	1.87813	1.76221
1600	8.19e-06	1.87123	1.76635
1601	8.2e-06	1.87123	1.76497
1602	8.21e-06	1.87399	1.76359
1603	8.22e-06	1.87399	1.76635
1604	8.23e-06	1.87261	1.76497
1605	8.24e-06	1.87675	1.76635
1606	8.25e-06	1.87951	1.76773
1607	8.26e-06	1.87261	1.76497
1608	8.27e-06	1.87813	1.76773
1609	8.28e-06	1.87675	1.76773
1610	8.29e-06	1.87675	1.76911
1611	8.3e-06	1.87675	1.76635
1612	8.31e-06	1.87813	1.76635
1613	8.32e-06	1.87675	1.76635
1614	8.33e-06	1.87399	1.77049
1615	8.34e-06	1.87675	1.76773
1616	8.35e-06	1.87675	1.76773
1617	8.36e-06	1.87261	1.76911
1618	8.37e-06	1.87813	1.76911
1619	8.38e-06	1.86985	1.77049
1620	8.39e-06	1.87675	1.77049
1621	8.4e-06	1.86985	1.76911
1622	8.41e-06	1.87399	1.77049
1623	8.42e-06	1.87813	1.76911
1624	8.43e-06	1.87951	1.76773
1625	8.44e-06	1.87675	1.77049
1626	8.45e-06	1.87675	1.77325
1627	8.46e-06	1.87399	1.77463
1628	8.47e-06	1.87399	1.77049
1629	8.48e-06	1.87399	1.77049
1630	8.49e-06	1.87675	1.77187
1631	8.5e-06	1.87813	1.77325
1632	8.51e-06	1.87399	1.77049
1633	8.52e-06	1.87951	1.77187
1634	8.53e-06	1.87813	1.77325
1635	8.54e-06	1.87399	1.77463
1636	8.55e-06	1.87675	1.77739
1637	8.56e-06	1.87813	1.77463
1638	8.57e-06	1.87675	1.77463
1639	8.58e-06	1.87399	1.77325
1640	8.59e-06	1.87399	1.77325
1641	8.6e-06	1.87675	1.77463
1642	8.61e-06	1.87675	1.77739
1643	8.62e-06	1.87261	1.77187
1644	8.63e-06	1.87399	1.77463
1645	8.64e-06	1.87813	1.77463
1646	8.65e-06	1.87813	1.77463
1647	8.66e-06	1.87813	1.78015
1648	8.67e-06	1.87675	1.77463
1649	8.68e-06	1.87813	1.77463
1650	8.69e-06	1.87951	1.78015
1651	8.7e-06	1.87399	1.77463
1652	8.71e-06	1.87951	1.77463
1653	8.72e-06	1.87813	1.77739
1654	8.73e-06	1.87675	1.77877
1655	8.74e-06	1.87399	1.77877
1656	8.75e-06	1.87675	1.77877
1657	8.76e-06	1.87675	1.77739
1658	8.77e-06	1.87813	1.78153
1659	8.78e-06	1.87261	1.77739
1660	8.79e-06	1.87399	1.77877
1661	8.8e-06	1.87951	1.77739
1662	8.81e-06	1.87675	1.77739
1663	8.82e-06	1.88089	1.78015
1664	8.83e-06	1.88089	1.78015
1665	8.84e-06	1.87675	1.78153
1666	8.85e-06	1.87951	1.78153
1667	8.86e-06	1.87675	1.77739
1668	8.87e-06	1.87951	1.78153
1669	8.88e-06	1.88089	1.78153
1670	8.89e-06	1.87951	1.78153
1671	8.9e-06	1.88089	1.78567
1672	8.91e-06	1.87813	1.78015
1673	8.92e-06	1.87951	1.78015
1674	8.93e-06	1.87813	1.78429
1675	8.94e-06	1.87813	1.78291
1676	8.95e-06	1.87951	1.78291
1677	8.96e-06	1.87675	1.78429
1678	8.97e-06	1.87399	1.78153
1679	8.98e-06	1.87675	1.78429
1680	8.99e-06	1.87813	1.78153
1681	9e-06	1.87675	1.78153
1682	9.01e-06	1.87951	1.78705
1683	9.02e-06	1.88089	1.78567
1684	9.03e-06	1.87813	1.78567
1685	9.04e-06	1.87675	1.78567
1686	9.05e-06	1.87675	1.78291
1687	9.06e-06	1.87675	1.78153
1688	9.07e-06	1.87813	1.78567
1689	9.08e-06	1.87813	1.78429
1690	9.09e-06	1.87399	1.78567
1691	9.1e-06	1.87675	1.78705
1692	9.11e-06	1.87675	1.78705
1693	9.12e-06	1.87675	1.78705
1694	9.13e-06	1.87813	1.78843
1695	9.14e-06	1.87951	1.78567
1696	9.15e-06	1.88089	1.78705
1697	9.16e-06	1.87951	1.78705
1698	9.17e-06	1.87399	1.78843
1699	9.18e-06	1.87675	1.78567
1700	9.19e-06	1.87261	1.78705
1701	9.2e-06	1.87675	1.78843
1702	9.21e-06	1.88089	1.78981
1703	9.22e-06	1.87675	1.78705
1704	9.23e-06	1.87813	1.79119
1705	9.24e-06	1.87675	1.78705
1706	9.25e-06	1.87951	1.79119
1707	9.26e-06	1.87675	1.79119
1708	9.27e-06	1.87813	1.78981
1709	9.28e-06	1.87813	1.78981
1710	9.29e-06	1.87813	1.78981
1711	9.3e-06	1.88089	1.78981
1712	9.31e-06	1.87813	1.79119
1713	9.32e-06	1.87951	1.78981
1714	9.33e-06	1.87399	1.79119
1715	9.34e-06	1.87399	1.78981
1716	9.35e-06	1.87951	1.78843
1717	9.36e-06	1.88089	1.79257
1718	9.37e-06	1.87951	1.79671
1719	9.38e-06	1.87675	1.79119
1720	9.39e-06	1.87951	1.79119
1721	9.4e-06	1.87675	1.79257
1722	9.41e-06	1.87399	1.79395
1723	9.42e-06	1.87813	1.79119
1724	9.43e-06	1.87813	1.79395
1725	9.44e-06	1.87399	1.79119
1726	9.45e-06	1.87813	1.79257
1727	9.46e-06	1.87399	1.78981
1728	9.47e-06	1.87951	1.79257
1729	9.48e-06	1.87261	1.79671
1730	9.49e-06	1.87813	1.79671
1731	9.5e-06	1.87675	1.79809
1732	9.51e-06	1.87813	1.79395
1733	9.52e-06	1.87675	1.79395
1734	9.53e-06	1.87813	1.79809
1735	9.54e-06	1.87813	1.79671
1736	9.55e-06	1.88089	1.79671
1737	9.56e-06	1.87399	1.79395
1738	9.57e-06	1.87951	1.79809
1739	9.58e-06	1.87951	1.79947
1740	9.59e-06	1.87813	1.79671
1741	9.6e-06	1.87261	1.79809
1742	9.61e-06	1.87813	1.79809
1743	9.62e-06	1.87261	1.79671
1744	9.63e-06	1.87675	1.79809
1745	9.64e-06	1.87399	1.79947
1746	9.65e-06	1.87675	1.79947
1747	9.66e-06	1.87813	1.79947
1748	9.67e-06	1.87813	1.79947
1749	9.68e-06	1.87813	1.79947
1750	9.69e-06	1.88089	1.80085
1751	9.7e-06	1.87123	1.80085
1752	9.71e-06	1.87813	1.80085
1753	9.72e-06	1.87951	1.79947
1754	9.73e-06	1.87399	1.80085
1755	9.74e-06	1.87399	1.79809
1756	9.75e-06	1.87951	1.80085
1757	9.76e-06	1.87813	1.79395
1758	9.77e-06	1.87675	1.80361
1759	9.78e-06	1.87399	1.79947
1760	9.79e-06	1.87951	1.79947
1761	9.8e-06	1.87399	1.80223
1762	9.81e-06	1.87675	1.80223
1763	9.82e-06	1.87675	1.80085
1764	9.83e-06	1.87951	1.80085
1765	9.84e-06	1.87399	1.80223
1766	9.85e-06	1.87813	1.80361
1767	9.86e-06	1.87675	1.79809
1768	9.87e-06	1.87951	1.79947
1769	9.88e-06	1.87813	1.80223
1770	9.89e-06	1.87813	1.80223
1771	9.9e-06	1.87813	1.79947
1772	9.91e-06	1.87951	1.80637
1773	9.92e-06	1.87813	1.80223
1774	9.93e-06	1.87675	1.80223
1775	9.94e-06	1.87951	1.80361
1776	9.95e-06	1.88089	1.80223
1777	9.96e-06	1.87951	1.80637
1778	9.97e-06	1.87951	1.80637
1779	9.98e-06	1.87261	1.80361
1780	9.99e-06	1.88089	1.80637
1781	1e-05	1.88089	1.80223
1782	1.001e-05	1.87813	1.80361
1783	1.002e-05	1.87813	1.80361
1784	1.003e-05	1.87951	1.80223
1785	1.004e-05	1.87813	1.80637
1786	1.005e-05	1.87813	1.80775
1787	1.006e-05	1.87951	1.80361
1788	1.007e-05	1.87951	1.80637
1789	1.008e-05	1.87399	1.80361
1790	1.009e-05	1.87813	1.80775
1791	1.01e-05	1.87951	1.80499
1792	1.011e-05	1.87399	1.80637
1793	1.012e-05	1.87675	1.80499
1794	1.013e-05	1.87399	1.80913
1795	1.014e-05	1.87813	1.80637
1796	1.015e-05	1.88089	1.80775
1797	1.016e-05	1.87399	1.80775
1798	1.017e-05	1.87813	1.80223
1799	1.018e-05	1.88089	1.81189
1800	1.019e-05	1.87951	1.80361
1801	1.02e-05	1.87261	1.80775
1802	1.021e-05	1.87951	1.80913
1803	1.022e-05	1.87261	1.80361
1804	1.023e-05	1.88227	1.81189
1805	1.024e-05	1.87813	1.80637
1806	1.025e-05	1.87813	1.80637
1807	1.026e-05	1.88089	1.80775
1808	1.027e-05	1.87675	1.80775
1809	1.028e-05	1.87951	1.80637
1810	1.029e-05	1.87813	1.80913
1811	1.03e-05	1.87813	1.80913
1812	1.031e-05	1.87675	1.81051
1813	1.032e-05	1.87675	1.81051
1814	1.033e-05	1.87813	1.81051
1815	1.034e-05	1.87675	1.80913
1816	1.035e-05	1.87813	1.80775
1817	1.036e-05	1.87675	1.80913
1818	1.037e-05	1.88227	1.81051
1819	1.038e-05	1.87813	1.80775
1820	1.039e-05	1.87813	1.81051
1821	1.04e-05	1.87399	1.80913
1822	1.041e-05	1.87675	1.81051
1823	1.042e-05	1.87951	1.80913
1824	1.043e-05	1.88227	1.80913
1825	1.044e-05	1.88227	1.80913
1826	1.045e-05	1.87399	1.81051
1827	1.046e-05	1.87399	1.81189
1828	1.047e-05	1.87675	1.81051
1829	1.048e-05	1.87813	1.81051
1830	1.049e-05	1.88089	1.81051
1831	1.05e-05	1.88089	1.81189
1832	1.051e-05	1.87951	1.81051
1833	1.052e-05	1.87675	1.81189
1834	1.053e-05	1.88089	1.81327
1835	1.054e-05	1.87813	1.81051
1836	1.055e-05	1.87951	1.81327
1837	1.056e-05	1.87951	1.81465
1838	1.057e-05	1.88227	1.81051
1839	1.058e-05	1.88089	1.81741
1840	1.059e-05	1.87951	1.81465
1841	1.06e-05	1.87951	1.81465
1842	1.061e-05	1.87951	1.81741
1843	1.062e-05	1.87951	1.81189
1844	1.063e-05	1.87399	1.81189
1845	1.064e-05	1.87399	1.81189
1846	1.065e-05	1.87951	1.81741
1847	1.066e-05	1.87675	1.81465
1848	1.067e-05	1.87951	1.81741
1849	1.068e-05	1.87399	1.81189
1850	1.069e-05	1.87813	1.81879
1851	1.07e-05	1.87813	1.81465
1852	1.071e-05	1.87951	1.81741
1853	1.072e-05	1.87399	1.81465
1854	1.073e-05	1.88089	1.81879
1855	1.074e-05	1.87675	1.81465
1856	1.075e-05	1.87951	1.81879
1857	1.076e-05	1.87675	1.81465
1858	1.077e-05	1.87813	1.81879
1859	1.078e-05	1.88089	1.82017
1860	1.079e-05	1.87951	1.81327
1861	1.08e-05	1.87813	1.81465
1862	1.081e-05	1.87675	1.82017
1863	1.082e-05	1.87261	1.81741
1864	1.083e-05	1.87951	1.81879
1865	1.084e-05	1.87399	1.81879
1866	1.085e-05	1.87675	1.82017
1867	1.086e-05	1.87813	1.81879
1868	1.087e-05	1.87813	1.81741
1869	1.088e-05	1.87675	1.82155
1870	1.089e-05	1.88089	1.82293
1871	1.09e-05	1.87813	1.81741
1872	1.091e-05	1.88089	1.82155
1873	1.092e-05	1.87813	1.81741
1874	1.093e-05	1.87813	1.82017
1875	1.094e-05	1.88089	1.81879
1876	1.095e-05	1.87261	1.81465
1877	1.096e-05	1.87675	1.82155
1878	1.097e-05	1.87813	1.81879
1879	1.098e-05	1.87261	1.81879
1880	1.099e-05	1.87951	1.82017
1881	1.1e-05	1.87951	1.81879
1882	1.101e-05	1.87813	1.82293
1883	1.102e-05	1.87813	1.82293
1884	1.103e-05	1.87675	1.81465
1885	1.104e-05	1.87813	1.82155
1886	1.105e-05	1.87951	1.82155
1887	1.106e-05	1.87399	1.82017
1888	1.107e-05	1.87951	1.82431
1889	1.108e-05	1.87813	1.82155
1890	1.109e-05	1.88089	1.82017
1891	1.11e-05	1.87813	1.82569
1892	1.111e-05	1.87813	1.82155
1893	1.112e-05	1.87813	1.82155
1894	1.113e-05	1.87813	1.82569
1895	1.114e-05	1.87675	1.81741
1896	1.115e-05	1.87813	1.82431
1897	1.116e-05	1.87261	1.82155
1898	1.117e-05	1.87399	1.82431
1899	1.118e-05	1.88089	1.82293
1900	1.119e-05	1.87399	1.82293
1901	1.12e-05	1.87399	1.82431
1902	1.121e-05	1.87675	1.82431
1903	1.122e-05	1.87813	1.82293
1904	1.123e-05	1.87813	1.82431
1905	1.124e-05	1.87813	1.82155
1906	1.125e-05	1.87675	1.82431
1907	1.126e-05	1.87675	1.82707
1908	1.127e-05	1.87675	1.82569
1909	1.128e-05	1.87951	1.82431
1910	1.129e-05	1.87951	1.82569
1911	1.13e-05	1.87123	1.82155
1912	1.131e-05	1.88089	1.82707
1913	1.132e-05	1.87951	1.82293
1914	1.133e-05	1.87951	1.82431
1915	1.134e-05	1.87951	1.82431
1916	1.135e-05	1.87675	1.82707
1917	1.136e-05	1.87813	1.82569
1918	1.137e-05	1.88227	1.82845
1919	1.138e-05	1.87813	1.82293
1920	1.139e-05	1.87675	1.82569
1921	1.14e-05	1.87399	1.82431
1922	1.141e-05	1.87813	1.82569
1923	1.142e-05	1.87951	1.82845
1924	1.143e-05	1.87951	1.82569
1925	1.144e-05	1.88089	1.82569
1926	1.145e-05	1.87951	1.82845
1927	1.146e-05	1.87399	1.82569
1928	1.147e-05	1.87951	1.82569
1929	1.148e-05	1.87675	1.82983
1930	1.149e-05	1.87399	1.82845
1931	1.15e-05	1.88089	1.82845
1932	1.151e-05	1.87951	1.82845
1933	1.152e-05	1.87813	1.82707
1934	1.153e-05	1.87261	1.82845
1935	1.154e-05	1.87951	1.82983
1936	1.155e-05	1.87951	1.82707
1937	1.156e-05	1.87675	1.82845
1938	1.157e-05	1.88089	1.83121
1939	1.158e-05	1.87399	1.82707
1940	1.159e-05	1.87399	1.82845
1941	1.16e-05	1.87951	1.82983
1942	1.161e-05	1.87951	1.82845
1943	1.162e-05	1.88089	1.82845
1944	1.163e-05	1.87951	1.83121
1945	1.164e-05	1.87951	1.82707
1946	1.165e-05	1.87813	1.83259
1947	1.166e-05	1.87675	1.82845
1948	1.167e-05	1.88089	1.82983
1949	1.168e-05	1.88089	1.82983
1950	1.169e-05	1.87951	1.82845
1951	1.17e-05	1.87813	1.83121
1952	1.171e-05	1.87813	1.82983
1953	1.172e-05	1.87675	1.82845
1954	1.173e-05	1.87813	1.83397
1955	1.174e-05	1.87813	1.82845
1956	1.175e-05	1.87675	1.83259
1957	1.176e-05	1.87675	1.83259
1958	1.177e-05	1.87813	1.83121
1959	1.178e-05	1.87813	1.83121
1960	1.179e-05	1.87813	1.82983
1961	1.18e-05	1.87675	1.82845
1962	1.181e-05	1.88227	1.83121
1963	1.182e-05	1.87813	1.82983
1964	1.183e-05	1.87813	1.83259
1965	1.184e-05	1.87951	1.83121
1966	1.185e-05	1.87951	1.82845
1967	1.186e-05	1.87813	1.83397
1968	1.187e-05	1.87261	1.83121
1969	1.188e-05	1.87813	1.83121
1970	1.189e-05	1.87675	1.82983
1971	1.19e-05	1.87399	1.83121
1972	1.191e-05	1.87261	1.82983
1973	1.192e-05	1.87951	1.82707
1974	1.193e-05	1.87951	1.83397
1975	1.194e-05	1.87675	1.83259
1976	1.195e-05	1.87813	1.82845
1977	1.196e-05	1.87675	1.82845
1978	1.197e-05	1.87813	1.83397
1979	1.198e-05	1.87813	1.83397
1980	1.199e-05	1.88089	1.83673
1981	1.2e-05	1.87675	1.83121
1982	1.201e-05	1.87813	1.83673
1983	1.202e-05	1.87951	1.83121
1984	1.203e-05	1.88089	1.82983
1985	1.204e-05	1.87951	1.83397
1986	1.205e-05	1.87951	1.83397
1987	1.206e-05	1.87813	1.83259
1988	1.207e-05	1.87813	1.83259
1989	1.208e-05	1.87951	1.83259
1990	1.209e-05	1.87951	1.83397
1991	1.21e-05	1.87813	1.83397
1992	1.211e-05	1.87675	1.83397
1993	1.212e-05	1.87675	1.83259
1994	1.213e-05	1.87951	1.83673
1995	1.214e-05	1.87399	1.83397
1996	1.215e-05	1.87951	1.83259
1997	1.216e-05	1.88365	1.83121
1998	1.217e-05	1.87675	1.83397
1999	1.218e-05	1.87951	1.83811
2000	1.219e-05	1.87813	1.83259
2001	1.22e-05	1.88089	1.83673
2002	1.221e-05	1.87399	1.83397
2003	1.222e-05	1.87399	1.83397
2004	1.223e-05	1.88089	1.83673
2005	1.224e-05	1.87951	1.83397
2006	1.225e-05	1.88227	1.83811
2007	1.226e-05	1.87813	1.83397
2008	1.227e-05	1.87813	1.83949
2009	1.228e-05	1.87675	1.83811
2010	1.229e-05	1.87951	1.83811
2011	1.23e-05	1.87813	1.83673
2012	1.231e-05	1.87261	1.83397
2013	1.232e-05	1.87399	1.83811
2014	1.233e-05	1.87951	1.83949
2015	1.234e-05	1.87813	1.83673
2016	1.235e-05	1.87399	1.83397
2017	1.236e-05	1.87675	1.84087
2018	1.237e-05	1.87675	1.83673
2019	1.238e-05	1.87813	1.83811
2020	1.239e-05	1.87813	1.83811
2021	1.24e-05	1.87813	1.83397
2022	1.241e-05	1.88227	1.83949
2023	1.242e-05	1.87951	1.83811
2024	1.243e-05	1.87951	1.83949
2025	1.244e-05	1.87951	1.83949
2026	1.245e-05	1.88089	1.83949
2027	1.246e-05	1.87813	1.83811
2028	1.247e-05	1.87675	1.83673
2029	1.248e-05	1.87951	1.83949
2030	1.249e-05	1.87951	1.83673
2031	1.25e-05	1.87813	1.83397
2032	1.251e-05	1.88089	1.83673
2033	1.252e-05	1.88089	1.83811
2034	1.253e-05	1.87813	1.83811
2035	1.254e-05	1.87399	1.83811
2036	1.255e-05	1.87675	1.84087
2037	1.256e-05	1.87399	1.83949
2038	1.257e-05	1.87951	1.83949
2039	1.258e-05	1.88089	1.84087
2040	1.259e-05	1.88089	1.83811
2041	1.26e-05	1.87813	1.83673
2042	1.261e-05	1.87813	1.83811
2043	1.262e-05	1.87813	1.84087
2044	1.263e-05	1.87399	1.83949
2045	1.264e-05	1.87813	1.83811
2046	1.265e-05	1.87813	1.83811
2047	1.266e-05	1.87675	1.83949
2048	1.267e-05	1.87813	1.83949
2049	1.268e-05	1.88089	1.83949
2050	1.269e-05	1.88365	1.84087
2051	1.27e-05	1.87951	1.84087
2052	1.271e-05	1.87951	1.84225
2053	1.272e-05	1.87399	1.84087
2054	1.273e-05	1.87951	1.83949
2055	1.274e-05	1.87813	1.84225
2056	1.275e-05	1.87951	1.83949
2057	1.276e-05	1.87675	1.83811
2058	1.277e-05	1.87813	1.84225
2059	1.278e-05	1.87399	1.84225
2060	1.279e-05	1.87951	1.83949
2061	1.28e-05	1.87675	1.84087
2062	1.281e-05	1.87951	1.84225
2063	1.282e-05	1.87399	1.83949
2064	1.283e-05	1.87675	1.84087
2065	1.284e-05	1.87951	1.84363
2066	1.285e-05	1.87951	1.84087
2067	1.286e-05	1.87813	1.84363
2068	1.287e-05	1.87399	1.84225
2069	1.288e-05	1.87675	1.84087
2070	1.289e-05	1.87675	1.84225
2071	1.29e-05	1.87951	1.84087
2072	1.291e-05	1.87675	1.84087
2073	1.292e-05	1.87675	1.84363
2074	1.293e-05	1.87951	1.84363
2075	1.294e-05	1.87813	1.84087
2076	1.295e-05	1.87675	1.84363
2077	1.296e-05	1.87675	1.84363
2078	1.297e-05	1.87951	1.84363
2079	1.298e-05	1.87675	1.84363
2080	1.299e-05	1.87813	1.84501
2081	1.3e-05	1.87675	1.84087
2082	1.301e-05	1.87813	1.84087
2083	1.302e-05	1.87951	1.84363
2084	1.303e-05	1.87675	1.84225
2085	1.304e-05	1.87813	1.84363
2086	1.305e-05	1.87675	1.84363
2087	1.306e-05	1.87675	1.84087
2088	1.307e-05	1.87813	1.84363
2089	1.308e-05	1.87951	1.84225
2090	1.309e-05	1.87813	1.84501
2091	1.31e-05	1.87399	1.84639
2092	1.311e-05	1.87951	1.84363
2093	1.312e-05	1.87399	1.84639
2094	1.313e-05	1.87813	1.84777
2095	1.314e-05	1.87813	1.84225
2096	1.315e-05	1.87813	1.84501
2097	1.316e-05	1.87261	1.84639
2098	1.317e-05	1.87951	1.84501
2099	1.318e-05	1.87951	1.84639
2100	1.319e-05	1.87813	1.84363
2101	1.32e-05	1.87813	1.84639
2102	1.321e-05	1.87951	1.84501
2103	1.322e-05	1.87675	1.84363
2104	1.323e-05	1.87813	1.84777
2105	1.324e-05	1.87399	1.84225
2106	1.325e-05	1.87675	1.84363
2107	1.326e-05	1.87399	1.84639
2108	1.327e-05	1.87813	1.84501
2109	1.328e-05	1.87675	1.84501
2110	1.329e-05	1.86985	1.84501
2111	1.33e-05	1.87813	1.84501
2112	1.331e-05	1.87813	1.84501
2113	1.332e-05	1.87675	1.84225
2114	1.333e-05	1.87675	1.84777
2115	1.334e-05	1.87399	1.84639
2116	1.335e-05	1.87261	1.84501
2117	1.336e-05	1.87399	1.84639
2118	1.337e-05	1.87813	1.84777
2119	1.338e-05	1.87261	1.84363
2120	1.339e-05	1.87951	1.84777
2121	1.34e-05	1.87399	1.84639
2122	1.341e-05	1.87813	1.84777
2123	1.342e-05	1.87675	1.84639
2124	1.343e-05	1.87675	1.84363
2125	1.344e-05	1.87675	1.84501
2126	1.345e-05	1.87399	1.84639
2127	1.346e-05	1.87675	1.84501
2128	1.347e-05	1.87951	1.84915
2129	1.348e-05	1.87951	1.84777
2130	1.349e-05	1.87813	1.85053
2131	1.35e-05	1.87399	1.84915
2132	1.351e-05	1.87399	1.84639
2133	1.352e-05	1.87261	1.84501
2134	1.353e-05	1.87675	1.84915
2135	1.354e-05	1.87813	1.84639
2136	1.355e-05	1.87813	1.84777
2137	1.356e-05	1.87261	1.84915
2138	1.357e-05	1.87261	1.84915
2139	1.358e-05	1.87399	1.84915
2140	1.359e-05	1.87675	1.85191
2141	1.36e-05	1.87813	1.84777
2142	1.361e-05	1.87813	1.84777
2143	1.362e-05	1.87813	1.84777
2144	1.363e-05	1.87399	1.84777
2145	1.364e-05	1.87951	1.85191
2146	1.365e-05	1.87813	1.84225
2147	1.366e-05	1.87813	1.85191
2148	1.367e-05	1.88227	1.85053
2149	1.368e-05	1.87675	1.84363
2150	1.369e-05	1.88227	1.85743
2151	1.37e-05	1.87813	1.84363
2152	1.371e-05	1.87813	1.84501
2153	1.372e-05	1.87813	1.85329
2154	1.373e-05	1.87399	1.84777
2155	1.374e-05	1.88227	1.85191
2156	1.375e-05	1.88227	1.84915
2157	1.376e-05	1.87675	1.84501
2158	1.377e-05	1.87951	1.85329
2159	1.378e-05	1.87675	1.84915
2160	1.379e-05	1.87261	1.84915
2161	1.38e-05	1.87951	1.85053
2162	1.381e-05	1.87675	1.84501
2163	1.382e-05	1.87675	1.84777
2164	1.383e-05	1.87813	1.85329
2165	1.384e-05	1.86847	1.84225
2166	1.385e-05	1.87813	1.85329
2167	1.386e-05	1.87675	1.84915
2168	1.387e-05	1.87675	1.84639
2169	1.388e-05	1.88089	1.85329
2170	1.389e-05	1.87399	1.84915
2171	1.39e-05	1.87123	1.84915
2172	1.391e-05	1.87951	1.85191
2173	1.392e-05	1.87399	1.84777
2174	1.393e-05	1.88089	1.85191
2175	1.394e-05	1.87399	1.84777
2176	1.395e-05	1.87813	1.84915
2177	1.396e-05	1.88227	1.85191
2178	1.397e-05	1.87399	1.84777
2179	1.398e-05	1.87813	1.85329
2180	1.399e-05	1.87675	1.85191
2181	1.4e-05	1.87399	1.84915
2182	1.401e-05	1.87813	1.85605
2183	1.402e-05	1.87813	1.84915
2184	1.403e-05	1.87261	1.84915
2185	1.404e-05	1.87399	1.85329
2186	1.405e-05	1.87675	1.85053
2187	1.406e-05	1.87123	1.85053
2188	1.407e-05	1.87951	1.85191
2189	1.408e-05	1.88089	1.84777
2190	1.409e-05	1.88089	1.85053
2191	1.41e-05	1.87261	1.85053
2192	1.411e-05	1.87675	1.85191
2193	1.412e-05	1.87261	1.85191
2194	1.413e-05	1.87675	1.85191
2195	1.414e-05	1.87399	1.85053
2196	1.415e-05	1.87675	1.85053
2197	1.416e-05	1.87813	1.84777
2198	1.417e-05	1.88227	1.85053
2199	1.418e-05	1.87813	1.85191
2200	1.419e-05	1.87261	1.84915
2201	1.42e-05	1.87399	1.85191
2202	1.421e-05	1.87399	1.85053
2203	1.422e-05	1.87261	1.85053
2204	1.423e-05	1.87813	1.85329
2205	1.424e-05	1.87813	1.84915
2206	1.425e-05	1.87399	1.85191
2207	1.426e-05	1.86985	1.85191
2208	1.427e-05	1.87675	1.85053
2209	1.428e-05	1.87675	1.85191
2210	1.429e-05	1.87951	1.85191
2211	1.43e-05	1.87813	1.85191
2212	1.431e-05	1.88089	1.85053
2213	1.432e-05	1.87675	1.85191
2214	1.433e-05	1.87813	1.85329
2215	1.434e-05	1.87399	1.85053
2216	1.435e-05	1.87675	1.85191
2217	1.436e-05	1.87261	1.85191
2218	1.437e-05	1.87261	1.85605
2219	1.438e-05	1.87399	1.85191
2220	1.439e-05	1.87813	1.85605
2221	1.44e-05	1.87675	1.85605
2222	1.441e-05	1.87261	1.85191
2223	1.442e-05	1.87675	1.85329
2224	1.443e-05	1.87813	1.85605
2225	1.444e-05	1.87261	1.85053
2226	1.445e-05	1.87675	1.85605
2227	1.446e-05	1.87951	1.85329
2228	1.447e-05	1.87261	1.84915
2229	1.448e-05	1.87399	1.85605
2230	1.449e-05	1.87261	1.85329
2231	1.45e-05	1.87813	1.85605
2232	1.451e-05	1.87813	1.85605
2233	1.452e-05	1.87675	1.85743
2234	1.453e-05	1.87399	1.85329
2235	1.454e-05	1.87675	1.85329
2236	1.455e-05	1.87951	1.85329
2237	1.456e-05	1.88089	1.85605
2238	1.457e-05	1.87951	1.85605
2239	1.458e-05	1.87951	1.85191
2240	1.459e-05	1.87813	1.85329
2241	1.46e-05	1.87399	1.85329
2242	1.461e-05	1.87813	1.85605
2243	1.462e-05	1.87675	1.85329
2244	1.463e-05	1.87675	1.85605
2245	1.464e-05	1.87951	1.85329
2246	1.465e-05	1.87951	1.85329
2247	1.466e-05	1.87675	1.85191
2248	1.467e-05	1.87813	1.85605
2249	1.468e-05	1.87951	1.85329
2250	1.469e-05	1.87951	1.85743
2251	1.47e-05	1.87675	1.85191
2252	1.471e-05	1.87399	1.85605
2253	1.472e-05	1.87951	1.85329
2254	1.473e-05	1.87675	1.85329
2255	1.474e-05	1.87675	1.85743
2256	1.475e-05	1.87951	1.85329
2257	1.476e-05	1.87675	1.85605
2258	1.477e-05	1.87813	1.86157
2259	1.478e-05	1.87813	1.85605
2260	1.479e-05	1.87951	1.85329
2261	1.48e-05	1.87813	1.85329
2262	1.481e-05	1.87951	1.85605
2263	1.482e-05	1.88089	1.85881
2264	1.483e-05	1.87951	1.85743
2265	1.484e-05	1.87675	1.85053
2266	1.485e-05	1.87813	1.85881
2267	1.486e-05	1.87675	1.85329
2268	1.487e-05	1.88089	1.85605
2269	1.488e-05	1.87813	1.86019
2270	1.489e-05	1.87675	1.85605
2271	1.49e-05	1.88227	1.85329
2272	1.491e-05	1.87675	1.85743
2273	1.492e-05	1.87813	1.85743
2274	1.493e-05	1.87813	1.85743
2275	1.494e-05	1.87399	1.85881
2276	1.495e-05	1.87813	1.85743
2277	1.496e-05	1.87675	1.85329
2278	1.497e-05	1.87813	1.85743
2279	1.498e-05	1.88089	1.85881
2280	1.499e-05	1.88089	1.85743
2281	1.5e-05	1.87675	1.85605
2282	1.501e-05	1.87813	1.85881
2283	1.502e-05	1.87813	1.85605
2284	1.503e-05	1.87813	1.85881
2285	1.504e-05	1.87261	1.85881
2286	1.505e-05	1.87813	1.86019
2287	1.506e-05	1.87813	1.86019
2288	1.507e-05	1.87399	1.85605
2289	1.508e-05	1.87813	1.85605
2290	1.509e-05	1.87951	1.85605
2291	1.51e-05	1.87675	1.85743
2292	1.511e-05	1.87399	1.86019
2293	1.512e-05	1.87261	1.85881
2294	1.513e-05	1.87675	1.85881
2295	1.514e-05	1.88089	1.85743
2296	1.515e-05	1.87813	1.85329
2297	1.516e-05	1.87813	1.85191
2298	1.517e-05	1.87675	1.85329
2299	1.518e-05	1.87261	1.85605
2300	1.519e-05	1.87399	1.86019
2301	1.52e-05	1.88089	1.86019
2302	1.521e-05	1.88089	1.86157
2303	1.522e-05	1.87951	1.85881
2304	1.523e-05	1.88089	1.85743
2305	1.524e-05	1.87399	1.85743
2306	1.525e-05	1.87675	1.85743
2307	1.526e-05	1.87951	1.85881
2308	1.527e-05	1.87813	1.86019
2309	1.528e-05	1.87675	1.85881
2310	1.529e-05	1.87675	1.86019
2311	1.53e-05	1.87813	1.85881
2312	1.531e-05	1.87675	1.85743
2313	1.532e-05	1.87951	1.86019
2314	1.533e-05	1.87813	1.86295
2315	1.534e-05	1.87675	1.85881
2316	1.535e-05	1.87399	1.86157
2317	1.536e-05	1.87399	1.85881
2318	1.537e-05	1.87813	1.86019
2319	1.538e-05	1.88089	1.85743
2320	1.539e-05	1.87813	1.86019
2321	1.54e-05	1.87675	1.85743
2322	1.541e-05	1.87813	1.86019
2323	1.542e-05	1.87675	1.85743
2324	1.543e-05	1.87813	1.86019
2325	1.544e-05	1.87951	1.86019
2326	1.545e-05	1.87813	1.85881
2327	1.546e-05	1.87951	1.86019
2328	1.547e-05	1.87675	1.85881
2329	1.548e-05	1.87675	1.86019
2330	1.549e-05	1.87813	1.85881
2331	1.55e-05	1.87675	1.85881
2332	1.551e-05	1.87813	1.86157
2333	1.552e-05	1.87399	1.85881
2334	1.553e-05	1.87399	1.85881
2335	1.554e-05	1.87675	1.86157
2336	1.555e-05	1.87813	1.85605
2337	1.556e-05	1.87675	1.85881
2338	1.557e-05	1.87675	1.86019
2339	1.558e-05	1.87951	1.85605
2340	1.559e-05	1.87399	1.85743
2341	1.56e-05	1.87951	1.86157
2342	1.561e-05	1.87951	1.85881
2343	1.562e-05	1.87813	1.86295
2344	1.563e-05	1.87951	1.86019
2345	1.564e-05	1.87813	1.85329
2346	1.565e-05	1.88089	1.86157
2347	1.566e-05	1.87399	1.85881
2348	1.567e-05	1.87813	1.86019
2349	1.568e-05	1.87675	1.86019
2350	1.569e-05	1.87675	1.86571
2351	1.57e-05	1.87813	1.85605
2352	1.571e-05	1.87675	1.86019
2353	1.572e-05	1.87813	1.86157
2354	1.573e-05	1.87675	1.86157
2355	1.574e-05	1.88089	1.86295
2356	1.575e-05	1.87951	1.85881
2357	1.576e-05	1.87813	1.86157
2358	1.577e-05	1.87399	1.86571
2359	1.578e-05	1.87675	1.86157
2360	1.579e-05	1.88089	1.86157
2361	1.58e-05	1.87951	1.86295
2362	1.581e-05	1.88089	1.85881
2363	1.582e-05	1.87813	1.86019
2364	1.583e-05	1.88227	1.86157
2365	1.584e-05	1.87813	1.85881
2366	1.585e-05	1.87675	1.86157
2367	1.586e-05	1.87813	1.86019
2368	1.587e-05	1.87813	1.85881
2369	1.588e-05	1.87399	1.86295
2370	1.589e-05	1.87951	1.86295
2371	1.59e-05	1.87399	1.85881
2372	1.591e-05	1.87675	1.86157
2373	1.592e-05	1.87813	1.86019
2374	1.593e-05	1.87951	1.86433
2375	1.594e-05	1.88089	1.86709
2376	1.595e-05	1.87813	1.86019
2377	1.596e-05	1.87399	1.86433
2378	1.597e-05	1.88089	1.86295
2379	1.598e-05	1.87675	1.86019
2380	1.599e-05	1.87951	1.86433
2381	1.6e-05	1.87813	1.86157
2382	1.601e-05	1.87813	1.86157
2383	1.602e-05	1.87813	1.86433
2384	1.603e-05	1.87813	1.86157
2385	1.604e-05	1.87813	1.85881
2386	1.605e-05	1.88227	1.86433
2387	1.606e-05	1.87399	1.86157
2388	1.607e-05	1.87675	1.86433
2389	1.608e-05	1.88089	1.86295
2390	1.609e-05	1.88089	1.86157
2391	1.61e-05	1.87813	1.86433
2392	1.611e-05	1.87813	1.86157
2393	1.612e-05	1.87675	1.86019
2394	1.613e-05	1.87675	1.86709
2395	1.614e-05	1.87675	1.86157
2396	1.615e-05	1.87261	1.86295
2397	1.616e-05	1.87675	1.86571
2398	1.617e-05	1.87675	1.86295
2399	1.618e-05	1.87951	1.86157
2400	1.619e-05	1.87951	1.86295
2401	1.62e-05	1.87399	1.85881
2402	1.621e-05	1.87813	1.86295
2403	1.622e-05	1.87951	1.86157
2404	1.623e-05	1.87951	1.86019
2405	1.624e-05	1.87951	1.86295
2406	1.625e-05	1.88089	1.86019
2407	1.626e-05	1.87813	1.86157
2408	1.627e-05	1.88089	1.86433
2409	1.628e-05	1.87951	1.86019
2410	1.629e-05	1.87951	1.86571
2411	1.63e-05	1.87813	1.86433
2412	1.631e-05	1.87675	1.86433
2413	1.632e-05	1.87813	1.86709
2414	1.633e-05	1.87261	1.86295
2415	1.634e-05	1.87813	1.86295
2416	1.635e-05	1.88089	1.86295
2417	1.636e-05	1.87813	1.86433
2418	1.637e-05	1.87813	1.86709
2419	1.638e-05	1.87675	1.86157
2420	1.639e-05	1.87813	1.86295
2421	1.64e-05	1.87675	1.86571
2422	1.641e-05	1.87675	1.86571
2423	1.642e-05	1.87813	1.86433
2424	1.643e-05	1.87951	1.86295
2425	1.644e-05	1.87675	1.86157
2426	1.645e-05	1.88089	1.86571
2427	1.646e-05	1.87813	1.86295
2428	1.647e-05	1.87813	1.86157
2429	1.648e-05	1.87951	1.86295
2430	1.649e-05	1.87951	1.86571
2431	1.65e-05	1.87951	1.86157
2432	1.651e-05	1.87951	1.86295
2433	1.652e-05	1.87675	1.86571
2434	1.653e-05	1.87813	1.86295
2435	1.654e-05	1.87813	1.86157
2436	1.655e-05	1.87675	1.86571
2437	1.656e-05	1.87675	1.86571
2438	1.657e-05	1.87951	1.86295
2439	1.658e-05	1.87951	1.86571
2440	1.659e-05	1.87399	1.86571
2441	1.66e-05	1.87261	1.86433
2442	1.661e-05	1.87813	1.86433
2443	1.662e-05	1.87675	1.86433
2444	1.663e-05	1.87675	1.86571
2445	1.664e-05	1.87813	1.86157
2446	1.665e-05	1.87675	1.86433
2447	1.666e-05	1.87261	1.86709
2448	1.667e-05	1.87675	1.86571
2449	1.668e-05	1.87675	1.86295
2450	1.669e-05	1.87675	1.86433
2451	1.67e-05	1.87399	1.86571
2452	1.671e-05	1.87675	1.86433
2453	1.672e-05	1.87399	1.86433
2454	1.673e-05	1.87675	1.86571
2455	1.674e-05	1.87951	1.86295
2456	1.675e-05	1.87399	1.86433
2457	1.676e-05	1.87675	1.86571
2458	1.677e-05	1.88089	1.86433
2459	1.678e-05	1.87399	1.86433
2460	1.679e-05	1.87261	1.86709
2461	1.68e-05	1.87675	1.86433
2462	1.681e-05	1.87675	1.86295
2463	1.682e-05	1.87261	1.86433
2464	1.683e-05	1.87951	1.86295
2465	1.684e-05	1.87675	1.86571
2466	1.685e-05	1.87675	1.86709
2467	1.686e-05	1.87399	1.86433
2468	1.687e-05	1.88089	1.86571
2469	1.688e-05	1.87813	1.86295
2470	1.689e-05	1.87675	1.86295
2471	1.69e-05	1.87399	1.86571
2472	1.691e-05	1.87813	1.86709
2473	1.692e-05	1.87399	1.86571
2474	1.693e-05	1.87813	1.86571
2475	1.694e-05	1.87399	1.86295
2476	1.695e-05	1.87813	1.86433
2477	1.696e-05	1.87675	1.86571
2478	1.697e-05	1.87261	1.86295
2479	1.698e-05	1.87675	1.86709
2480	1.699e-05	1.87399	1.86571
2481	1.7e-05	1.87951	1.86709
2482	1.701e-05	1.88089	1.86847
2483	1.702e-05	1.87813	1.86433
2484	1.703e-05	1.87675	1.86709
2485	1.704e-05	1.87951	1.86709
2486	1.705e-05	1.87675	1.86709
2487	1.706e-05	1.87951	1.86571
2488	1.707e-05	1.87399	1.86709
2489	1.708e-05	1.87813	1.86571
2490	1.709e-05	1.87813	1.86571
2491	1.71e-05	1.87813	1.86295
2492	1.711e-05	1.87951	1.86571
2493	1.712e-05	1.87813	1.86571
2494	1.713e-05	1.87675	1.86709
2495	1.714e-05	1.87399	1.86571
2496	1.715e-05	1.87951	1.86433
2497	1.716e-05	1.87813	1.86571
2498	1.717e-05	1.87675	1.86847
2499	1.718e-05	1.87675	1.86571
2500	1.719e-05	1.87813	1.86571
2501	1.72e-05	1.87813	1.86571
2502	1.721e-05	1.87951	1.86571
2503	1.722e-05	1.87813	1.86709
2504	1.723e-05	1.88089	1.86571
2505	1.724e-05	1.87813	1.86571
2506	1.725e-05	1.87813	1.86847
2507	1.726e-05	1.88089	1.86571
2508	1.727e-05	1.87951	1.86571
2509	1.728e-05	1.87813	1.86433
2510	1.729e-05	1.88089	1.86571
2511	1.73e-05	1.87813	1.86433
2512	1.731e-05	1.87261	1.86709
2513	1.732e-05	1.87399	1.86295
2514	1.733e-05	1.87813	1.86571
2515	1.734e-05	1.87399	1.86709
2516	1.735e-05	1.87675	1.86433
2517	1.736e-05	1.87675	1.86571
2518	1.737e-05	1.87675	1.86985
2519	1.738e-05	1.87399	1.86709
2520	1.739e-05	1.87261	1.86847
2521	1.74e-05	1.87951	1.86571
2522	1.741e-05	1.87951	1.86433
2523	1.742e-05	1.87675	1.86571
2524	1.743e-05	1.87813	1.86709
2525	1.744e-05	1.88089	1.86295
2526	1.745e-05	1.87399	1.86985
2527	1.746e-05	1.87261	1.86847
2528	1.747e-05	1.87951	1.86571
2529	1.748e-05	1.87951	1.86709
2530	1.749e-05	1.87813	1.86847
2531	1.75e-05	1.87399	1.86433
2532	1.751e-05	1.87675	1.86709
2533	1.752e-05	1.87813	1.86571
2534	1.753e-05	1.87813	1.86709
2535	1.754e-05	1.87675	1.86847
2536	1.755e-05	1.87951	1.86433
2537	1.756e-05	1.87813	1.86847
2538	1.757e-05	1.87675	1.86847
2539	1.758e-05	1.87813	1.86433
2540	1.759e-05	1.88227	1.86571
2541	1.76e-05	1.87813	1.86709
2542	1.761e-05	1.87675	1.86847
2543	1.762e-05	1.88227	1.86985
2544	1.763e-05	1.87951	1.86709
2545	1.764e-05	1.87813	1.86571
2546	1.765e-05	1.87951	1.86985
2547	1.766e-05	1.87813	1.86847
2548	1.767e-05	1.87399	1.86295
2549	1.768e-05	1.87951	1.86847
2550	1.769e-05	1.87813	1.86847
2551	1.77e-05	1.87813	1.86433
2552	1.771e-05	1.87951	1.87261
2553	1.772e-05	1.86985	1.86433
2554	1.773e-05	1.87675	1.86985
2555	1.774e-05	1.87813	1.86847
2556	1.775e-05	1.87675	1.86571
2557	1.776e-05	1.87813	1.86985
2558	1.777e-05	1.87951	1.86709
2559	1.778e-05	1.87675	1.86847
2560	1.779e-05	1.87813	1.86985
2561	1.78e-05	1.87399	1.86571
2562	1.781e-05	1.87951	1.86847
2563	1.782e-05	1.87399	1.86847
2564	1.783e-05	1.87813	1.86709
2565	1.784e-05	1.87951	1.86985
2566	1.785e-05	1.87951	1.86847
2567	1.786e-05	1.87675	1.86709
2568	1.787e-05	1.87951	1.87123
2569	1.788e-05	1.87951	1.86571
2570	1.789e-05	1.88227	1.86847
2571	1.79e-05	1.87813	1.86985
2572	1.791e-05	1.87813	1.86709
2573	1.792e-05	1.87951	1.86847
2574	1.793e-05	1.87399	1.86985
2575	1.794e-05	1.87675	1.86433
2576	1.795e-05	1.87951	1.86571
2577	1.796e-05	1.87261	1.86709
2578	1.797e-05	1.87675	1.86847
2579	1.798e-05	1.87951	1.86571
2580	1.799e-05	1.87675	1.86709
2581	1.8e-05	1.87675	1.86709
2582	1.801e-05	1.87951	1.86985
2583	1.802e-05	1.87675	1.86571
2584	1.803e-05	1.88089	1.87261
2585	1.804e-05	1.87399	1.86571
2586	1.805e-05	1.87813	1.86847
2587	1.806e-05	1.88227	1.86847
2588	1.807e-05	1.88089	1.86571
2589	1.808e-05	1.87399	1.86709
2590	1.809e-05	1.87951	1.86709
2591	1.81e-05	1.87813	1.86709
2592	1.811e-05	1.88089	1.87261
2593	1.812e-05	1.87675	1.86433
2594	1.813e-05	1.88089	1.86847
2595	1.814e-05	1.88089	1.87123
2596	1.815e-05	1.87261	1.86709
2597	1.816e-05	1.87675	1.86985
2598	1.817e-05	1.87675	1.86985
2599	1.818e-05	1.87951	1.86433
2600	1.819e-05	1.87951	1.86847
2601	1.82e-05	1.87813	1.86571
2602	1.821e-05	1.88089	1.86709
2603	1.822e-05	1.87951	1.86985
2604	1.823e-05	1.87951	1.86847
2605	1.824e-05	1.87951	1.87123
2606	1.825e-05	1.88227	1.87261
2607	1.826e-05	1.87813	1.86985
2608	1.827e-05	1.88089	1.86985
2609	1.828e-05	1.87675	1.86985
2610	1.829e-05	1.87675	1.86847
2611	1.83e-05	1.87399	1.86847
2612	1.831e-05	1.87951	1.86847
2613	1.832e-05	1.87261	1.86847
2614	1.833e-05	1.87813	1.87261
2615	1.834e-05	1.87675	1.86433
2616	1.835e-05	1.87813	1.86571
2617	1.836e-05	1.87813	1.86709
2618	1.837e-05	1.87261	1.86571
2619	1.838e-05	1.87951	1.86847
2620	1.839e-05	1.87813	1.86847
2621	1.84e-05	1.87399	1.86709
2622	1.841e-05	1.87951	1.87261
2623	1.842e-05	1.87951	1.86847
2624	1.843e-05	1.87399	1.86985
2625	1.844e-05	1.87813	1.87261
2626	1.845e-05	1.87399	1.86847
2627	1.846e-05	1.87951	1.86985
2628	1.847e-05	1.87951	1.86847
2629	1.848e-05	1.87399	1.86847
2630	1.849e-05	1.87951	1.87399
2631	1.85e-05	1.87813	1.86985
2632	1.851e-05	1.88227	1.86985
2633	1.852e-05	1.87951	1.87261
2634	1.853e-05	1.87675	1.86985
2635	1.854e-05	1.87951	1.87123
2636	1.855e-05	1.87813	1.86985
2637	1.856e-05	1.87399	1.86847
2638	1.857e-05	1.87951	1.87399
2639	1.858e-05	1.87813	1.86571
2640	1.859e-05	1.87813	1.86985
2641	1.86e-05	1.87399	1.87261
2642	1.861e-05	1.87123	1.86847
2643	1.862e-05	1.87951	1.87261
2644	1.863e-05	1.87813	1.87261
2645	1.864e-05	1.87261	1.86847
2646	1.865e-05	1.88227	1.87399
2647	1.866e-05	1.87399	1.86847
2648	1.867e-05	1.87675	1.86985
2649	1.868e-05	1.87675	1.87123
2650	1.869e-05	1.87813	1.86709
2651	1.87e-05	1.88089	1.87399
2652	1.871e-05	1.87813	1.87261
2653	1.872e-05	1.87675	1.86847
2654	1.873e-05	1.88365	1.87123
2655	1.874e-05	1.87813	1.86847
2656	1.875e-05	1.87813	1.86985
2657	1.876e-05	1.87675	1.87261
2658	1.877e-05	1.87675	1.86985
2659	1.878e-05	1.87813	1.87123
2660	1.879e-05	1.87813	1.87123
2661	1.88e-05	1.87951	1.86571
2662	1.881e-05	1.87813	1.87123
2663	1.882e-05	1.87951	1.87123
2664	1.883e-05	1.87813	1.86985
2665	1.884e-05	1.87951	1.87123
2666	1.885e-05	1.88365	1.86985
2667	1.886e-05	1.87951	1.86709
2668	1.887e-05	1.87675	1.87261
2669	1.888e-05	1.87399	1.86709
2670	1.889e-05	1.88089	1.87123
2671	1.89e-05	1.87399	1.87123
2672	1.891e-05	1.87399	1.86985
2673	1.892e-05	1.87951	1.86985
2674	1.893e-05	1.87399	1.86985
2675	1.894e-05	1.87951	1.87123
2676	1.895e-05	1.87813	1.86985
2677	1.896e-05	1.87813	1.87123
2678	1.897e-05	1.88089	1.87261
2679	1.898e-05	1.87813	1.87261
2680	1.899e-05	1.87813	1.87399
2681	1.9e-05	1.87675	1.86985
2682	1.901e-05	1.87813	1.86985
2683	1.902e-05	1.87675	1.87123
2684	1.903e-05	1.87951	1.86985
2685	1.904e-05	1.87951	1.87261
2686	1.905e-05	1.87813	1.87261
2687	1.906e-05	1.87675	1.86571
2688	1.907e-05	1.87951	1.86985
2689	1.908e-05	1.87813	1.86985
2690	1.909e-05	1.87951	1.86985
2691	1.91e-05	1.87951	1.87399
2692	1.911e-05	1.87399	1.86985
2693	1.912e-05	1.88089	1.87123
2694	1.913e-05	1.87951	1.87123
2695	1.914e-05	1.87675	1.86847
2696	1.915e-05	1.87813	1.86847
2697	1.916e-05	1.87675	1.86847
2698	1.917e-05	1.87675	1.86985
2699	1.918e-05	1.87813	1.87261
2700	1.919e-05	1.87399	1.86847
2701	1.92e-05	1.87399	1.86847
2702	1.921e-05	1.87675	1.87261
2703	1.922e-05	1.87951	1.86985
2704	1.923e-05	1.87951	1.87123
2705	1.924e-05	1.87675	1.87123
2706	1.925e-05	1.87951	1.87261
2707	1.926e-05	1.88089	1.87399
2708	1.927e-05	1.87813	1.87123
2709	1.928e-05	1.87813	1.87123
2710	1.929e-05	1.87675	1.87123
2711	1.93e-05	1.87951	1.86847
2712	1.931e-05	1.87951	1.87675
2713	1.932e-05	1.87951	1.87123
2714	1.933e-05	1.87399	1.86985
2715	1.934e-05	1.87813	1.87399
2716	1.935e-05	1.87951	1.87399
2717	1.936e-05	1.87675	1.87123
2718	1.937e-05	1.88089	1.87261
2719	1.938e-05	1.87675	1.86985
2720	1.939e-05	1.87951	1.87261
2721	1.94e-05	1.87813	1.87399
2722	1.941e-05	1.88089	1.87261
2723	1.942e-05	1.87813	1.86709
2724	1.943e-05	1.87675	1.87123
2725	1.944e-05	1.87813	1.87123
2726	1.945e-05	1.87813	1.86985
2727	1.946e-05	1.87951	1.87261
2728	1.947e-05	1.87399	1.87123
2729	1.948e-05	1.87675	1.87123
2730	1.949e-05	1.87813	1.87123
2731	1.95e-05	1.87675	1.87123
2732	1.951e-05	1.87399	1.86985
2733	1.952e-05	1.87675	1.87261
2734	1.953e-05	1.87813	1.87123
2735	1.954e-05	1.87399	1.87261
2736	1.955e-05	1.88089	1.87399
2737	1.956e-05	1.87675	1.87123
2738	1.957e-05	1.87951	1.87261
2739	1.958e-05	1.87951	1.87123
2740	1.959e-05	1.87675	1.86847
2741	1.96e-05	1.87675	1.87261
2742	1.961e-05	1.87675	1.87261
2743	1.962e-05	1.87813	1.86847
2744	1.963e-05	1.87675	1.87813
2745	1.964e-05	1.87675	1.86847
2746	1.965e-05	1.88089	1.86985
2747	1.966e-05	1.88089	1.87261
2748	1.967e-05	1.87261	1.86847
2749	1.968e-05	1.87951	1.87261
2750	1.969e-05	1.87813	1.86985
2751	1.97e-05	1.87399	1.87123
2752	1.971e-05	1.88227	1.87261
2753	1.972e-05	1.87951	1.86847
2754	1.973e-05	1.87951	1.87261
2755	1.974e-05	1.87675	1.87261
2756	1.975e-05	1.87951	1.87261
2757	1.976e-05	1.87951	1.86709
2758	1.977e-05	1.87813	1.87399
2759	1.978e-05	1.88089	1.87261
2760	1.979e-05	1.87813	1.86985
2761	1.98e-05	1.87951	1.87399
2762	1.981e-05	1.87813	1.87261
2763	1.982e-05	1.88227	1.87261
2764	1.983e-05	1.87399	1.86985
2765	1.984e-05	1.87951	1.87261
2766	1.985e-05	1.87399	1.87123
2767	1.986e-05	1.87813	1.87261
2768	1.987e-05	1.87813	1.87123
2769	1.988e-05	1.87813	1.87123
2770	1.989e-05	1.87951	1.87261
2771	1.99e-05	1.87813	1.86985
2772	1.991e-05	1.87951	1.87123
2773	1.992e-05	1.87951	1.87123
2774	1.993e-05	1.88089	1.87261
2775	1.994e-05	1.88365	1.87123
2776	1.995e-05	1.88227	1.87399
2777	1.996e-05	1.87813	1.87123
2778	1.997e-05	1.87951	1.87399
2779	1.998e-05	1.87675	1.86985
2780	1.999e-05	1.87951	1.86985
2781	2e-05	1.87951	1.87261
2782	2.001e-05	1.87675	1.87261
2783	2.002e-05	1.87951	1.87399
2784	2.003e-05	1.87951	1.87261
2785	2.004e-05	1.87675	1.87399
2786	2.005e-05	1.87951	1.87675
2787	2.006e-05	1.87951	1.87399
2788	2.007e-05	1.88089	1.87123
2789	2.008e-05	1.87813	1.86985
2790	2.009e-05	1.88089	1.87675
2791	2.01e-05	1.87399	1.87261
2792	2.011e-05	1.87675	1.87399
2793	2.012e-05	1.87123	1.87675
2794	2.013e-05	1.87675	1.87399
2795	2.014e-05	1.87399	1.87261
2796	2.015e-05	1.87261	1.87399
2797	2.016e-05	1.87675	1.87261
2798	2.017e-05	1.88089	1.87261
2799	2.018e-05	1.87951	1.87675
2800	2.019e-05	1.87261	1.87399
2801	2.02e-05	1.87813	1.87123
2802	2.021e-05	1.87675	1.87675
2803	2.022e-05	1.87813	1.87399
2804	2.023e-05	1.87951	1.87261
2805	2.024e-05	1.87675	1.87123
2806	2.025e-05	1.87951	1.87675
2807	2.026e-05	1.87399	1.87123
2808	2.027e-05	1.87813	1.87123
2809	2.028e-05	1.87951	1.87123
2810	2.029e-05	1.87675	1.86985
2811	2.03e-05	1.87813	1.87261
2812	2.031e-05	1.87813	1.87123
2813	2.032e-05	1.87813	1.87123
2814	2.033e-05	1.87399	1.87399
2815	2.034e-05	1.87399	1.86985
2816	2.035e-05	1.87813	1.87123
2817	2.036e-05	1.87261	1.87399
2818	2.037e-05	1.87261	1.87261
2819	2.038e-05	1.87675	1.87399
2820	2.039e-05	1.87813	1.87123
2821	2.04e-05	1.87675	1.87123
2822	2.041e-05	1.87951	1.87675
2823	2.042e-05	1.87123	1.87123
2824	2.043e-05	1.87675	1.87123
2825	2.044e-05	1.87123	1.87399
2826	2.045e-05	1.87123	1.87399
2827	2.046e-05	1.87675	1.87399
2828	2.047e-05	1.87951	1.87261
2829	2.048e-05	1.87813	1.87261
2830	2.049e-05	1.87813	1.87123
2831	2.05e-05	1.87951	1.86985
2832	2.051e-05	1.87675	1.87261
2833	2.052e-05	1.87675	1.87675
2834	2.053e-05	1.87675	1.87399
2835	2.054e-05	1.87813	1.87399
2836	2.055e-05	1.87813	1.87123
2837	2.056e-05	1.87399	1.87123
2838	2.057e-05	1.87399	1.87399
2839	2.058e-05	1.87675	1.86847
2840	2.059e-05	1.87813	1.87123
2841	2.06e-05	1.87951	1.87675
2842	2.061e-05	1.87399	1.86985
2843	2.062e-05	1.87951	1.87261
2844	2.063e-05	1.87675	1.87675
2845	2.064e-05	1.87675	1.87261
2846	2.065e-05	1.87675	1.87675
2847	2.066e-05	1.87675	1.87123
2848	2.067e-05	1.87399	1.87123
2849	2.068e-05	1.87399	1.87399
2850	2.069e-05	1.87675	1.87123
2851	2.07e-05	1.87675	1.87261
2852	2.071e-05	1.87951	1.87261
2853	2.072e-05	1.87675	1.87261
2854	2.073e-05	1.87951	1.87399
2855	2.074e-05	1.87951	1.87123
2856	2.075e-05	1.87813	1.87399
2857	2.076e-05	1.87675	1.87675
2858	2.077e-05	1.87399	1.87675
2859	2.078e-05	1.87675	1.87399
2860	2.079e-05	1.87813	1.87399
2861	2.08e-05	1.88089	1.87261
2862	2.081e-05	1.87813	1.87399
2863	2.082e-05	1.87399	1.87399
2864	2.083e-05	1.87951	1.87123
2865	2.084e-05	1.87951	1.87399
2866	2.085e-05	1.87675	1.87261
2867	2.086e-05	1.88227	1.87675
2868	2.087e-05	1.87399	1.87123
2869	2.088e-05	1.87261	1.87261
2870	2.089e-05	1.87813	1.87399
2871	2.09e-05	1.87813	1.86985
2872	2.091e-05	1.87399	1.87261
2873	2.092e-05	1.87675	1.87261
2874	2.093e-05	1.87951	1.87399
2875	2.094e-05	1.87675	1.87261
2876	2.095e-05	1.87123	1.87261
2877	2.096e-05	1.87675	1.87261
2878	2.097e-05	1.87813	1.87399
2879	2.098e-05	1.87399	1.87261
2880	2.099e-05	1.87813	1.87675
2881	2.1e-05	1.87399	1.87261
2882	2.101e-05	1.87675	1.87399
2883	2.102e-05	1.87813	1.87261
2884	2.103e-05	1.87951	1.87261
2885	2.104e-05	1.87951	1.87261
2886	2.105e-05	1.87399	1.87813
2887	2.106e-05	1.87123	1.87261
2888	2.107e-05	1.87399	1.87399
2889	2.108e-05	1.87813	1.87399
2890	2.109e-05	1.87813	1.87399
2891	2.11e-05	1.87675	1.87261
2892	2.111e-05	1.87951	1.87399
2893	2.112e-05	1.87813	1.87399
2894	2.113e-05	1.88089	1.87675
2895	2.114e-05	1.87813	1.87399
2896	2.115e-05	1.87813	1.87261
2897	2.116e-05	1.87399	1.87123
2898	2.117e-05	1.87951	1.87261
2899	2.118e-05	1.87813	1.87261
2900	2.119e-05	1.87813	1.87399
2901	2.12e-05	1.87813	1.87399
2902	2.121e-05	1.87951	1.87399
2903	2.122e-05	1.87813	1.87399
2904	2.123e-05	1.87813	1.87123
2905	2.124e-05	1.87261	1.87123
2906	2.125e-05	1.87951	1.87399
2907	2.126e-05	1.87399	1.87261
2908	2.127e-05	1.88089	1.87813
2909	2.128e-05	1.87951	1.87261
2910	2.129e-05	1.88227	1.87261
2911	2.13e-05	1.87675	1.87261
2912	2.131e-05	1.87951	1.87261
2913	2.132e-05	1.87813	1.87261
2914	2.133e-05	1.87813	1.87813
2915	2.134e-05	1.88089	1.87675
2916	2.135e-05	1.87813	1.87399
2917	2.136e-05	1.87813	1.87951
2918	2.137e-05	1.87951	1.87675
2919	2.138e-05	1.87675	1.87675
2920	2.139e-05	1.87399	1.87399
2921	2.14e-05	1.87261	1.87123
2922	2.141e-05	1.87813	1.87951
2923	2.142e-05	1.87675	1.87261
2924	2.143e-05	1.87399	1.87261
2925	2.144e-05	1.87813	1.87813
2926	2.145e-05	1.87813	1.87675
2927	2.146e-05	1.87951	1.87675
2928	2.147e-05	1.87675	1.88089
2929	2.148e-05	1.87675	1.87261
2930	2.149e-05	1.88089	1.87951
2931	2.15e-05	1.87813	1.87675
2932	2.151e-05	1.87675	1.86985
2933	2.152e-05	1.88089	1.88089
2934	2.153e-05	1.87675	1.87675
2935	2.154e-05	1.87675	1.87399
2936	2.155e-05	1.87813	1.87813
2937	2.156e-05	1.87261	1.86985
2938	2.157e-05	1.87951	1.87675
2939	2.158e-05	1.87675	1.87675
2940	2.159e-05	1.87951	1.87399
2941	2.16e-05	1.88089	1.87675
2942	2.161e-05	1.87675	1.87813
2943	2.162e-05	1.87675	1.87675
2944	2.163e-05	1.88089	1.87813
2945	2.164e-05	1.87951	1.87399
2946	2.165e-05	1.87813	1.87813
2947	2.166e-05	1.87261	1.87675
2948	2.167e-05	1.87399	1.87399
2949	2.168e-05	1.87675	1.87675
2950	2.169e-05	1.87951	1.87675
2951	2.17e-05	1.87813	1.87399
2952	2.171e-05	1.87675	1.87399
2953	2.172e-05	1.87951	1.87675
2954	2.173e-05	1.87261	1.87675
2955	2.174e-05	1.87399	1.87675
2956	2.175e-05	1.87813	1.87261
2957	2.176e-05	1.87675	1.87399
2958	2.177e-05	1.87951	1.87813
2959	2.178e-05	1.87399	1.87123
2960	2.179e-05	1.87951	1.87123
2961	2.18e-05	1.87951	1.87399
2962	2.181e-05	1.87399	1.87261
2963	2.182e-05	1.87675	1.87399
2964	2.183e-05	1.87951	1.87813
2965	2.184e-05	1.87813	1.87261
2966	2.185e-05	1.87951	1.87813
2967	2.186e-05	1.87399	1.87399
2968	2.187e-05	1.87813	1.87261
2969	2.188e-05	1.87399	1.87675
2970	2.189e-05	1.87813	1.87675
2971	2.19e-05	1.87261	1.87813
2972	2.191e-05	1.87399	1.87675
2973	2.192e-05	1.87813	1.87399
2974	2.193e-05	1.87813	1.87399
2975	2.194e-05	1.87675	1.87261
2976	2.195e-05	1.87675	1.87261
2977	2.196e-05	1.87951	1.87675
2978	2.197e-05	1.87813	1.87399
2979	2.198e-05	1.87951	1.87675
2980	2.199e-05	1.87951	1.87399
2981	2.2e-05	1.87951	1.87675
2982	2.201e-05	1.87813	1.87951
2983	2.202e-05	1.87813	1.87813
2984	2.203e-05	1.87813	1.87813
2985	2.204e-05	1.87675	1.87675
2986	2.205e-05	1.88227	1.87675
2987	2.206e-05	1.87951	1.87399
2988	2.207e-05	1.87951	1.87813
2989	2.208e-05	1.87951	1.87675
2990	2.209e-05	1.87951	1.87813
2991	2.21e-05	1.87813	1.87675
2992	2.211e-05	1.87675	1.87813
2993	2.212e-05	1.87399	1.87813
2994	2.213e-05	1.87675	1.87675
2995	2.214e-05	1.87813	1.87675
2996	2.215e-05	1.87675	1.87813
2997	2.216e-05	1.87675	1.87399
2998	2.217e-05	1.87675	1.87813
2999	2.218e-05	1.87813	1.87675
3000	2.219e-05	1.87813	1.87675
3001	2.22e-05	1.87399	1.87399
3002	2.221e-05	1.88089	1.87675
3003	2.222e-05	1.87675	1.87399
3004	2.223e-05	1.87813	1.87399
3005	2.224e-05	1.87813	1.87951
3006	2.225e-05	1.87675	1.87675
3007	2.226e-05	1.87813	1.87399
3008	2.227e-05	1.87813	1.87675
3009	2.228e-05	1.87675	1.87675
3010	2.229e-05	1.87951	1.87813
3011	2.23e-05	1.87813	1.87261
3012	2.231e-05	1.87813	1.87813
3013	2.232e-05	1.88089	1.87813
3014	2.233e-05	1.87675	1.87261
3015	2.234e-05	1.87675	1.87813
3016	2.235e-05	1.87399	1.87951
3017	2.236e-05	1.87399	1.87399
3018	2.237e-05	1.87813	1.87951
3019	2.238e-05	1.87399	1.87261
3020	2.239e-05	1.87813	1.87951
3021	2.24e-05	1.87675	1.87675
3022	2.241e-05	1.87813	1.87399
3023	2.242e-05	1.87951	1.87675
3024	2.243e-05	1.87813	1.87399
3025	2.244e-05	1.87675	1.87675
3026	2.245e-05	1.87951	1.87951
3027	2.246e-05	1.87813	1.87399
3028	2.247e-05	1.87951	1.87675
3029	2.248e-05	1.87261	1.87399
3030	2.249e-05	1.87123	1.87675
3031	2.25e-05	1.87813	1.87813
3032	2.251e-05	1.87675	1.87399
3033	2.252e-05	1.87399	1.87399
3034	2.253e-05	1.87951	1.87399
3035	2.254e-05	1.87675	1.87261
3036	2.255e-05	1.87675	1.87951
3037	2.256e-05	1.87813	1.87399
3038	2.257e-05	1.87675	1.87675
3039	2.258e-05	1.87675	1.87399
3040	2.259e-05	1.87399	1.87399
3041	2.26e-05	1.87675	1.87813
3042	2.261e-05	1.87261	1.87675
3043	2.262e-05	1.87951	1.87399
3044	2.263e-05	1.87813	1.87813
3045	2.264e-05	1.87399	1.87261
3046	2.265e-05	1.87951	1.87675
3047	2.266e-05	1.87813	1.87951
3048	2.267e-05	1.87399	1.87399
3049	2.268e-05	1.87813	1.87675
3050	2.269e-05	1.87813	1.87813
3051	2.27e-05	1.87813	1.87675
3052	2.271e-05	1.87951	1.87675
3053	2.272e-05	1.87261	1.87399
3054	2.273e-05	1.87675	1.87813
3055	2.274e-05	1.88089	1.87813
3056	2.275e-05	1.87675	1.87675
3057	2.276e-05	1.87813	1.87675
3058	2.277e-05	1.87675	1.87675
3059	2.278e-05	1.87951	1.87675
3060	2.279e-05	1.87951	1.87813
3061	2.28e-05	1.87399	1.87675
3062	2.281e-05	1.87399	1.87951
3063	2.282e-05	1.87675	1.87813
3064	2.283e-05	1.87675	1.87675
3065	2.284e-05	1.87813	1.87675
3066	2.285e-05	1.87951	1.87813
3067	2.286e-05	1.87813	1.87675
3068	2.287e-05	1.87951	1.87951
3069	2.288e-05	1.87399	1.87813
3070	2.289e-05	1.87399	1.87675
3071	2.29e-05	1.87399	1.87675
3072	2.291e-05	1.87123	1.87813
3073	2.292e-05	1.87675	1.87675
3074	2.293e-05	1.87813	1.87813
3075	2.294e-05	1.87399	1.87399
3076	2.295e-05	1.87813	1.87951
3077	2.296e-05	1.87675	1.87399
3078	2.297e-05	1.87951	1.87813
3079	2.298e-05	1.87951	1.87399
3080	2.299e-05	1.87951	1.87123
3081	2.3e-05	1.87675	1.87261
3082	2.301e-05	1.87675	1.87675
3083	2.302e-05	1.87399	1.87399
3084	2.303e-05	1.87813	1.87813
3085	2.304e-05	1.87813	1.87675
3086	2.305e-05	1.88089	1.87951
3087	2.306e-05	1.87675	1.88089
3088	2.307e-05	1.87951	1.87399
3089	2.308e-05	1.87675	1.87813
3090	2.309e-05	1.87951	1.87675
3091	2.31e-05	1.87675	1.87261
3092	2.311e-05	1.87813	1.87951
3093	2.312e-05	1.87813	1.87675
3094	2.313e-05	1.87813	1.87813
3095	2.314e-05	1.87675	1.87951
3096	2.315e-05	1.87399	1.87675
3097	2.316e-05	1.87813	1.87813
3098	2.317e-05	1.87675	1.87675
3099	2.318e-05	1.87675	1.87399
3100	2.319e-05	1.87399	1.87675
3101	2.32e-05	1.87675	1.87813
3102	2.321e-05	1.87951	1.87675
3103	2.322e-05	1.87813	1.87813
3104	2.323e-05	1.87399	1.87675
3105	2.324e-05	1.87399	1.87675
3106	2.325e-05	1.87813	1.87813
3107	2.326e-05	1.88227	1.87675
3108	2.327e-05	1.87261	1.87675
3109	2.328e-05	1.87123	1.87675
3110	2.329e-05	1.87951	1.87951
3111	2.33e-05	1.87675	1.87399
3112	2.331e-05	1.87951	1.87675
3113	2.332e-05	1.87261	1.87399
3114	2.333e-05	1.87675	1.87399
3115	2.334e-05	1.87813	1.87675
3116	2.335e-05	1.87813	1.87675
3117	2.336e-05	1.87813	1.87675
3118	2.337e-05	1.87813	1.87675
3119	2.338e-05	1.87813	1.87675
3120	2.339e-05	1.87951	1.87399
3121	2.34e-05	1.88089	1.87675
3122	2.341e-05	1.87951	1.87399
3123	2.342e-05	1.87813	1.87675
3124	2.343e-05	1.87813	1.87261
3125	2.344e-05	1.87675	1.87675
3126	2.345e-05	1.87813	1.87399
3127	2.346e-05	1.87813	1.87675
3128	2.347e-05	1.87813	1.87675
3129	2.348e-05	1.87675	1.87399
3130	2.349e-05	1.88227	1.88089
3131	2.35e-05	1.87951	1.87675
3132	2.351e-05	1.87675	1.87675
3133	2.352e-05	1.87261	1.87813
3134	2.353e-05	1.87261	1.87813
3135	2.354e-05	1.87399	1.87813
3136	2.355e-05	1.87813	1.87951
3137	2.356e-05	1.87675	1.87399
3138	2.357e-05	1.87813	1.87399
3139	2.358e-05	1.87951	1.87813
3140	2.359e-05	1.87813	1.87261
3141	2.36e-05	1.87675	1.87813
3142	2.361e-05	1.87813	1.88503
3143	2.362e-05	1.87675	1.86847
3144	2.363e-05	1.87951	1.88227
3145	2.364e-05	1.87813	1.87951
3146	2.365e-05	1.87399	1.86985
3147	2.366e-05	1.88089	1.88227
3148	2.367e-05	1.87951	1.87261
3149	2.368e-05	1.87951	1.87261
3150	2.369e-05	1.87951	1.88227
3151	2.37e-05	1.87399	1.87123
3152	2.371e-05	1.87951	1.88227
3153	2.372e-05	1.87399	1.87951
3154	2.373e-05	1.87399	1.87123
3155	2.374e-05	1.88227	1.88227
3156	2.375e-05	1.87813	1.87813
3157	2.376e-05	1.87675	1.87813
3158	2.377e-05	1.88641	1.88365
3159	2.378e-05	1.87399	1.86985
3160	2.379e-05	1.87951	1.87951
3161	2.38e-05	1.87675	1.87951
3162	2.381e-05	1.87261	1.87399
3163	2.382e-05	1.87813	1.88089
3164	2.383e-05	1.87399	1.87399
3165	2.384e-05	1.87675	1.87675
3166	2.385e-05	1.87675	1.88227
3167	2.386e-05	1.87399	1.87261
3168	2.387e-05	1.87951	1.87951
3169	2.388e-05	1.87399	1.87813
3170	2.389e-05	1.87813	1.87261
3171	2.39e-05	1.87951	1.87951
3172	2.391e-05	1.87813	1.87675
3173	2.392e-05	1.87813	1.87399
3174	2.393e-05	1.87951	1.87951
3175	2.394e-05	1.87813	1.87399
3176	2.395e-05	1.87951	1.87951
3177	2.396e-05	1.87951	1.87951
3178	2.397e-05	1.87951	1.87399
3179	2.398e-05	1.87951	1.87951
3180	2.399e-05	1.87399	1.87399
3181	2.4e-05	1.87675	1.87675
3182	2.401e-05	1.87813	1.87813
3183	2.402e-05	1.87675	1.87813
3184	2.403e-05	1.87813	1.88089
3185	2.404e-05	1.87813	1.87813
3186	2.405e-05	1.87951	1.87675
3187	2.406e-05	1.87951	1.88089
3188	2.407e-05	1.87261	1.87261
3189	2.408e-05	1.87813	1.87813
3190	2.409e-05	1.87813	1.87675
3191	2.41e-05	1.87813	1.87399
3192	2.411e-05	1.87813	1.87951
3193	2.412e-05	1.87399	1.87675
3194	2.413e-05	1.87951	1.87813
3195	2.414e-05	1.87813	1.87951
3196	2.415e-05	1.88089	1.87675
3197	2.416e-05	1.87675	1.87675
3198	2.417e-05	1.87951	1.87813
3199	2.418e-05	1.87813	1.87813
