;Scopy version	f4beeb1
;Exported on	Wednesday February 21/02/2024
;Device	M2K
;Nr of samples	3200
;Sample rate	1e+08
;Tool	Oscilloscope
;Additional Information	
Sample	Time(S)	CH1(V)	CH2(V)
0	-7.81e-06	1.2603	1.2603
1	-7.8e-06	1.25754	1.26306
2	-7.79e-06	1.25892	1.25892
3	-7.78e-06	1.26168	1.26168
4	-7.77e-06	1.25892	1.26306
5	-7.76e-06	1.2603	1.26306
6	-7.75e-06	1.25892	1.2603
7	-7.74e-06	1.25892	1.26306
8	-7.73e-06	1.26168	1.26168
9	-7.72e-06	1.26306	1.26444
10	-7.71e-06	1.26168	1.26168
11	-7.7e-06	1.2603	1.26168
12	-7.69e-06	1.25892	1.2603
13	-7.68e-06	1.26306	1.26168
14	-7.67e-06	1.26168	1.2603
15	-7.66e-06	1.2603	1.26306
16	-7.65e-06	1.25892	1.26306
17	-7.64e-06	1.25754	1.26306
18	-7.63e-06	1.2603	1.26444
19	-7.62e-06	1.25754	1.26168
20	-7.61e-06	1.26306	1.26168
21	-7.6e-06	1.2603	1.26168
22	-7.59e-06	1.26168	1.2603
23	-7.58e-06	1.2603	1.26306
24	-7.57e-06	1.26168	1.26168
25	-7.56e-06	1.25892	1.2603
26	-7.55e-06	1.25754	1.26168
27	-7.54e-06	1.2603	1.2603
28	-7.53e-06	1.26168	1.25892
29	-7.52e-06	1.25754	1.26444
30	-7.51e-06	1.2603	1.26168
31	-7.5e-06	1.2603	1.25892
32	-7.49e-06	1.25754	1.2603
33	-7.48e-06	1.25892	1.2603
34	-7.47e-06	1.26168	1.26168
35	-7.46e-06	1.26168	1.2603
36	-7.45e-06	1.25754	1.26306
37	-7.44e-06	1.25616	1.26306
38	-7.43e-06	1.25892	1.26444
39	-7.42e-06	1.26168	1.26306
40	-7.41e-06	1.25754	1.26168
41	-7.4e-06	1.25616	1.26306
42	-7.39e-06	1.26168	1.26306
43	-7.38e-06	1.26306	1.26168
44	-7.37e-06	1.25892	1.26168
45	-7.36e-06	1.26168	1.26168
46	-7.35e-06	1.26444	1.2603
47	-7.34e-06	1.26444	1.2603
48	-7.33e-06	1.26168	1.26168
49	-7.32e-06	1.26168	1.26306
50	-7.31e-06	1.25892	1.25892
51	-7.3e-06	1.2603	1.26168
52	-7.29e-06	1.2603	1.2603
53	-7.28e-06	1.26168	1.26168
54	-7.27e-06	1.26168	1.2603
55	-7.26e-06	1.2603	1.26168
56	-7.25e-06	1.26168	1.2603
57	-7.24e-06	1.2603	1.26306
58	-7.23e-06	1.2603	1.26168
59	-7.22e-06	1.2603	1.26306
60	-7.21e-06	1.2603	1.2603
61	-7.2e-06	1.25892	1.26306
62	-7.19e-06	1.25892	1.25892
63	-7.18e-06	1.2603	1.2603
64	-7.17e-06	1.26168	1.26168
65	-7.16e-06	1.26168	1.2603
66	-7.15e-06	1.2603	1.26306
67	-7.14e-06	1.26306	1.26168
68	-7.13e-06	1.26168	1.2603
69	-7.12e-06	1.2603	1.26168
70	-7.11e-06	1.2603	1.25892
71	-7.1e-06	1.25892	1.25892
72	-7.09e-06	1.25892	1.26168
73	-7.08e-06	1.26306	1.26168
74	-7.07e-06	1.25754	1.26168
75	-7.06e-06	1.2603	1.2603
76	-7.05e-06	1.26168	1.25892
77	-7.04e-06	1.26306	1.2603
78	-7.03e-06	1.26168	1.2603
79	-7.02e-06	1.26168	1.25754
80	-7.01e-06	1.2603	1.25892
81	-7e-06	1.26168	1.26444
82	-6.99e-06	1.26168	1.25892
83	-6.98e-06	1.26306	1.26168
84	-6.97e-06	1.26306	1.25892
85	-6.96e-06	1.25892	1.25892
86	-6.95e-06	1.26168	1.2603
87	-6.94e-06	1.26444	1.2603
88	-6.93e-06	1.26306	1.26168
89	-6.92e-06	1.25892	1.26168
90	-6.91e-06	1.26168	1.26168
91	-6.9e-06	1.25892	1.26168
92	-6.89e-06	1.2603	1.26168
93	-6.88e-06	1.26168	1.2603
94	-6.87e-06	1.2603	1.2603
95	-6.86e-06	1.26168	1.2603
96	-6.85e-06	1.2603	1.25754
97	-6.84e-06	1.26444	1.26168
98	-6.83e-06	1.26168	1.2603
99	-6.82e-06	1.26168	1.2603
100	-6.81e-06	1.25892	1.26306
101	-6.8e-06	1.2603	1.26168
102	-6.79e-06	1.2603	1.2603
103	-6.78e-06	1.26168	1.26168
104	-6.77e-06	1.26168	1.26168
105	-6.76e-06	1.26444	1.26306
106	-6.75e-06	1.2603	1.26168
107	-6.74e-06	1.2603	1.2603
108	-6.73e-06	1.26306	1.2603
109	-6.72e-06	1.2603	1.26168
110	-6.71e-06	1.2603	1.2603
111	-6.7e-06	1.2603	1.26168
112	-6.69e-06	1.26168	1.2603
113	-6.68e-06	1.26168	1.26306
114	-6.67e-06	1.26168	1.26582
115	-6.66e-06	1.25892	1.26306
116	-6.65e-06	1.2603	1.26306
117	-6.64e-06	1.26168	1.26168
118	-6.63e-06	1.26444	1.26306
119	-6.62e-06	1.2603	1.26168
120	-6.61e-06	1.25754	1.26306
121	-6.6e-06	1.2603	1.26168
122	-6.59e-06	1.2603	1.26168
123	-6.58e-06	1.2603	1.26168
124	-6.57e-06	1.25892	1.26168
125	-6.56e-06	1.2603	1.26306
126	-6.55e-06	1.26306	1.26306
127	-6.54e-06	1.25892	1.2603
128	-6.53e-06	1.2603	1.26306
129	-6.52e-06	1.2603	1.2603
130	-6.51e-06	1.2603	1.26168
131	-6.5e-06	1.2603	1.2603
132	-6.49e-06	1.2603	1.26168
133	-6.48e-06	1.26306	1.26444
134	-6.47e-06	1.26168	1.25892
135	-6.46e-06	1.26168	1.2603
136	-6.45e-06	1.2603	1.26168
137	-6.44e-06	1.2603	1.26168
138	-6.43e-06	1.2603	1.26168
139	-6.42e-06	1.2603	1.26168
140	-6.41e-06	1.26168	1.25892
141	-6.4e-06	1.26168	1.2603
142	-6.39e-06	1.26168	1.26168
143	-6.38e-06	1.2603	1.26168
144	-6.37e-06	1.26306	1.26168
145	-6.36e-06	1.26168	1.26168
146	-6.35e-06	1.25892	1.26444
147	-6.34e-06	1.25754	1.26168
148	-6.33e-06	1.26168	1.25892
149	-6.32e-06	1.2603	1.26168
150	-6.31e-06	1.26168	1.26168
151	-6.3e-06	1.26306	1.26168
152	-6.29e-06	1.2603	1.26168
153	-6.28e-06	1.2603	1.26306
154	-6.27e-06	1.26306	1.26444
155	-6.26e-06	1.2603	1.2603
156	-6.25e-06	1.25754	1.2603
157	-6.24e-06	1.25754	1.26168
158	-6.23e-06	1.2603	1.2603
159	-6.22e-06	1.26168	1.26168
160	-6.21e-06	1.25892	1.2603
161	-6.2e-06	1.26306	1.26306
162	-6.19e-06	1.25892	1.26168
163	-6.18e-06	1.25892	1.26168
164	-6.17e-06	1.25892	1.26168
165	-6.16e-06	1.2603	1.26306
166	-6.15e-06	1.2603	1.2603
167	-6.14e-06	1.25892	1.2603
168	-6.13e-06	1.26168	1.2603
169	-6.12e-06	1.26306	1.26444
170	-6.11e-06	1.25892	1.26168
171	-6.1e-06	1.25892	1.26306
172	-6.09e-06	1.25892	1.25892
173	-6.08e-06	1.25754	1.26858
174	-6.07e-06	1.25754	1.26168
175	-6.06e-06	1.2603	1.2603
176	-6.05e-06	1.26858	1.26168
177	-6.04e-06	1.2603	1.2603
178	-6.03e-06	1.2603	1.2603
179	-6.02e-06	1.26168	1.26582
180	-6.01e-06	1.25616	1.2603
181	-6e-06	1.25892	1.26306
182	-5.99e-06	1.25892	1.26306
183	-5.98e-06	1.25892	1.26168
184	-5.97e-06	1.26168	1.26168
185	-5.96e-06	1.2603	1.26168
186	-5.95e-06	1.25892	1.2603
187	-5.94e-06	1.2603	1.26444
188	-5.93e-06	1.25892	1.26168
189	-5.92e-06	1.26168	1.26306
190	-5.91e-06	1.26168	1.26306
191	-5.9e-06	1.26168	1.2603
192	-5.89e-06	1.26168	1.26168
193	-5.88e-06	1.26168	1.2603
194	-5.87e-06	1.25892	1.26444
195	-5.86e-06	1.26168	1.26444
196	-5.85e-06	1.2603	1.26306
197	-5.84e-06	1.2603	1.26306
198	-5.83e-06	1.26168	1.25892
199	-5.82e-06	1.26168	1.2603
200	-5.81e-06	1.25754	1.26168
201	-5.8e-06	1.2603	1.26168
202	-5.79e-06	1.25892	1.26306
203	-5.78e-06	1.25754	1.26168
204	-5.77e-06	1.26168	1.25892
205	-5.76e-06	1.25892	1.26306
206	-5.75e-06	1.25754	1.26306
207	-5.74e-06	1.25892	1.26168
208	-5.73e-06	1.2603	1.25892
209	-5.72e-06	1.26582	1.26306
210	-5.71e-06	1.25892	1.26168
211	-5.7e-06	1.26306	1.26168
212	-5.69e-06	1.25892	1.25892
213	-5.68e-06	1.26306	1.26444
214	-5.67e-06	1.26444	1.26306
215	-5.66e-06	1.2603	1.26306
216	-5.65e-06	1.26444	1.26444
217	-5.64e-06	1.26306	1.26168
218	-5.63e-06	1.26582	1.2603
219	-5.62e-06	1.2603	1.2603
220	-5.61e-06	1.2603	1.26168
221	-5.6e-06	1.25892	1.26582
222	-5.59e-06	1.26168	1.26168
223	-5.58e-06	1.25754	1.25892
224	-5.57e-06	1.26306	1.26306
225	-5.56e-06	1.26168	1.26168
226	-5.55e-06	1.26168	1.2603
227	-5.54e-06	1.26168	1.26168
228	-5.53e-06	1.2603	1.26168
229	-5.52e-06	1.26168	1.26582
230	-5.51e-06	1.26168	1.26306
231	-5.5e-06	1.25892	1.2603
232	-5.49e-06	1.25892	1.26306
233	-5.48e-06	1.25892	1.26306
234	-5.47e-06	1.25892	1.26168
235	-5.46e-06	1.26168	1.26306
236	-5.45e-06	1.2603	1.26168
237	-5.44e-06	1.26306	1.26444
238	-5.43e-06	1.26168	1.26168
239	-5.42e-06	1.2603	1.26168
240	-5.41e-06	1.2603	1.26306
241	-5.4e-06	1.2603	1.26444
242	-5.39e-06	1.26168	1.26306
243	-5.38e-06	1.26168	1.26444
244	-5.37e-06	1.26168	1.26168
245	-5.36e-06	1.2603	1.26306
246	-5.35e-06	1.26306	1.26306
247	-5.34e-06	1.26306	1.2603
248	-5.33e-06	1.25892	1.26306
249	-5.32e-06	1.25892	1.26306
250	-5.31e-06	1.25616	1.26168
251	-5.3e-06	1.26168	1.26444
252	-5.29e-06	1.2603	1.26444
253	-5.28e-06	1.25892	1.26306
254	-5.27e-06	1.25892	1.2603
255	-5.26e-06	1.25754	1.26168
256	-5.25e-06	1.2603	1.2603
257	-5.24e-06	1.26306	1.26306
258	-5.23e-06	1.25754	1.26168
259	-5.22e-06	1.25616	1.26168
260	-5.21e-06	1.2603	1.26168
261	-5.2e-06	1.26306	1.26306
262	-5.19e-06	1.25892	1.2603
263	-5.18e-06	1.2603	1.26168
264	-5.17e-06	1.25754	1.26168
265	-5.16e-06	1.25616	1.26306
266	-5.15e-06	1.25892	1.26444
267	-5.14e-06	1.2603	1.26168
268	-5.13e-06	1.2603	1.26444
269	-5.12e-06	1.25754	1.26168
270	-5.11e-06	1.2603	1.26168
271	-5.1e-06	1.26444	1.26306
272	-5.09e-06	1.26168	1.26444
273	-5.08e-06	1.2603	1.26306
274	-5.07e-06	1.26306	1.26168
275	-5.06e-06	1.2603	1.26168
276	-5.05e-06	1.26306	1.2603
277	-5.04e-06	1.26168	1.2603
278	-5.03e-06	1.2603	1.26168
279	-5.02e-06	1.2603	1.26168
280	-5.01e-06	1.26168	1.25892
281	-5e-06	1.26168	1.2603
282	-4.99e-06	1.26168	1.2603
283	-4.98e-06	1.26444	1.25892
284	-4.97e-06	1.25892	1.2603
285	-4.96e-06	1.25892	1.25892
286	-4.95e-06	1.26168	1.26168
287	-4.94e-06	1.25892	1.26306
288	-4.93e-06	1.26168	1.26168
289	-4.92e-06	1.25754	1.26168
290	-4.91e-06	1.25892	1.26168
291	-4.9e-06	1.2603	1.26168
292	-4.89e-06	1.26444	1.25892
293	-4.88e-06	1.26444	1.26168
294	-4.87e-06	1.26168	1.2603
295	-4.86e-06	1.26444	1.2603
296	-4.85e-06	1.26168	1.2603
297	-4.84e-06	1.2603	1.2603
298	-4.83e-06	1.26168	1.26306
299	-4.82e-06	1.2603	1.2603
300	-4.81e-06	1.26168	1.2603
301	-4.8e-06	1.25892	1.25892
302	-4.79e-06	1.25616	1.2603
303	-4.78e-06	1.25754	1.2603
304	-4.77e-06	1.26168	1.25892
305	-4.76e-06	1.2603	1.26582
306	-4.75e-06	1.26582	1.26444
307	-4.74e-06	1.26168	1.26306
308	-4.73e-06	1.26168	1.26168
309	-4.72e-06	1.25892	1.26168
310	-4.71e-06	1.25892	1.2603
311	-4.7e-06	1.2603	1.26168
312	-4.69e-06	1.2603	1.2603
313	-4.68e-06	1.26168	1.26444
314	-4.67e-06	1.2603	1.26306
315	-4.66e-06	1.26168	1.2603
316	-4.65e-06	1.2603	1.26168
317	-4.64e-06	1.25892	1.26306
318	-4.63e-06	1.25892	1.2603
319	-4.62e-06	1.2603	1.26168
320	-4.61e-06	1.25754	1.2603
321	-4.6e-06	1.2603	1.26168
322	-4.59e-06	1.25754	1.25754
323	-4.58e-06	1.26168	1.2603
324	-4.57e-06	1.26444	1.2603
325	-4.56e-06	1.26168	1.26168
326	-4.55e-06	1.2603	1.26306
327	-4.54e-06	1.26168	1.2603
328	-4.53e-06	1.25892	1.26168
329	-4.52e-06	1.25892	1.26444
330	-4.51e-06	1.25892	1.26168
331	-4.5e-06	1.2603	1.2603
332	-4.49e-06	1.25754	1.2603
333	-4.48e-06	1.25754	1.26168
334	-4.47e-06	1.25754	1.26306
335	-4.46e-06	1.26168	1.26168
336	-4.45e-06	1.25754	1.2603
337	-4.44e-06	1.25754	1.26306
338	-4.43e-06	1.26168	1.26168
339	-4.42e-06	1.25892	1.26444
340	-4.41e-06	1.25754	1.26306
341	-4.4e-06	1.2603	1.26168
342	-4.39e-06	1.2603	1.26306
343	-4.38e-06	1.2603	1.2603
344	-4.37e-06	1.26168	1.2603
345	-4.36e-06	1.25754	1.26306
346	-4.35e-06	1.25478	1.26168
347	-4.34e-06	1.25892	1.26168
348	-4.33e-06	1.26168	1.25892
349	-4.32e-06	1.2603	1.26306
350	-4.31e-06	1.2603	1.26306
351	-4.3e-06	1.2603	1.26168
352	-4.29e-06	1.26306	1.2603
353	-4.28e-06	1.2603	1.26444
354	-4.27e-06	1.2603	1.26444
355	-4.26e-06	1.2603	1.26168
356	-4.25e-06	1.25616	1.26168
357	-4.24e-06	1.26168	1.26306
358	-4.23e-06	1.26168	1.26168
359	-4.22e-06	1.2603	1.2603
360	-4.21e-06	1.26306	1.26168
361	-4.2e-06	1.25754	1.2603
362	-4.19e-06	1.25754	1.26306
363	-4.18e-06	1.26168	1.26168
364	-4.17e-06	1.25754	1.2603
365	-4.16e-06	1.25616	1.26858
366	-4.15e-06	1.25892	1.26306
367	-4.14e-06	1.26168	1.25892
368	-4.13e-06	1.25892	1.26444
369	-4.12e-06	1.25754	1.26168
370	-4.11e-06	1.25478	1.25892
371	-4.1e-06	1.26168	1.2603
372	-4.09e-06	1.2603	1.25754
373	-4.08e-06	1.26168	1.2603
374	-4.07e-06	1.2603	1.26582
375	-4.06e-06	1.25478	1.25892
376	-4.05e-06	1.25754	1.25892
377	-4.04e-06	1.25892	1.26306
378	-4.03e-06	1.25478	1.25478
379	-4.02e-06	1.25892	1.26306
380	-4.01e-06	1.25754	1.26582
381	-4e-06	1.2534	1.26168
382	-3.99e-06	1.26306	1.26444
383	-3.98e-06	1.25892	1.26306
384	-3.97e-06	1.26168	1.25892
385	-3.96e-06	1.25892	1.26306
386	-3.95e-06	1.26168	1.25892
387	-3.94e-06	1.26168	1.2603
388	-3.93e-06	1.25754	1.26306
389	-3.92e-06	1.25892	1.26168
390	-3.91e-06	1.2603	1.2603
391	-3.9e-06	1.26168	1.26168
392	-3.89e-06	1.25754	1.2603
393	-3.88e-06	1.2603	1.26306
394	-3.87e-06	1.25892	1.26306
395	-3.86e-06	1.2603	1.2603
396	-3.85e-06	1.25616	1.26168
397	-3.84e-06	1.25892	1.26444
398	-3.83e-06	1.25754	1.2603
399	-3.82e-06	1.25892	1.26306
400	-3.81e-06	1.2603	1.26168
401	-3.8e-06	1.25892	1.26306
402	-3.79e-06	1.25754	1.26306
403	-3.78e-06	1.25754	1.26168
404	-3.77e-06	1.25754	1.26306
405	-3.76e-06	1.2603	1.26168
406	-3.75e-06	1.25754	1.26168
407	-3.74e-06	1.2603	1.2603
408	-3.73e-06	1.26168	1.26168
409	-3.72e-06	1.25892	1.2603
410	-3.71e-06	1.25754	1.2603
411	-3.7e-06	1.25754	1.2603
412	-3.69e-06	1.25892	1.26168
413	-3.68e-06	1.25892	1.26168
414	-3.67e-06	1.25892	1.26168
415	-3.66e-06	1.25754	1.2603
416	-3.65e-06	1.25754	1.2603
417	-3.64e-06	1.26168	1.26582
418	-3.63e-06	1.2603	1.26306
419	-3.62e-06	1.25892	1.26306
420	-3.61e-06	1.26168	1.26306
421	-3.6e-06	1.26168	1.26168
422	-3.59e-06	1.25892	1.26168
423	-3.58e-06	1.25892	1.26306
424	-3.57e-06	1.25616	1.26168
425	-3.56e-06	1.2603	1.2603
426	-3.55e-06	1.25754	1.26168
427	-3.54e-06	1.25616	1.2603
428	-3.53e-06	1.25892	1.26306
429	-3.52e-06	1.25754	1.25892
430	-3.51e-06	1.25892	1.2603
431	-3.5e-06	1.2603	1.2603
432	-3.49e-06	1.25892	1.2603
433	-3.48e-06	1.2603	1.26444
434	-3.47e-06	1.25892	1.2603
435	-3.46e-06	1.26168	1.26168
436	-3.45e-06	1.2603	1.26168
437	-3.44e-06	1.26444	1.26168
438	-3.43e-06	1.26306	1.2603
439	-3.42e-06	1.2603	1.2603
440	-3.41e-06	1.2603	1.2603
441	-3.4e-06	1.2603	1.26168
442	-3.39e-06	1.25892	1.2603
443	-3.38e-06	1.2603	1.25892
444	-3.37e-06	1.2603	1.25892
445	-3.36e-06	1.25892	1.26168
446	-3.35e-06	1.25754	1.26168
447	-3.34e-06	1.2603	1.26168
448	-3.33e-06	1.2603	1.25892
449	-3.32e-06	1.25754	1.26444
450	-3.31e-06	1.2603	1.25892
451	-3.3e-06	1.26168	1.2603
452	-3.29e-06	1.25892	1.2603
453	-3.28e-06	1.26306	1.26306
454	-3.27e-06	1.26306	1.25892
455	-3.26e-06	1.26168	1.2603
456	-3.25e-06	1.26306	1.26168
457	-3.24e-06	1.26444	1.26168
458	-3.23e-06	1.25892	1.26444
459	-3.22e-06	1.25892	1.26444
460	-3.21e-06	1.2603	1.2603
461	-3.2e-06	1.2603	1.26168
462	-3.19e-06	1.26168	1.2603
463	-3.18e-06	1.25892	1.2603
464	-3.17e-06	1.2603	1.26444
465	-3.16e-06	1.26306	1.26306
466	-3.15e-06	1.25754	1.2603
467	-3.14e-06	1.26306	1.2603
468	-3.13e-06	1.25754	1.26168
469	-3.12e-06	1.25892	1.26168
470	-3.11e-06	1.2603	1.2603
471	-3.1e-06	1.26168	1.2603
472	-3.09e-06	1.25616	1.2603
473	-3.08e-06	1.25892	1.26306
474	-3.07e-06	1.2603	1.26168
475	-3.06e-06	1.2603	1.26444
476	-3.05e-06	1.25892	1.2603
477	-3.04e-06	1.25478	1.26168
478	-3.03e-06	1.2603	1.26444
479	-3.02e-06	1.26168	1.25754
480	-3.01e-06	1.25754	1.2603
481	-3e-06	1.2603	1.26306
482	-2.99e-06	1.25754	1.26168
483	-2.98e-06	1.25616	1.26306
484	-2.97e-06	1.25892	1.2603
485	-2.96e-06	1.25754	1.26306
486	-2.95e-06	1.2603	1.26444
487	-2.94e-06	1.26168	1.26306
488	-2.93e-06	1.26306	1.26168
489	-2.92e-06	1.2603	1.26444
490	-2.91e-06	1.25754	1.26306
491	-2.9e-06	1.2603	1.2603
492	-2.89e-06	1.26168	1.2603
493	-2.88e-06	1.2603	1.26306
494	-2.87e-06	1.25892	1.26168
495	-2.86e-06	1.2603	1.2603
496	-2.85e-06	1.25892	1.2603
497	-2.84e-06	1.25754	1.26306
498	-2.83e-06	1.26306	1.2603
499	-2.82e-06	1.2603	1.26168
500	-2.81e-06	1.25892	1.26306
501	-2.8e-06	1.2603	1.26306
502	-2.79e-06	1.25754	1.2603
503	-2.78e-06	1.2603	1.26306
504	-2.77e-06	1.2603	1.26168
505	-2.76e-06	1.26444	1.26168
506	-2.75e-06	1.25892	1.26168
507	-2.74e-06	1.25754	1.26168
508	-2.73e-06	1.25892	1.26444
509	-2.72e-06	1.25754	1.26306
510	-2.71e-06	1.2603	1.26168
511	-2.7e-06	1.2603	1.26306
512	-2.69e-06	1.2603	1.26168
513	-2.68e-06	1.2603	1.2603
514	-2.67e-06	1.25616	1.26306
515	-2.66e-06	1.25892	1.2603
516	-2.65e-06	1.2603	1.26168
517	-2.64e-06	1.25754	1.26306
518	-2.63e-06	1.25754	1.26306
519	-2.62e-06	1.25616	1.26168
520	-2.61e-06	1.25892	1.26168
521	-2.6e-06	1.2603	1.26168
522	-2.59e-06	1.25892	1.26168
523	-2.58e-06	1.26168	1.26306
524	-2.57e-06	1.25892	1.2603
525	-2.56e-06	1.25892	1.2603
526	-2.55e-06	1.26168	1.25892
527	-2.54e-06	1.2603	1.2603
528	-2.53e-06	1.26168	1.26168
529	-2.52e-06	1.25892	1.26168
530	-2.51e-06	1.25892	1.26168
531	-2.5e-06	1.26168	1.26168
532	-2.49e-06	1.26168	1.2603
533	-2.48e-06	1.26168	1.26444
534	-2.47e-06	1.25892	1.26582
535	-2.46e-06	1.2603	1.25892
536	-2.45e-06	1.2603	1.26582
537	-2.44e-06	1.26168	1.26306
538	-2.43e-06	1.25892	1.25754
539	-2.42e-06	1.26444	1.26858
540	-2.41e-06	1.2603	1.25754
541	-2.4e-06	1.2603	1.26306
542	-2.39e-06	1.26168	1.26444
543	-2.38e-06	1.26168	1.25616
544	-2.37e-06	1.2603	1.26168
545	-2.36e-06	1.26168	1.26444
546	-2.35e-06	1.2603	1.2603
547	-2.34e-06	1.26306	1.26444
548	-2.33e-06	1.25754	1.25892
549	-2.32e-06	1.2603	1.26306
550	-2.31e-06	1.26168	1.26168
551	-2.3e-06	1.2603	1.25616
552	-2.29e-06	1.26306	1.26168
553	-2.28e-06	1.26306	1.26306
554	-2.27e-06	1.25892	1.25892
555	-2.26e-06	1.25892	1.2603
556	-2.25e-06	1.25616	1.2603
557	-2.24e-06	1.25754	1.2603
558	-2.23e-06	1.26168	1.26444
559	-2.22e-06	1.25754	1.25754
560	-2.21e-06	1.25754	1.25892
561	-2.2e-06	1.2603	1.26858
562	-2.19e-06	1.2603	1.26306
563	-2.18e-06	1.26168	1.2603
564	-2.17e-06	1.26168	1.26444
565	-2.16e-06	1.2603	1.26168
566	-2.15e-06	1.2603	1.26168
567	-2.14e-06	1.26168	1.26306
568	-2.13e-06	1.26168	1.2603
569	-2.12e-06	1.2603	1.26444
570	-2.11e-06	1.26444	1.26306
571	-2.1e-06	1.25616	1.25892
572	-2.09e-06	1.26168	1.26444
573	-2.08e-06	1.26168	1.26444
574	-2.07e-06	1.26306	1.26168
575	-2.06e-06	1.26444	1.26858
576	-2.05e-06	1.2603	1.25892
577	-2.04e-06	1.26168	1.26306
578	-2.03e-06	1.26168	1.26582
579	-2.02e-06	1.26168	1.25892
580	-2.01e-06	1.26168	1.26306
581	-2e-06	1.25892	1.26168
582	-1.99e-06	1.26168	1.26168
583	-1.98e-06	1.26168	1.26444
584	-1.97e-06	1.2603	1.26306
585	-1.96e-06	1.25892	1.26306
586	-1.95e-06	1.25892	1.26168
587	-1.94e-06	1.25754	1.2603
588	-1.93e-06	1.26168	1.2603
589	-1.92e-06	1.26168	1.2603
590	-1.91e-06	1.26168	1.26168
591	-1.9e-06	1.26444	1.26168
592	-1.89e-06	1.2603	1.2603
593	-1.88e-06	1.25892	1.26168
594	-1.87e-06	1.25754	1.26168
595	-1.86e-06	1.2603	1.26306
596	-1.85e-06	1.26168	1.2603
597	-1.84e-06	1.26168	1.26444
598	-1.83e-06	1.25892	1.26168
599	-1.82e-06	1.26168	1.26168
600	-1.81e-06	1.2603	1.25892
601	-1.8e-06	1.26168	1.26168
602	-1.79e-06	1.2603	1.26168
603	-1.78e-06	1.26306	1.2603
604	-1.77e-06	1.2603	1.26168
605	-1.76e-06	1.2603	1.26306
606	-1.75e-06	1.25892	1.26168
607	-1.74e-06	1.2603	1.2603
608	-1.73e-06	1.26168	1.25892
609	-1.72e-06	1.26168	1.26306
610	-1.71e-06	1.26444	1.26306
611	-1.7e-06	1.26444	1.2603
612	-1.69e-06	1.2603	1.2603
613	-1.68e-06	1.2603	1.26306
614	-1.67e-06	1.2603	1.2603
615	-1.66e-06	1.2603	1.26582
616	-1.65e-06	1.2603	1.2603
617	-1.64e-06	1.25892	1.26306
618	-1.63e-06	1.26306	1.26306
619	-1.62e-06	1.26168	1.25892
620	-1.61e-06	1.26168	1.26168
621	-1.6e-06	1.25754	1.26306
622	-1.59e-06	1.26168	1.25892
623	-1.58e-06	1.26306	1.2603
624	-1.57e-06	1.25892	1.26168
625	-1.56e-06	1.2603	1.26168
626	-1.55e-06	1.26168	1.26168
627	-1.54e-06	1.26168	1.25892
628	-1.53e-06	1.2603	1.2603
629	-1.52e-06	1.2603	1.26444
630	-1.51e-06	1.25754	1.2603
631	-1.5e-06	1.26306	1.26306
632	-1.49e-06	1.25892	1.26168
633	-1.48e-06	1.25754	1.26168
634	-1.47e-06	1.26306	1.26444
635	-1.46e-06	1.2603	1.2603
636	-1.45e-06	1.25892	1.26168
637	-1.44e-06	1.25754	1.26444
638	-1.43e-06	1.25754	1.2603
639	-1.42e-06	1.25892	1.26168
640	-1.41e-06	1.2603	1.2603
641	-1.4e-06	1.25616	1.26168
642	-1.39e-06	1.25892	1.26168
643	-1.38e-06	1.2603	1.2603
644	-1.37e-06	1.26444	1.26168
645	-1.36e-06	1.25892	1.26306
646	-1.35e-06	1.25616	1.2603
647	-1.34e-06	1.26306	1.26306
648	-1.33e-06	1.26168	1.2603
649	-1.32e-06	1.25754	1.26306
650	-1.31e-06	1.2603	1.26306
651	-1.3e-06	1.2603	1.25892
652	-1.29e-06	1.2603	1.26168
653	-1.28e-06	1.25892	1.26168
654	-1.27e-06	1.25754	1.25892
655	-1.26e-06	1.26168	1.26306
656	-1.25e-06	1.25892	1.26168
657	-1.24e-06	1.25478	1.26306
658	-1.23e-06	1.25892	1.26582
659	-1.22e-06	1.26168	1.2603
660	-1.21e-06	1.26168	1.2603
661	-1.2e-06	1.26444	1.26306
662	-1.19e-06	1.25892	1.26306
663	-1.18e-06	1.26306	1.26444
664	-1.17e-06	1.26306	1.26168
665	-1.16e-06	1.2603	1.26306
666	-1.15e-06	1.25892	1.26168
667	-1.14e-06	1.25754	1.26168
668	-1.13e-06	1.26168	1.25892
669	-1.12e-06	1.2603	1.26444
670	-1.11e-06	1.26168	1.26168
671	-1.1e-06	1.2603	1.2603
672	-1.09e-06	1.26444	1.26858
673	-1.08e-06	1.26168	1.25892
674	-1.07e-06	1.26306	1.26444
675	-1.06e-06	1.26306	1.26168
676	-1.05e-06	1.25892	1.25754
677	-1.04e-06	1.26444	1.26582
678	-1.03e-06	1.25616	1.26168
679	-1.02e-06	1.2603	1.26168
680	-1.01e-06	1.2603	1.26582
681	-1e-06	1.26168	1.26444
682	-9.9e-07	1.2603	1.2603
683	-9.8e-07	1.25892	1.2603
684	-9.7e-07	1.26306	1.26306
685	-9.6e-07	1.26306	1.25892
686	-9.5e-07	1.26306	1.26168
687	-9.4e-07	1.25892	1.26168
688	-9.3e-07	1.26444	1.26168
689	-9.2e-07	1.26306	1.26168
690	-9.1e-07	1.2603	1.26306
691	-9e-07	1.26306	1.2603
692	-8.9e-07	1.25892	1.2603
693	-8.8e-07	1.26444	1.26168
694	-8.7e-07	1.26168	1.25892
695	-8.6e-07	1.2603	1.26168
696	-8.5e-07	1.25754	1.25892
697	-8.4e-07	1.25892	1.2603
698	-8.3e-07	1.25892	1.26168
699	-8.2e-07	1.26444	1.2603
700	-8.1e-07	1.26306	1.2603
701	-8e-07	1.25754	1.26444
702	-7.9e-07	1.26168	1.26168
703	-7.8e-07	1.2603	1.26306
704	-7.7e-07	1.25892	1.26168
705	-7.6e-07	1.2603	1.26168
706	-7.5e-07	1.2603	1.2603
707	-7.4e-07	1.25892	1.26306
708	-7.3e-07	1.26168	1.26168
709	-7.2e-07	1.25892	1.26306
710	-7.1e-07	1.25892	1.25892
711	-7e-07	1.2603	1.26168
712	-6.9e-07	1.2603	1.26168
713	-6.8e-07	1.25754	1.26306
714	-6.7e-07	1.25892	1.26168
715	-6.6e-07	1.25616	1.25892
716	-6.5e-07	1.25754	1.2603
717	-6.4e-07	1.25616	1.2603
718	-6.3e-07	1.26168	1.26168
719	-6.2e-07	1.2603	1.26168
720	-6.1e-07	1.2603	1.26306
721	-6e-07	1.25892	1.2603
722	-5.9e-07	1.25616	1.26306
723	-5.8e-07	1.26168	1.2603
724	-5.7e-07	1.26168	1.26444
725	-5.6e-07	1.2603	1.26444
726	-5.5e-07	1.25754	1.26168
727	-5.4e-07	1.2603	1.26582
728	-5.3e-07	1.2603	1.2603
729	-5.2e-07	1.26168	1.26444
730	-5.1e-07	1.2603	1.26168
731	-5e-07	1.2603	1.26168
732	-4.9e-07	1.2603	1.26168
733	-4.8e-07	1.25892	1.26306
734	-4.7e-07	1.26168	1.26306
735	-4.6e-07	1.26168	1.26306
736	-4.5e-07	1.2603	1.2603
737	-4.4e-07	1.25892	1.26306
738	-4.3e-07	1.26306	1.2603
739	-4.2e-07	1.2603	1.25892
740	-4.1e-07	1.2603	1.2603
741	-4e-07	1.25892	1.26306
742	-3.9e-07	1.25892	1.26444
743	-3.8e-07	1.25754	1.26306
744	-3.7e-07	1.25754	1.26168
745	-3.6e-07	1.26168	1.2603
746	-3.5e-07	1.26306	1.26306
747	-3.4e-07	1.25754	1.26168
748	-3.3e-07	1.25754	1.25892
749	-3.2e-07	1.25892	1.26168
750	-3.1e-07	1.25754	1.26168
751	-3e-07	1.2603	1.26582
752	-2.9e-07	1.25892	1.27134
753	-2.8e-07	1.2603	1.26996
754	-2.7e-07	1.26582	1.26858
755	-2.6e-07	1.25892	1.25892
756	-2.5e-07	1.2603	1.25754
757	-2.4e-07	1.2603	1.25892
758	-2.3e-07	1.25754	1.25754
759	-2.2e-07	1.25616	1.2603
760	-2.1e-07	1.25616	1.2603
761	-2e-07	1.25892	1.26168
762	-1.9e-07	1.25616	1.26582
763	-1.8e-07	1.2603	1.26582
764	-1.7e-07	1.25754	1.26582
765	-1.6e-07	1.25754	1.26858
766	-1.5e-07	1.25892	1.26306
767	-1.4e-07	1.2603	1.26168
768	-1.3e-07	1.26168	1.26306
769	-1.2e-07	1.2603	1.26306
770	-1.1e-07	1.26444	1.26444
771	-1e-07	1.26168	1.26168
772	-9e-08	1.25754	1.25754
773	-8e-08	1.25892	1.25478
774	-7e-08	1.26996	1.2534
775	-6e-08	1.24926	1.25754
776	-5e-08	1.26168	1.26996
777	-4e-08	1.26996	1.26582
778	-3e-08	1.22994	1.26996
779	-2e-08	1.30446	1.27686
780	-1e-08	1.23546	1.24236
781	0	1.22304	1.28514
782	1e-08	1.98896	1.3086
783	2e-08	2.65552	1.2051
784	3e-08	2.50233	1.26582
785	4e-08	2.42091	1.33758
786	5e-08	2.51613	1.23546
787	6e-08	2.48991	1.29342
788	7e-08	2.49129	1.3362
789	8e-08	2.48577	1.24512
790	9e-08	2.49405	1.32516
791	1e-07	2.49129	1.31688
792	1.1e-07	2.47473	1.27134
793	1.2e-07	2.50509	1.35276
794	1.3e-07	2.48301	1.29894
795	1.4e-07	2.48715	1.2948
796	1.5e-07	2.50509	1.34862
797	1.6e-07	2.48301	1.28652
798	1.7e-07	2.49267	1.31688
799	1.8e-07	2.49681	1.3362
800	1.9e-07	2.47749	1.29342
801	2e-07	2.49957	1.33758
802	2.1e-07	2.49267	1.32378
803	2.2e-07	2.48991	1.30446
804	2.3e-07	2.50233	1.34034
805	2.4e-07	2.48991	1.31688
806	2.5e-07	2.49543	1.31826
807	2.6e-07	2.50509	1.33482
808	2.7e-07	2.48853	1.30998
809	2.8e-07	2.49957	1.3293
810	2.9e-07	2.50233	1.33068
811	3e-07	2.49267	1.3155
812	3.1e-07	2.49819	1.33206
813	3.2e-07	2.49405	1.3224
814	3.3e-07	2.49405	1.32516
815	3.4e-07	2.50647	1.33758
816	3.5e-07	2.49681	1.32792
817	3.6e-07	2.49957	1.33482
818	3.7e-07	2.50371	1.33758
819	3.8e-07	2.50233	1.32378
820	3.9e-07	2.50371	1.3362
821	4e-07	2.50233	1.3362
822	4.1e-07	2.50233	1.33068
823	4.2e-07	2.49957	1.33896
824	4.3e-07	2.49819	1.33344
825	4.4e-07	2.49957	1.3362
826	4.5e-07	2.50647	1.34034
827	4.6e-07	2.49957	1.3362
828	4.7e-07	2.49957	1.33758
829	4.8e-07	2.49819	1.34172
830	4.9e-07	2.49543	1.33758
831	5e-07	2.50371	1.3431
832	5.1e-07	2.50509	1.3431
833	5.2e-07	2.49819	1.34172
834	5.3e-07	2.50371	1.34586
835	5.4e-07	2.50233	1.33896
836	5.5e-07	2.50233	1.3431
837	5.6e-07	2.50371	1.35138
838	5.7e-07	2.49819	1.34862
839	5.8e-07	2.50509	1.35
840	5.9e-07	2.50509	1.34862
841	6e-07	2.50509	1.35
842	6.1e-07	2.50647	1.35138
843	6.2e-07	2.50371	1.34862
844	6.3e-07	2.49957	1.35
845	6.4e-07	2.50233	1.35414
846	6.5e-07	2.50371	1.35276
847	6.6e-07	2.50371	1.35552
848	6.7e-07	2.50371	1.3569
849	6.8e-07	2.50233	1.35552
850	6.9e-07	2.50371	1.3569
851	7e-07	2.50233	1.35966
852	7.1e-07	2.50233	1.35828
853	7.2e-07	2.50647	1.35966
854	7.3e-07	2.49957	1.35828
855	7.4e-07	2.50233	1.35966
856	7.5e-07	2.49957	1.35966
857	7.6e-07	2.50371	1.36104
858	7.7e-07	2.49819	1.36242
859	7.8e-07	2.49819	1.3638
860	7.9e-07	2.49819	1.36104
861	8e-07	2.50233	1.36518
862	8.1e-07	2.49819	1.36104
863	8.2e-07	2.49957	1.3638
864	8.3e-07	2.50233	1.36794
865	8.4e-07	2.49957	1.36794
866	8.5e-07	2.50233	1.3707
867	8.6e-07	2.50371	1.36794
868	8.7e-07	2.49957	1.3707
869	8.8e-07	2.50509	1.37346
870	8.9e-07	2.50371	1.3707
871	9e-07	2.50233	1.37484
872	9.1e-07	2.50233	1.37622
873	9.2e-07	2.50509	1.37484
874	9.3e-07	2.50233	1.37622
875	9.4e-07	2.50509	1.37484
876	9.5e-07	2.49957	1.37484
877	9.6e-07	2.49957	1.38036
878	9.7e-07	2.49681	1.3776
879	9.8e-07	2.50233	1.37622
880	9.9e-07	2.49957	1.3776
881	1e-06	2.49957	1.38036
882	1.01e-06	2.50233	1.37898
883	1.02e-06	2.49543	1.38174
884	1.03e-06	2.49819	1.38036
885	1.04e-06	2.50371	1.3845
886	1.05e-06	2.50647	1.38726
887	1.06e-06	2.50371	1.3845
888	1.07e-06	2.50509	1.3845
889	1.08e-06	2.50509	1.38864
890	1.09e-06	2.50509	1.38726
891	1.1e-06	2.50509	1.38726
892	1.11e-06	2.50371	1.38864
893	1.12e-06	2.50371	1.3914
894	1.13e-06	2.49819	1.3914
895	1.14e-06	2.50233	1.38864
896	1.15e-06	2.49681	1.39278
897	1.16e-06	2.49819	1.39416
898	1.17e-06	2.50233	1.39554
899	1.18e-06	2.49957	1.39554
900	1.19e-06	2.49957	1.39554
901	1.2e-06	2.50233	1.3983
902	1.21e-06	2.50509	1.39554
903	1.22e-06	2.50371	1.3983
904	1.23e-06	2.49957	1.3983
905	1.24e-06	2.49819	1.40106
906	1.25e-06	2.49819	1.39968
907	1.26e-06	2.49957	1.39968
908	1.27e-06	2.50233	1.39968
909	1.28e-06	2.50233	1.40244
910	1.29e-06	2.49681	1.40106
911	1.3e-06	2.50233	1.40244
912	1.31e-06	2.49543	1.40244
913	1.32e-06	2.50233	1.40244
914	1.33e-06	2.49681	1.40244
915	1.34e-06	2.49819	1.4052
916	1.35e-06	2.49543	1.40796
917	1.36e-06	2.49681	1.41072
918	1.37e-06	2.49819	1.40934
919	1.38e-06	2.50371	1.40934
920	1.39e-06	2.49957	1.4121
921	1.4e-06	2.50233	1.41348
922	1.41e-06	2.50647	1.41072
923	1.42e-06	2.49819	1.41348
924	1.43e-06	2.49957	1.41348
925	1.44e-06	2.49957	1.4121
926	1.45e-06	2.50233	1.41348
927	1.46e-06	2.50233	1.4121
928	1.47e-06	2.50233	1.41486
929	1.48e-06	2.49957	1.419
930	1.49e-06	2.49957	1.41624
931	1.5e-06	2.50371	1.41624
932	1.51e-06	2.50509	1.41762
933	1.52e-06	2.49957	1.42176
934	1.53e-06	2.49957	1.42038
935	1.54e-06	2.50233	1.42176
936	1.55e-06	2.50233	1.42452
937	1.56e-06	2.50509	1.42728
938	1.57e-06	2.49957	1.42176
939	1.58e-06	2.50371	1.42452
940	1.59e-06	2.49819	1.42314
941	1.6e-06	2.50371	1.42452
942	1.61e-06	2.50233	1.42452
943	1.62e-06	2.50233	1.42452
944	1.63e-06	2.50233	1.42728
945	1.64e-06	2.50371	1.43142
946	1.65e-06	2.50371	1.42866
947	1.66e-06	2.50371	1.43142
948	1.67e-06	2.49819	1.4328
949	1.68e-06	2.50233	1.43418
950	1.69e-06	2.50647	1.4328
951	1.7e-06	2.50233	1.4328
952	1.71e-06	2.50371	1.43418
953	1.72e-06	2.49681	1.43418
954	1.73e-06	2.50233	1.43418
955	1.74e-06	2.49957	1.43832
956	1.75e-06	2.50233	1.43694
957	1.76e-06	2.50509	1.43694
958	1.77e-06	2.50509	1.43832
959	1.78e-06	2.49957	1.43556
960	1.79e-06	2.50233	1.44384
961	1.8e-06	2.50509	1.43694
962	1.81e-06	2.50785	1.44384
963	1.82e-06	2.50647	1.44798
964	1.83e-06	2.49957	1.4397
965	1.84e-06	2.50371	1.44384
966	1.85e-06	2.50233	1.44798
967	1.86e-06	2.49957	1.44384
968	1.87e-06	2.50509	1.4466
969	1.88e-06	2.49957	1.44936
970	1.89e-06	2.49819	1.44384
971	1.9e-06	2.49957	1.44798
972	1.91e-06	2.50371	1.45212
973	1.92e-06	2.49957	1.45212
974	1.93e-06	2.50371	1.4535
975	1.94e-06	2.49957	1.45074
976	1.95e-06	2.50233	1.45626
977	1.96e-06	2.50233	1.4535
978	1.97e-06	2.50233	1.4535
979	1.98e-06	2.50233	1.45626
980	1.99e-06	2.49819	1.45626
981	2e-06	2.50509	1.4604
982	2.01e-06	2.50371	1.45764
983	2.02e-06	2.50785	1.45626
984	2.03e-06	2.50233	1.45902
985	2.04e-06	2.50509	1.4604
986	2.05e-06	2.49957	1.4604
987	2.06e-06	2.49819	1.4604
988	2.07e-06	2.50371	1.4604
989	2.08e-06	2.50371	1.46178
990	2.09e-06	2.50509	1.46454
991	2.1e-06	2.49957	1.46454
992	2.11e-06	2.49957	1.46454
993	2.12e-06	2.50233	1.46868
994	2.13e-06	2.50371	1.46178
995	2.14e-06	2.50509	1.4673
996	2.15e-06	2.50371	1.4673
997	2.16e-06	2.50509	1.47144
998	2.17e-06	2.50785	1.47006
999	2.18e-06	2.50647	1.46868
1000	2.19e-06	2.50371	1.47144
1001	2.2e-06	2.50233	1.47558
1002	2.21e-06	2.50233	1.47282
1003	2.22e-06	2.50509	1.47282
1004	2.23e-06	2.50233	1.4742
1005	2.24e-06	2.50509	1.47834
1006	2.25e-06	2.50371	1.4742
1007	2.26e-06	2.50923	1.47696
1008	2.27e-06	2.50647	1.47696
1009	2.28e-06	2.49957	1.47834
1010	2.29e-06	2.50509	1.47696
1011	2.3e-06	2.50785	1.47696
1012	2.31e-06	2.49957	1.47972
1013	2.32e-06	2.49957	1.48386
1014	2.33e-06	2.49819	1.47834
1015	2.34e-06	2.50233	1.48248
1016	2.35e-06	2.50371	1.48386
1017	2.36e-06	2.50509	1.48663
1018	2.37e-06	2.50509	1.48663
1019	2.38e-06	2.49957	1.48386
1020	2.39e-06	2.49957	1.48663
1021	2.4e-06	2.50371	1.49215
1022	2.41e-06	2.49957	1.48663
1023	2.42e-06	2.50509	1.49077
1024	2.43e-06	2.49957	1.48801
1025	2.44e-06	2.50371	1.48801
1026	2.45e-06	2.50509	1.49077
1027	2.46e-06	2.50371	1.48801
1028	2.47e-06	2.50371	1.49353
1029	2.48e-06	2.50233	1.49353
1030	2.49e-06	2.50509	1.49077
1031	2.5e-06	2.50371	1.49353
1032	2.51e-06	2.50371	1.49215
1033	2.52e-06	2.50371	1.49491
1034	2.53e-06	2.50371	1.49353
1035	2.54e-06	2.50509	1.49629
1036	2.55e-06	2.49957	1.49905
1037	2.56e-06	2.50509	1.50181
1038	2.57e-06	2.50509	1.49767
1039	2.58e-06	2.50371	1.50043
1040	2.59e-06	2.49957	1.50181
1041	2.6e-06	2.50233	1.50043
1042	2.61e-06	2.50233	1.50043
1043	2.62e-06	2.50371	1.50181
1044	2.63e-06	2.50371	1.50595
1045	2.64e-06	2.50509	1.50871
1046	2.65e-06	2.50371	1.50595
1047	2.66e-06	2.50647	1.50871
1048	2.67e-06	2.50647	1.50871
1049	2.68e-06	2.50233	1.50871
1050	2.69e-06	2.50509	1.51009
1051	2.7e-06	2.49957	1.51009
1052	2.71e-06	2.50371	1.51009
1053	2.72e-06	2.50233	1.51009
1054	2.73e-06	2.50509	1.51147
1055	2.74e-06	2.50371	1.51285
1056	2.75e-06	2.50371	1.51423
1057	2.76e-06	2.49957	1.51423
1058	2.77e-06	2.49957	1.51423
1059	2.78e-06	2.50371	1.51423
1060	2.79e-06	2.49957	1.51837
1061	2.8e-06	2.49957	1.51837
1062	2.81e-06	2.49957	1.51699
1063	2.82e-06	2.50233	1.51975
1064	2.83e-06	2.49957	1.51699
1065	2.84e-06	2.50233	1.51975
1066	2.85e-06	2.49819	1.52113
1067	2.86e-06	2.49957	1.52113
1068	2.87e-06	2.49819	1.52113
1069	2.88e-06	2.49957	1.52389
1070	2.89e-06	2.49957	1.52251
1071	2.9e-06	2.50233	1.52251
1072	2.91e-06	2.50233	1.52665
1073	2.92e-06	2.50233	1.52803
1074	2.93e-06	2.50371	1.52803
1075	2.94e-06	2.50509	1.52803
1076	2.95e-06	2.50233	1.52803
1077	2.96e-06	2.50233	1.53217
1078	2.97e-06	2.49819	1.53079
1079	2.98e-06	2.50233	1.53217
1080	2.99e-06	2.50233	1.53217
1081	3e-06	2.50233	1.53217
1082	3.01e-06	2.49819	1.53217
1083	3.02e-06	2.49957	1.53355
1084	3.03e-06	2.49819	1.53217
1085	3.04e-06	2.49681	1.53631
1086	3.05e-06	2.49957	1.53631
1087	3.06e-06	2.50233	1.53631
1088	3.07e-06	2.49957	1.53907
1089	3.08e-06	2.49957	1.53631
1090	3.09e-06	2.50233	1.53493
1091	3.1e-06	2.50233	1.53769
1092	3.11e-06	2.49543	1.53769
1093	3.12e-06	2.50233	1.54183
1094	3.13e-06	2.49957	1.53907
1095	3.14e-06	2.50371	1.53769
1096	3.15e-06	2.49819	1.53769
1097	3.16e-06	2.49957	1.54321
1098	3.17e-06	2.49957	1.54321
1099	3.18e-06	2.50233	1.54597
1100	3.19e-06	2.50371	1.54873
1101	3.2e-06	2.50371	1.54873
1102	3.21e-06	2.50371	1.54735
1103	3.22e-06	2.50233	1.54735
1104	3.23e-06	2.49819	1.54873
1105	3.24e-06	2.50509	1.55149
1106	3.25e-06	2.49543	1.55011
1107	3.26e-06	2.50233	1.55563
1108	3.27e-06	2.49819	1.55149
1109	3.28e-06	2.50233	1.55149
1110	3.29e-06	2.50233	1.55287
1111	3.3e-06	2.49957	1.55425
1112	3.31e-06	2.49957	1.55563
1113	3.32e-06	2.49819	1.55701
1114	3.33e-06	2.50233	1.55287
1115	3.34e-06	2.49819	1.55839
1116	3.35e-06	2.49819	1.55839
1117	3.36e-06	2.49957	1.55839
1118	3.37e-06	2.50509	1.55977
1119	3.38e-06	2.49957	1.55839
1120	3.39e-06	2.49681	1.56115
1121	3.4e-06	2.50371	1.56529
1122	3.41e-06	2.50233	1.55839
1123	3.42e-06	2.50371	1.56115
1124	3.43e-06	2.50509	1.56253
1125	3.44e-06	2.49819	1.56253
1126	3.45e-06	2.49957	1.56529
1127	3.46e-06	2.49957	1.56529
1128	3.47e-06	2.49819	1.56667
1129	3.48e-06	2.50371	1.57081
1130	3.49e-06	2.49957	1.56667
1131	3.5e-06	2.50509	1.56667
1132	3.51e-06	2.49957	1.56805
1133	3.52e-06	2.50233	1.56943
1134	3.53e-06	2.50371	1.56943
1135	3.54e-06	2.50647	1.57081
1136	3.55e-06	2.49819	1.57219
1137	3.56e-06	2.49957	1.57633
1138	3.57e-06	2.50371	1.57219
1139	3.58e-06	2.50509	1.57357
1140	3.59e-06	2.50371	1.57633
1141	3.6e-06	2.50233	1.57633
1142	3.61e-06	2.49957	1.57771
1143	3.62e-06	2.50371	1.58185
1144	3.63e-06	2.50233	1.57909
1145	3.64e-06	2.50233	1.58047
1146	3.65e-06	2.50233	1.57909
1147	3.66e-06	2.49957	1.57633
1148	3.67e-06	2.50509	1.58599
1149	3.68e-06	2.49957	1.58047
1150	3.69e-06	2.49543	1.58185
1151	3.7e-06	2.50509	1.58875
1152	3.71e-06	2.50233	1.58185
1153	3.72e-06	2.49957	1.58737
1154	3.73e-06	2.49957	1.58875
1155	3.74e-06	2.49957	1.58599
1156	3.75e-06	2.50371	1.59151
1157	3.76e-06	2.49819	1.58875
1158	3.77e-06	2.49819	1.58737
1159	3.78e-06	2.50509	1.59151
1160	3.79e-06	2.49957	1.59013
1161	3.8e-06	2.49819	1.59289
1162	3.81e-06	2.49957	1.59427
1163	3.82e-06	2.50233	1.59151
1164	3.83e-06	2.49957	1.59565
1165	3.84e-06	2.50233	1.59565
1166	3.85e-06	2.50233	1.59427
1167	3.86e-06	2.50371	1.59703
1168	3.87e-06	2.49957	1.59703
1169	3.88e-06	2.50233	1.59703
1170	3.89e-06	2.50233	1.60255
1171	3.9e-06	2.49957	1.59565
1172	3.91e-06	2.50233	1.59979
1173	3.92e-06	2.49957	1.59841
1174	3.93e-06	2.50233	1.59841
1175	3.94e-06	2.50647	1.60531
1176	3.95e-06	2.50509	1.60255
1177	3.96e-06	2.49819	1.60531
1178	3.97e-06	2.49819	1.60531
1179	3.98e-06	2.50371	1.59979
1180	3.99e-06	2.49957	1.60669
1181	4e-06	2.50647	1.61083
1182	4.01e-06	2.49819	1.60531
1183	4.02e-06	2.50371	1.60945
1184	4.03e-06	2.49681	1.60669
1185	4.04e-06	2.49819	1.61359
1186	4.05e-06	2.50509	1.61359
1187	4.06e-06	2.50233	1.60945
1188	4.07e-06	2.50233	1.61497
1189	4.08e-06	2.50233	1.61497
1190	4.09e-06	2.50371	1.61083
1191	4.1e-06	2.50371	1.61497
1192	4.11e-06	2.49819	1.61359
1193	4.12e-06	2.49957	1.61635
1194	4.13e-06	2.49819	1.61497
1195	4.14e-06	2.49819	1.61497
1196	4.15e-06	2.50371	1.61773
1197	4.16e-06	2.50233	1.61911
1198	4.17e-06	2.50371	1.61773
1199	4.18e-06	2.50647	1.62049
1200	4.19e-06	2.50233	1.62049
1201	4.2e-06	2.50371	1.62601
1202	4.21e-06	2.50233	1.62601
1203	4.22e-06	2.49405	1.62601
1204	4.23e-06	2.49957	1.62463
1205	4.24e-06	2.50371	1.62601
1206	4.25e-06	2.50233	1.62601
1207	4.26e-06	2.49681	1.62877
1208	4.27e-06	2.49957	1.62601
1209	4.28e-06	2.50233	1.62877
1210	4.29e-06	2.50233	1.63015
1211	4.3e-06	2.49957	1.62739
1212	4.31e-06	2.49819	1.63291
1213	4.32e-06	2.50233	1.63567
1214	4.33e-06	2.50233	1.63291
1215	4.34e-06	2.50509	1.63429
1216	4.35e-06	2.49957	1.63153
1217	4.36e-06	2.50371	1.63291
1218	4.37e-06	2.49957	1.63705
1219	4.38e-06	2.49819	1.63429
1220	4.39e-06	2.49681	1.63705
1221	4.4e-06	2.49819	1.63843
1222	4.41e-06	2.49957	1.63705
1223	4.42e-06	2.50233	1.63705
1224	4.43e-06	2.49957	1.63843
1225	4.44e-06	2.49819	1.64533
1226	4.45e-06	2.50233	1.64119
1227	4.46e-06	2.50509	1.63843
1228	4.47e-06	2.50233	1.64257
1229	4.48e-06	2.50233	1.64533
1230	4.49e-06	2.49819	1.64257
1231	4.5e-06	2.49957	1.64533
1232	4.51e-06	2.49957	1.64671
1233	4.52e-06	2.50371	1.64671
1234	4.53e-06	2.50233	1.64533
1235	4.54e-06	2.50233	1.64671
1236	4.55e-06	2.50371	1.64947
1237	4.56e-06	2.50647	1.64947
1238	4.57e-06	2.50371	1.64671
1239	4.58e-06	2.50371	1.65085
1240	4.59e-06	2.50233	1.64947
1241	4.6e-06	2.50509	1.65223
1242	4.61e-06	2.50647	1.65361
1243	4.62e-06	2.50371	1.65361
1244	4.63e-06	2.50233	1.65775
1245	4.64e-06	2.50233	1.65637
1246	4.65e-06	2.50509	1.65499
1247	4.66e-06	2.50233	1.65637
1248	4.67e-06	2.50233	1.65637
1249	4.68e-06	2.49957	1.65775
1250	4.69e-06	2.49681	1.65637
1251	4.7e-06	2.49957	1.65913
1252	4.71e-06	2.50233	1.65913
1253	4.72e-06	2.49957	1.66189
1254	4.73e-06	2.50509	1.66189
1255	4.74e-06	2.50647	1.66189
1256	4.75e-06	2.50233	1.66603
1257	4.76e-06	2.50233	1.66603
1258	4.77e-06	2.50371	1.66603
1259	4.78e-06	2.49957	1.66603
1260	4.79e-06	2.49819	1.66741
1261	4.8e-06	2.50371	1.67017
1262	4.81e-06	2.50233	1.66465
1263	4.82e-06	2.49819	1.66879
1264	4.83e-06	2.49819	1.66741
1265	4.84e-06	2.50233	1.67017
1266	4.85e-06	2.50233	1.66879
1267	4.86e-06	2.50509	1.67017
1268	4.87e-06	2.50371	1.67017
1269	4.88e-06	2.50233	1.67293
1270	4.89e-06	2.50371	1.67431
1271	4.9e-06	2.49957	1.67293
1272	4.91e-06	2.50233	1.67569
1273	4.92e-06	2.50233	1.67707
1274	4.93e-06	2.49681	1.67569
1275	4.94e-06	2.50233	1.67983
1276	4.95e-06	2.49819	1.67707
1277	4.96e-06	2.50233	1.67983
1278	4.97e-06	2.50371	1.68121
1279	4.98e-06	2.50233	1.67983
1280	4.99e-06	2.50233	1.68121
1281	5e-06	2.50509	1.68397
1282	5.01e-06	2.49957	1.67845
1283	5.02e-06	2.50509	1.68397
1284	5.03e-06	2.50509	1.68121
1285	5.04e-06	2.50509	1.68535
1286	5.05e-06	2.50233	1.68673
1287	5.06e-06	2.49957	1.68535
1288	5.07e-06	2.50371	1.69225
1289	5.08e-06	2.50233	1.69087
1290	5.09e-06	2.49957	1.68811
1291	5.1e-06	2.50233	1.69087
1292	5.11e-06	2.50233	1.68949
1293	5.12e-06	2.50233	1.69363
1294	5.13e-06	2.49957	1.69363
1295	5.14e-06	2.49957	1.69363
1296	5.15e-06	2.49681	1.69501
1297	5.16e-06	2.49957	1.69501
1298	5.17e-06	2.50371	1.69501
1299	5.18e-06	2.49957	1.69501
1300	5.19e-06	2.50233	1.69915
1301	5.2e-06	2.50233	1.70053
1302	5.21e-06	2.50371	1.70053
1303	5.22e-06	2.50647	1.69915
1304	5.23e-06	2.50233	1.69915
1305	5.24e-06	2.50233	1.70467
1306	5.25e-06	2.50371	1.69915
1307	5.26e-06	2.50371	1.70467
1308	5.27e-06	2.49957	1.70191
1309	5.28e-06	2.49543	1.70191
1310	5.29e-06	2.49957	1.70605
1311	5.3e-06	2.50371	1.70467
1312	5.31e-06	2.50371	1.70881
1313	5.32e-06	2.49681	1.70605
1314	5.33e-06	2.49957	1.70605
1315	5.34e-06	2.49957	1.70743
1316	5.35e-06	2.50371	1.70881
1317	5.36e-06	2.49819	1.71295
1318	5.37e-06	2.49681	1.71019
1319	5.38e-06	2.50371	1.71019
1320	5.39e-06	2.49957	1.71295
1321	5.4e-06	2.50233	1.71571
1322	5.41e-06	2.49681	1.71157
1323	5.42e-06	2.50371	1.71571
1324	5.43e-06	2.50371	1.71571
1325	5.44e-06	2.50371	1.71571
1326	5.45e-06	2.49819	1.71709
1327	5.46e-06	2.50233	1.71571
1328	5.47e-06	2.50233	1.71709
1329	5.48e-06	2.49957	1.71985
1330	5.49e-06	2.50371	1.71985
1331	5.5e-06	2.50233	1.71709
1332	5.51e-06	2.50371	1.72123
1333	5.52e-06	2.50233	1.72123
1334	5.53e-06	2.49819	1.71709
1335	5.54e-06	2.50233	1.72399
1336	5.55e-06	2.49957	1.72123
1337	5.56e-06	2.49819	1.72399
1338	5.57e-06	2.49819	1.72813
1339	5.58e-06	2.49819	1.72399
1340	5.59e-06	2.49681	1.72537
1341	5.6e-06	2.49957	1.73089
1342	5.61e-06	2.50371	1.72537
1343	5.62e-06	2.50371	1.72951
1344	5.63e-06	2.50509	1.72675
1345	5.64e-06	2.50233	1.73227
1346	5.65e-06	2.50233	1.72951
1347	5.66e-06	2.50233	1.72951
1348	5.67e-06	2.49819	1.73365
1349	5.68e-06	2.50233	1.73365
1350	5.69e-06	2.50509	1.73503
1351	5.7e-06	2.50509	1.73365
1352	5.71e-06	2.49819	1.73227
1353	5.72e-06	2.50371	1.73779
1354	5.73e-06	2.49957	1.73641
1355	5.74e-06	2.49819	1.73779
1356	5.75e-06	2.49819	1.74055
1357	5.76e-06	2.49819	1.74055
1358	5.77e-06	2.49819	1.74055
1359	5.78e-06	2.50233	1.74055
1360	5.79e-06	2.50233	1.74055
1361	5.8e-06	2.50371	1.74331
1362	5.81e-06	2.50233	1.74055
1363	5.82e-06	2.50233	1.74331
1364	5.83e-06	2.49957	1.74469
1365	5.84e-06	2.49957	1.74607
1366	5.85e-06	2.50509	1.74331
1367	5.86e-06	2.50233	1.74607
1368	5.87e-06	2.49819	1.74607
1369	5.88e-06	2.50233	1.75021
1370	5.89e-06	2.50371	1.75021
1371	5.9e-06	2.50509	1.75021
1372	5.91e-06	2.50233	1.74883
1373	5.92e-06	2.50509	1.75159
1374	5.93e-06	2.49957	1.75159
1375	5.94e-06	2.49957	1.75297
1376	5.95e-06	2.50509	1.75297
1377	5.96e-06	2.49819	1.75573
1378	5.97e-06	2.50509	1.75711
1379	5.98e-06	2.50371	1.75297
1380	5.99e-06	2.50647	1.75711
1381	6e-06	2.50509	1.75711
1382	6.01e-06	2.49819	1.75849
1383	6.02e-06	2.50233	1.75987
1384	6.03e-06	2.50233	1.75849
1385	6.04e-06	2.50647	1.75987
1386	6.05e-06	2.50371	1.75987
1387	6.06e-06	2.50647	1.75849
1388	6.07e-06	2.50233	1.76125
1389	6.08e-06	2.50371	1.76401
1390	6.09e-06	2.50371	1.75987
1391	6.1e-06	2.50233	1.76677
1392	6.11e-06	2.50371	1.76677
1393	6.12e-06	2.50509	1.76677
1394	6.13e-06	2.50509	1.76677
1395	6.14e-06	2.50371	1.76953
1396	6.15e-06	2.50371	1.76539
1397	6.16e-06	2.49819	1.76953
1398	6.17e-06	2.50233	1.77091
1399	6.18e-06	2.50233	1.77091
1400	6.19e-06	2.49681	1.77229
1401	6.2e-06	2.50233	1.77229
1402	6.21e-06	2.49957	1.76953
1403	6.22e-06	2.50233	1.77367
1404	6.23e-06	2.49681	1.77229
1405	6.24e-06	2.50233	1.77367
1406	6.25e-06	2.49819	1.77505
1407	6.26e-06	2.49957	1.77643
1408	6.27e-06	2.49681	1.77781
1409	6.28e-06	2.49957	1.77919
1410	6.29e-06	2.50233	1.77643
1411	6.3e-06	2.50233	1.77781
1412	6.31e-06	2.49681	1.77781
1413	6.32e-06	2.49819	1.78333
1414	6.33e-06	2.50647	1.77919
1415	6.34e-06	2.49957	1.77919
1416	6.35e-06	2.50233	1.78057
1417	6.36e-06	2.50233	1.78057
1418	6.37e-06	2.49819	1.78471
1419	6.38e-06	2.50371	1.78747
1420	6.39e-06	2.49819	1.78471
1421	6.4e-06	2.50371	1.78885
1422	6.41e-06	2.50233	1.78609
1423	6.42e-06	2.49957	1.78747
1424	6.43e-06	2.49681	1.78885
1425	6.44e-06	2.50233	1.78885
1426	6.45e-06	2.49957	1.78609
1427	6.46e-06	2.50233	1.79299
1428	6.47e-06	2.49957	1.79023
1429	6.48e-06	2.50233	1.79299
1430	6.49e-06	2.50371	1.79437
1431	6.5e-06	2.50233	1.79299
1432	6.51e-06	2.50233	1.79299
1433	6.52e-06	2.50233	1.79713
1434	6.53e-06	2.50233	1.79575
1435	6.54e-06	2.49957	1.79575
1436	6.55e-06	2.49957	1.79437
1437	6.56e-06	2.50371	1.79851
1438	6.57e-06	2.50371	1.79713
1439	6.58e-06	2.49957	1.79851
1440	6.59e-06	2.50233	1.79851
1441	6.6e-06	2.50233	1.79851
1442	6.61e-06	2.49819	1.80265
1443	6.62e-06	2.49819	1.79989
1444	6.63e-06	2.50371	1.80265
1445	6.64e-06	2.49819	1.80403
1446	6.65e-06	2.49957	1.80679
1447	6.66e-06	2.49957	1.80541
1448	6.67e-06	2.50233	1.80679
1449	6.68e-06	2.50647	1.80679
1450	6.69e-06	2.50233	1.80817
1451	6.7e-06	2.50371	1.81093
1452	6.71e-06	2.50233	1.80955
1453	6.72e-06	2.50233	1.81093
1454	6.73e-06	2.49957	1.81093
1455	6.74e-06	2.50233	1.81231
1456	6.75e-06	2.49957	1.81369
1457	6.76e-06	2.49957	1.81369
1458	6.77e-06	2.50233	1.81507
1459	6.78e-06	2.50371	1.81369
1460	6.79e-06	2.49957	1.81645
1461	6.8e-06	2.49819	1.81921
1462	6.81e-06	2.49957	1.81783
1463	6.82e-06	2.49819	1.81645
1464	6.83e-06	2.49957	1.81921
1465	6.84e-06	2.50371	1.82059
1466	6.85e-06	2.50371	1.81921
1467	6.86e-06	2.50371	1.82335
1468	6.87e-06	2.50233	1.82059
1469	6.88e-06	2.49957	1.82611
1470	6.89e-06	2.50233	1.82611
1471	6.9e-06	2.49957	1.82473
1472	6.91e-06	2.49957	1.82611
1473	6.92e-06	2.49543	1.82749
1474	6.93e-06	2.49957	1.82888
1475	6.94e-06	2.49957	1.82749
1476	6.95e-06	2.49819	1.82611
1477	6.96e-06	2.50371	1.83164
1478	6.97e-06	2.50371	1.82888
1479	6.98e-06	2.50233	1.82749
1480	6.99e-06	2.49819	1.83302
1481	7e-06	2.50371	1.83164
1482	7.01e-06	2.50371	1.83026
1483	7.02e-06	2.49957	1.83164
1484	7.03e-06	2.49819	1.83164
1485	7.04e-06	2.49681	1.8344
1486	7.05e-06	2.50233	1.83716
1487	7.06e-06	2.50509	1.83164
1488	7.07e-06	2.49957	1.83716
1489	7.08e-06	2.49819	1.83992
1490	7.09e-06	2.49681	1.83716
1491	7.1e-06	2.49819	1.83854
1492	7.11e-06	2.50371	1.83854
1493	7.12e-06	2.50233	1.84406
1494	7.13e-06	2.49957	1.84406
1495	7.14e-06	2.50371	1.84268
1496	7.15e-06	2.50371	1.84406
1497	7.16e-06	2.50233	1.84682
1498	7.17e-06	2.49819	1.83992
1499	7.18e-06	2.49681	1.84406
1500	7.19e-06	2.49405	1.84682
1501	7.2e-06	2.49819	1.84682
1502	7.21e-06	2.49957	1.8482
1503	7.22e-06	2.49957	1.84682
1504	7.23e-06	2.49819	1.84958
1505	7.24e-06	2.49681	1.84958
1506	7.25e-06	2.49129	1.8482
1507	7.26e-06	2.49957	1.85234
1508	7.27e-06	2.49957	1.85372
1509	7.28e-06	2.49957	1.85372
1510	7.29e-06	2.49957	1.8551
1511	7.3e-06	2.49957	1.85372
1512	7.31e-06	2.49957	1.85372
1513	7.32e-06	2.49957	1.85786
1514	7.33e-06	2.50233	1.85234
1515	7.34e-06	2.50233	1.85648
1516	7.35e-06	2.50233	1.85786
1517	7.36e-06	2.50233	1.85924
1518	7.37e-06	2.49957	1.85786
1519	7.38e-06	2.50371	1.85786
1520	7.39e-06	2.50233	1.85648
1521	7.4e-06	2.50233	1.85924
1522	7.41e-06	2.50233	1.862
1523	7.42e-06	2.49957	1.85924
1524	7.43e-06	2.49957	1.86614
1525	7.44e-06	2.49681	1.86476
1526	7.45e-06	2.49957	1.86476
1527	7.46e-06	2.49819	1.86614
1528	7.47e-06	2.49957	1.86476
1529	7.48e-06	2.49819	1.86752
1530	7.49e-06	2.50371	1.86752
1531	7.5e-06	2.49819	1.86752
1532	7.51e-06	2.50371	1.87166
1533	7.52e-06	2.50233	1.8689
1534	7.53e-06	2.50233	1.87028
1535	7.54e-06	2.50233	1.87442
1536	7.55e-06	2.49819	1.87028
1537	7.56e-06	2.49957	1.87442
1538	7.57e-06	2.49819	1.87304
1539	7.58e-06	2.50233	1.87718
1540	7.59e-06	2.49681	1.87166
1541	7.6e-06	2.49819	1.87442
1542	7.61e-06	2.49957	1.87442
1543	7.62e-06	2.49681	1.87718
1544	7.63e-06	2.49681	1.87718
1545	7.64e-06	2.49819	1.87856
1546	7.65e-06	2.49957	1.87856
1547	7.66e-06	2.49957	1.87994
1548	7.67e-06	2.49957	1.8827
1549	7.68e-06	2.50233	1.88408
1550	7.69e-06	2.50233	1.88408
1551	7.7e-06	2.49957	1.87994
1552	7.71e-06	2.50371	1.88408
1553	7.72e-06	2.49957	1.8896
1554	7.73e-06	2.49681	1.88408
1555	7.74e-06	2.49819	1.88546
1556	7.75e-06	2.49681	1.88546
1557	7.76e-06	2.49957	1.89098
1558	7.77e-06	2.49957	1.88684
1559	7.78e-06	2.49681	1.87994
1560	7.79e-06	2.50647	1.8965
1561	7.8e-06	2.49957	1.88684
1562	7.81e-06	2.49819	1.8896
1563	7.82e-06	2.50371	1.89512
1564	7.83e-06	2.49267	1.88546
1565	7.84e-06	2.50371	1.8965
1566	7.85e-06	2.49819	1.89512
1567	7.86e-06	2.49819	1.8896
1568	7.87e-06	2.50371	1.89926
1569	7.88e-06	2.49957	1.89512
1570	7.89e-06	2.49819	1.89512
1571	7.9e-06	2.50371	1.90202
1572	7.91e-06	2.49819	1.89512
1573	7.92e-06	2.50509	1.90202
1574	7.93e-06	2.50371	1.90202
1575	7.94e-06	2.49819	1.8965
1576	7.95e-06	2.49681	1.90478
1577	7.96e-06	2.49681	1.9034
1578	7.97e-06	2.49681	1.89926
1579	7.98e-06	2.49957	1.90478
1580	7.99e-06	2.49681	1.90202
1581	8e-06	2.49957	1.90616
1582	8.01e-06	2.50233	1.90754
1583	8.02e-06	2.49957	1.90478
1584	8.03e-06	2.49957	1.90754
1585	8.04e-06	2.49819	1.91168
1586	8.05e-06	2.50371	1.90754
1587	8.06e-06	2.50233	1.91168
1588	8.07e-06	2.49681	1.9103
1589	8.08e-06	2.49957	1.9103
1590	8.09e-06	2.49957	1.91168
1591	8.1e-06	2.49819	1.91168
1592	8.11e-06	2.50233	1.91444
1593	8.12e-06	2.49819	1.91444
1594	8.13e-06	2.49957	1.91444
1595	8.14e-06	2.49957	1.91306
1596	8.15e-06	2.50233	1.91444
1597	8.16e-06	2.49819	1.91582
1598	8.17e-06	2.49681	1.9172
1599	8.18e-06	2.50371	1.92272
1600	8.19e-06	2.49819	1.92134
1601	8.2e-06	2.49957	1.92272
1602	8.21e-06	2.50509	1.92134
1603	8.22e-06	2.49957	1.92134
1604	8.23e-06	2.49957	1.9241
1605	8.24e-06	2.49819	1.92272
1606	8.25e-06	2.49681	1.92272
1607	8.26e-06	2.49957	1.9241
1608	8.27e-06	2.50233	1.9241
1609	8.28e-06	2.50233	1.92824
1610	8.29e-06	2.49957	1.92824
1611	8.3e-06	2.49405	1.92686
1612	8.31e-06	2.49819	1.92962
1613	8.32e-06	2.50233	1.92962
1614	8.33e-06	2.49681	1.92824
1615	8.34e-06	2.49957	1.931
1616	8.35e-06	2.49681	1.931
1617	8.36e-06	2.49957	1.93238
1618	8.37e-06	2.49957	1.93376
1619	8.38e-06	2.49819	1.93238
1620	8.39e-06	2.49957	1.93238
1621	8.4e-06	2.49819	1.9379
1622	8.41e-06	2.50233	1.93652
1623	8.42e-06	2.50233	1.93514
1624	8.43e-06	2.49819	1.93514
1625	8.44e-06	2.49957	1.9379
1626	8.45e-06	2.49957	1.9379
1627	8.46e-06	2.49957	1.93928
1628	8.47e-06	2.50371	1.9448
1629	8.48e-06	2.50371	1.93928
1630	8.49e-06	2.50647	1.94342
1631	8.5e-06	2.50647	1.94204
1632	8.51e-06	2.50371	1.94204
1633	8.52e-06	2.50233	1.9448
1634	8.53e-06	2.49957	1.94342
1635	8.54e-06	2.49681	1.9448
1636	8.55e-06	2.49819	1.94894
1637	8.56e-06	2.50233	1.94618
1638	8.57e-06	2.50371	1.94756
1639	8.58e-06	2.49957	1.94894
1640	8.59e-06	2.49957	1.94756
1641	8.6e-06	2.49819	1.95032
1642	8.61e-06	2.49681	1.95032
1643	8.62e-06	2.49819	1.95032
1644	8.63e-06	2.50233	1.95308
1645	8.64e-06	2.49819	1.9517
1646	8.65e-06	2.50509	1.9517
1647	8.66e-06	2.49681	1.95308
1648	8.67e-06	2.49957	1.95446
1649	8.68e-06	2.50233	1.95584
1650	8.69e-06	2.49819	1.95584
1651	8.7e-06	2.49957	1.95722
1652	8.71e-06	2.49819	1.95584
1653	8.72e-06	2.49819	1.96136
1654	8.73e-06	2.49681	1.9586
1655	8.74e-06	2.50233	1.96412
1656	8.75e-06	2.50233	1.96274
1657	8.76e-06	2.49957	1.96136
1658	8.77e-06	2.49957	1.96412
1659	8.78e-06	2.49957	1.95722
1660	8.79e-06	2.49957	1.96412
1661	8.8e-06	2.49819	1.96274
1662	8.81e-06	2.50233	1.96274
1663	8.82e-06	2.50371	1.96826
1664	8.83e-06	2.49957	1.9655
1665	8.84e-06	2.50509	1.96826
1666	8.85e-06	2.49957	1.96688
1667	8.86e-06	2.49819	1.97102
1668	8.87e-06	2.50647	1.96826
1669	8.88e-06	2.50371	1.96964
1670	8.89e-06	2.50233	1.97378
1671	8.9e-06	2.50371	1.97102
1672	8.91e-06	2.49957	1.9724
1673	8.92e-06	2.50509	1.9724
1674	8.93e-06	2.50233	1.97102
1675	8.94e-06	2.50371	1.97378
1676	8.95e-06	2.49957	1.97378
1677	8.96e-06	2.49819	1.97654
1678	8.97e-06	2.50371	1.97654
1679	8.98e-06	2.50371	1.97516
1680	8.99e-06	2.50233	1.97792
1681	9e-06	2.50233	1.97792
1682	9.01e-06	2.50233	1.97654
1683	9.02e-06	2.50371	1.98206
1684	9.03e-06	2.50233	1.98206
1685	9.04e-06	2.50233	1.97792
1686	9.05e-06	2.50647	1.98206
1687	9.06e-06	2.49957	1.98344
1688	9.07e-06	2.50233	1.98206
1689	9.08e-06	2.50233	1.98896
1690	9.09e-06	2.50371	1.9862
1691	9.1e-06	2.49819	1.9862
1692	9.11e-06	2.50647	1.98896
1693	9.12e-06	2.50233	1.98758
1694	9.13e-06	2.50371	1.99034
1695	9.14e-06	2.50371	1.98896
1696	9.15e-06	2.50233	1.98758
1697	9.16e-06	2.49957	1.9931
1698	9.17e-06	2.49957	1.99172
1699	9.18e-06	2.50233	1.99448
1700	9.19e-06	2.50233	1.99724
1701	9.2e-06	2.50509	1.99448
1702	9.21e-06	2.49681	1.9931
1703	9.22e-06	2.50371	1.99586
1704	9.23e-06	2.49819	1.99586
1705	9.24e-06	2.49819	2
1706	9.25e-06	2.49957	2
1707	9.26e-06	2.49957	1.99724
1708	9.27e-06	2.49957	2
1709	9.28e-06	2.50233	2.00276
1710	9.29e-06	2.50509	2
1711	9.3e-06	2.50233	2.00414
1712	9.31e-06	2.49681	2.00138
1713	9.32e-06	2.49957	2.00276
1714	9.33e-06	2.50233	2.00552
1715	9.34e-06	2.50371	2.00552
1716	9.35e-06	2.50371	2.00828
1717	9.36e-06	2.50509	2.0069
1718	9.37e-06	2.49957	2.0069
1719	9.38e-06	2.49957	2.00828
1720	9.39e-06	2.49819	2.00966
1721	9.4e-06	2.49681	2.01242
1722	9.41e-06	2.49957	2.01104
1723	9.42e-06	2.49819	2.01242
1724	9.43e-06	2.49819	2.01242
1725	9.44e-06	2.49681	2.01104
1726	9.45e-06	2.50233	2.0138
1727	9.46e-06	2.49681	2.01242
1728	9.47e-06	2.50371	2.01518
1729	9.48e-06	2.50233	2.0138
1730	9.49e-06	2.49681	2.01518
1731	9.5e-06	2.49957	2.01518
1732	9.51e-06	2.49819	2.01656
1733	9.52e-06	2.49957	2.01794
1734	9.53e-06	2.49957	2.01656
1735	9.54e-06	2.49681	2.01656
1736	9.55e-06	2.49957	2.02484
1737	9.56e-06	2.49681	2.0207
1738	9.57e-06	2.50233	2.02484
1739	9.58e-06	2.50371	2.02484
1740	9.59e-06	2.49819	2.0207
1741	9.6e-06	2.49819	2.02622
1742	9.61e-06	2.49957	2.02622
1743	9.62e-06	2.49819	2.02346
1744	9.63e-06	2.50233	2.02898
1745	9.64e-06	2.49957	2.02898
1746	9.65e-06	2.50233	2.0276
1747	9.66e-06	2.50233	2.02898
1748	9.67e-06	2.49681	2.02898
1749	9.68e-06	2.49957	2.03036
1750	9.69e-06	2.49957	2.03174
1751	9.7e-06	2.49957	2.02484
1752	9.71e-06	2.49957	2.0345
1753	9.72e-06	2.49819	2.03588
1754	9.73e-06	2.49819	2.03174
1755	9.74e-06	2.50371	2.0345
1756	9.75e-06	2.49819	2.03312
1757	9.76e-06	2.49957	2.03588
1758	9.77e-06	2.50233	2.03588
1759	9.78e-06	2.50233	2.03174
1760	9.79e-06	2.49681	2.03588
1761	9.8e-06	2.49819	2.04002
1762	9.81e-06	2.49957	2.03726
1763	9.82e-06	2.49819	2.04416
1764	9.83e-06	2.49957	2.0414
1765	9.84e-06	2.50509	2.04278
1766	9.85e-06	2.50509	2.04416
1767	9.86e-06	2.49957	2.04278
1768	9.87e-06	2.49819	2.04692
1769	9.88e-06	2.50233	2.04554
1770	9.89e-06	2.50371	2.04416
1771	9.9e-06	2.50371	2.04554
1772	9.91e-06	2.49957	2.04554
1773	9.92e-06	2.49957	2.04968
1774	9.93e-06	2.49957	2.0483
1775	9.94e-06	2.50233	2.04968
1776	9.95e-06	2.49543	2.0483
1777	9.96e-06	2.49819	2.05106
1778	9.97e-06	2.49819	2.04968
1779	9.98e-06	2.49957	2.05106
1780	9.99e-06	2.49819	2.05106
1781	1e-05	2.49957	2.0552
1782	1.001e-05	2.50233	2.0552
1783	1.002e-05	2.49819	2.0552
1784	1.003e-05	2.49819	2.05658
1785	1.004e-05	2.50371	2.05382
1786	1.005e-05	2.49819	2.0552
1787	1.006e-05	2.49819	2.05658
1788	1.007e-05	2.49819	2.06072
1789	1.008e-05	2.49957	2.0621
1790	1.009e-05	2.49681	2.06072
1791	1.01e-05	2.50233	2.0621
1792	1.011e-05	2.49681	2.0621
1793	1.012e-05	2.49819	2.06486
1794	1.013e-05	2.49681	2.06486
1795	1.014e-05	2.50233	2.0621
1796	1.015e-05	2.50371	2.06348
1797	1.016e-05	2.50233	2.06624
1798	1.017e-05	2.49819	2.06624
1799	1.018e-05	2.49819	2.06624
1800	1.019e-05	2.49957	2.06624
1801	1.02e-05	2.50371	2.07176
1802	1.021e-05	2.49681	2.069
1803	1.022e-05	2.50233	2.07038
1804	1.023e-05	2.49819	2.07038
1805	1.024e-05	2.49957	2.07176
1806	1.025e-05	2.50371	2.07176
1807	1.026e-05	2.49957	2.07314
1808	1.027e-05	2.50233	2.0759
1809	1.028e-05	2.50233	2.07452
1810	1.029e-05	2.49819	2.07728
1811	1.03e-05	2.50233	2.07728
1812	1.031e-05	2.49681	2.0759
1813	1.032e-05	2.50233	2.08004
1814	1.033e-05	2.49957	2.07728
1815	1.034e-05	2.49819	2.08004
1816	1.035e-05	2.49957	2.08142
1817	1.036e-05	2.50233	2.07728
1818	1.037e-05	2.50371	2.0828
1819	1.038e-05	2.50233	2.08418
1820	1.039e-05	2.50233	2.0828
1821	1.04e-05	2.50509	2.08694
1822	1.041e-05	2.50233	2.08418
1823	1.042e-05	2.50233	2.08694
1824	1.043e-05	2.49957	2.08556
1825	1.044e-05	2.50233	2.08694
1826	1.045e-05	2.50233	2.08556
1827	1.046e-05	2.49957	2.08832
1828	1.047e-05	2.49957	2.08832
1829	1.048e-05	2.50233	2.0897
1830	1.049e-05	2.50371	2.09108
1831	1.05e-05	2.49957	2.08694
1832	1.051e-05	2.49681	2.0897
1833	1.052e-05	2.50233	2.09246
1834	1.053e-05	2.50233	2.09108
1835	1.054e-05	2.49819	2.09246
1836	1.055e-05	2.49681	2.09522
1837	1.056e-05	2.49819	2.09384
1838	1.057e-05	2.49957	2.09522
1839	1.058e-05	2.49819	2.09384
1840	1.059e-05	2.49819	2.09522
1841	1.06e-05	2.50233	2.09936
1842	1.061e-05	2.49957	2.0966
1843	1.062e-05	2.50233	2.0966
1844	1.063e-05	2.49681	2.09936
1845	1.064e-05	2.50233	2.09936
1846	1.065e-05	2.49819	2.10212
1847	1.066e-05	2.50233	2.10488
1848	1.067e-05	2.49819	2.10212
1849	1.068e-05	2.50371	2.10626
1850	1.069e-05	2.49957	2.10212
1851	1.07e-05	2.49681	2.1035
1852	1.071e-05	2.49957	2.10626
1853	1.072e-05	2.49957	2.10488
1854	1.073e-05	2.50233	2.10764
1855	1.074e-05	2.49819	2.10902
1856	1.075e-05	2.49957	2.10488
1857	1.076e-05	2.50233	2.10764
1858	1.077e-05	2.50233	2.10902
1859	1.078e-05	2.49819	2.10902
1860	1.079e-05	2.49957	2.11178
1861	1.08e-05	2.49819	2.11178
1862	1.081e-05	2.50233	2.11178
1863	1.082e-05	2.50233	2.11316
1864	1.083e-05	2.49543	2.11178
1865	1.084e-05	2.50371	2.11316
1866	1.085e-05	2.49681	2.11178
1867	1.086e-05	2.49957	2.11454
1868	1.087e-05	2.49681	2.11316
1869	1.088e-05	2.49681	2.11868
1870	1.089e-05	2.50233	2.11868
1871	1.09e-05	2.49819	2.11454
1872	1.091e-05	2.49819	2.12006
1873	1.092e-05	2.49957	2.11868
1874	1.093e-05	2.49681	2.11868
1875	1.094e-05	2.50233	2.12144
1876	1.095e-05	2.49819	2.12006
1877	1.096e-05	2.49957	2.12144
1878	1.097e-05	2.49405	2.1242
1879	1.098e-05	2.49957	2.12696
1880	1.099e-05	2.50233	2.12696
1881	1.1e-05	2.50233	2.13386
1882	1.101e-05	2.50647	2.12972
1883	1.102e-05	2.50371	2.1242
1884	1.103e-05	2.49957	2.12282
1885	1.104e-05	2.49819	2.1242
1886	1.105e-05	2.49957	2.12282
1887	1.106e-05	2.49819	2.12696
1888	1.107e-05	2.49957	2.12972
1889	1.108e-05	2.49957	2.13248
1890	1.109e-05	2.49957	2.13662
1891	1.11e-05	2.50509	2.13524
1892	1.111e-05	2.50233	2.13662
1893	1.112e-05	2.50233	2.14076
1894	1.113e-05	2.49957	2.13524
1895	1.114e-05	2.50233	2.13662
1896	1.115e-05	2.50233	2.14214
1897	1.116e-05	2.50233	2.14352
1898	1.117e-05	2.50233	2.13938
1899	1.118e-05	2.49819	2.13386
1900	1.119e-05	2.49819	2.12696
1901	1.12e-05	2.49543	2.12834
1902	1.121e-05	2.49543	2.1311
1903	1.122e-05	2.49543	2.13524
1904	1.123e-05	2.49543	2.1449
1905	1.124e-05	2.50371	2.14628
1906	1.125e-05	2.50233	2.1449
1907	1.126e-05	2.50371	2.1449
1908	1.127e-05	2.50371	2.1449
1909	1.128e-05	2.50233	2.14628
1910	1.129e-05	2.50233	2.14628
1911	1.13e-05	2.50923	2.14766
1912	1.131e-05	2.50509	2.14766
1913	1.132e-05	2.50371	2.15318
1914	1.133e-05	2.49957	2.15042
1915	1.134e-05	2.50233	2.1518
1916	1.135e-05	2.50233	2.14904
1917	1.136e-05	2.50233	2.15042
1918	1.137e-05	2.49957	2.14766
1919	1.138e-05	2.49957	2.14904
1920	1.139e-05	2.49819	2.15318
1921	1.14e-05	2.50233	2.16146
1922	1.141e-05	2.49957	2.15456
1923	1.142e-05	2.50233	2.1518
1924	1.143e-05	2.50233	2.15594
1925	1.144e-05	2.49957	2.15318
1926	1.145e-05	2.50371	2.15594
1927	1.146e-05	2.50371	2.16008
1928	1.147e-05	2.50233	2.16284
1929	1.148e-05	2.49957	2.16008
1930	1.149e-05	2.49681	2.16284
1931	1.15e-05	2.50233	2.16284
1932	1.151e-05	2.49819	2.16008
1933	1.152e-05	2.50371	2.16698
1934	1.153e-05	2.49819	2.16422
1935	1.154e-05	2.50233	2.16284
1936	1.155e-05	2.49681	2.16698
1937	1.156e-05	2.49819	2.1656
1938	1.157e-05	2.49543	2.16284
1939	1.158e-05	2.49957	2.1656
1940	1.159e-05	2.49957	2.16284
1941	1.16e-05	2.50233	2.1656
1942	1.161e-05	2.49819	2.16974
1943	1.162e-05	2.49681	2.16837
1944	1.163e-05	2.49957	2.17112
1945	1.164e-05	2.49681	2.17251
1946	1.165e-05	2.49681	2.17112
1947	1.166e-05	2.49957	2.17251
1948	1.167e-05	2.50371	2.16974
1949	1.168e-05	2.50233	2.17251
1950	1.169e-05	2.49957	2.17389
1951	1.17e-05	2.49819	2.17112
1952	1.171e-05	2.50233	2.17389
1953	1.172e-05	2.49819	2.17527
1954	1.173e-05	2.49819	2.17803
1955	1.174e-05	2.50233	2.17803
1956	1.175e-05	2.49819	2.17527
1957	1.176e-05	2.49957	2.17941
1958	1.177e-05	2.50647	2.17941
1959	1.178e-05	2.50233	2.17941
1960	1.179e-05	2.50233	2.18217
1961	1.18e-05	2.50233	2.18355
1962	1.181e-05	2.49957	2.18355
1963	1.182e-05	2.49405	2.18217
1964	1.183e-05	2.49681	2.18217
1965	1.184e-05	2.50371	2.18631
1966	1.185e-05	2.49819	2.18493
1967	1.186e-05	2.49957	2.18355
1968	1.187e-05	2.49957	2.18907
1969	1.188e-05	2.49681	2.18355
1970	1.189e-05	2.50371	2.18355
1971	1.19e-05	2.49957	2.18769
1972	1.191e-05	2.49819	2.18493
1973	1.192e-05	2.49957	2.18907
1974	1.193e-05	2.50371	2.18907
1975	1.194e-05	2.50509	2.19045
1976	1.195e-05	2.50371	2.19045
1977	1.196e-05	2.50371	2.19321
1978	1.197e-05	2.50233	2.19321
1979	1.198e-05	2.49681	2.19045
1980	1.199e-05	2.49681	2.19183
1981	1.2e-05	2.50233	2.19183
1982	1.201e-05	2.50233	2.19321
1983	1.202e-05	2.49681	2.19597
1984	1.203e-05	2.49681	2.19873
1985	1.204e-05	2.50233	2.19459
1986	1.205e-05	2.49957	2.19873
1987	1.206e-05	2.50233	2.19597
1988	1.207e-05	2.49681	2.19873
1989	1.208e-05	2.49819	2.20287
1990	1.209e-05	2.50233	2.19873
1991	1.21e-05	2.49681	2.20149
1992	1.211e-05	2.49819	2.20149
1993	1.212e-05	2.49957	2.20011
1994	1.213e-05	2.49681	2.20287
1995	1.214e-05	2.50371	2.20149
1996	1.215e-05	2.49819	2.20149
1997	1.216e-05	2.50233	2.20701
1998	1.217e-05	2.49957	2.20287
1999	1.218e-05	2.49819	2.18769
2000	1.219e-05	2.49957	2.20149
2001	1.22e-05	2.50509	2.22771
2002	1.221e-05	2.49681	2.20701
2003	1.222e-05	2.50233	2.20425
2004	1.223e-05	2.50509	2.21253
2005	1.224e-05	2.49819	2.20287
2006	1.225e-05	2.50233	2.20839
2007	1.226e-05	2.50371	2.20839
2008	1.227e-05	2.49957	2.20149
2009	1.228e-05	2.49957	2.21529
2010	1.229e-05	2.49957	2.21805
2011	1.23e-05	2.50233	2.20839
2012	1.231e-05	2.50371	2.22081
2013	1.232e-05	2.50371	2.22219
2014	1.233e-05	2.49543	2.19183
2015	1.234e-05	2.49681	2.20839
2016	1.235e-05	2.50233	2.21529
2017	1.236e-05	2.49129	2.20977
2018	1.237e-05	2.50509	2.22081
2019	1.238e-05	2.50233	2.21529
2020	1.239e-05	2.49681	2.21529
2021	1.24e-05	2.49819	2.22633
2022	1.241e-05	2.49681	2.21115
2023	1.242e-05	2.49957	2.21115
2024	1.243e-05	2.50233	2.21805
2025	1.244e-05	2.49819	2.21529
2026	1.245e-05	2.49819	2.22081
2027	1.246e-05	2.49957	2.22357
2028	1.247e-05	2.49819	2.21529
2029	1.248e-05	2.49957	2.22357
2030	1.249e-05	2.49681	2.22081
2031	1.25e-05	2.50233	2.21943
2032	1.251e-05	2.50233	2.22495
2033	1.252e-05	2.49819	2.22219
2034	1.253e-05	2.49957	2.22219
2035	1.254e-05	2.49681	2.22633
2036	1.255e-05	2.49819	2.22357
2037	1.256e-05	2.49819	2.22633
2038	1.257e-05	2.49681	2.22771
2039	1.258e-05	2.49819	2.22495
2040	1.259e-05	2.49681	2.22771
2041	1.26e-05	2.49681	2.22909
2042	1.261e-05	2.49957	2.24151
2043	1.262e-05	2.49957	2.21943
2044	1.263e-05	2.49267	2.21805
2045	1.264e-05	2.50647	2.23875
2046	1.265e-05	2.49681	2.22081
2047	1.266e-05	2.49957	2.23185
2048	1.267e-05	2.49819	2.23737
2049	1.268e-05	2.49405	2.22771
2050	1.269e-05	2.50233	2.23737
2051	1.27e-05	2.50233	2.23323
2052	1.271e-05	2.49819	2.20977
2053	1.272e-05	2.49819	2.24565
2054	1.273e-05	2.50233	2.23737
2055	1.274e-05	2.49267	2.22357
2056	1.275e-05	2.50371	2.24703
2057	1.276e-05	2.50371	2.23323
2058	1.277e-05	2.49681	2.22633
2059	1.278e-05	2.49819	2.24289
2060	1.279e-05	2.49267	2.22909
2061	1.28e-05	2.50509	2.23875
2062	1.281e-05	2.49681	2.24565
2063	1.282e-05	2.49267	2.23323
2064	1.283e-05	2.50233	2.24427
2065	1.284e-05	2.49819	2.24151
2066	1.285e-05	2.49819	2.23323
2067	1.286e-05	2.50233	2.24289
2068	1.287e-05	2.49819	2.23737
2069	1.288e-05	2.49819	2.24289
2070	1.289e-05	2.49681	2.24565
2071	1.29e-05	2.49543	2.24013
2072	1.291e-05	2.49819	2.24289
2073	1.292e-05	2.49543	2.24289
2074	1.293e-05	2.49819	2.24151
2075	1.294e-05	2.49819	2.24565
2076	1.295e-05	2.49681	2.24427
2077	1.296e-05	2.50371	2.24565
2078	1.297e-05	2.50509	2.24427
2079	1.298e-05	2.50233	2.24289
2080	1.299e-05	2.49681	2.24565
2081	1.3e-05	2.49543	2.24703
2082	1.301e-05	2.49681	2.24841
2083	1.302e-05	2.50371	2.24703
2084	1.303e-05	2.49819	2.24565
2085	1.304e-05	2.49681	2.24841
2086	1.305e-05	2.49819	2.24841
2087	1.306e-05	2.49819	2.24841
2088	1.307e-05	2.49681	2.24979
2089	1.308e-05	2.50371	2.24979
2090	1.309e-05	2.49957	2.25117
2091	1.31e-05	2.50233	2.25117
2092	1.311e-05	2.49681	2.25255
2093	1.312e-05	2.49957	2.25117
2094	1.313e-05	2.49681	2.25117
2095	1.314e-05	2.49819	2.25117
2096	1.315e-05	2.49819	2.25117
2097	1.316e-05	2.49957	2.25255
2098	1.317e-05	2.49957	2.25531
2099	1.318e-05	2.49819	2.25393
2100	1.319e-05	2.50233	2.25255
2101	1.32e-05	2.50233	2.25531
2102	1.321e-05	2.49543	2.25393
2103	1.322e-05	2.49957	2.25531
2104	1.323e-05	2.50233	2.25807
2105	1.324e-05	2.50233	2.26083
2106	1.325e-05	2.50509	2.26083
2107	1.326e-05	2.50233	2.25945
2108	1.327e-05	2.49681	2.25807
2109	1.328e-05	2.50371	2.26221
2110	1.329e-05	2.49957	2.25807
2111	1.33e-05	2.50371	2.26221
2112	1.331e-05	2.49819	2.25807
2113	1.332e-05	2.49819	2.25945
2114	1.333e-05	2.50233	2.26359
2115	1.334e-05	2.49957	2.26359
2116	1.335e-05	2.49819	2.26083
2117	1.336e-05	2.49819	2.26911
2118	1.337e-05	2.49957	2.26497
2119	1.338e-05	2.49957	2.26221
2120	1.339e-05	2.49957	2.26359
2121	1.34e-05	2.49681	2.26359
2122	1.341e-05	2.50371	2.26359
2123	1.342e-05	2.49819	2.26635
2124	1.343e-05	2.49819	2.26773
2125	1.344e-05	2.50233	2.26911
2126	1.345e-05	2.49681	2.26911
2127	1.346e-05	2.49819	2.26635
2128	1.347e-05	2.49681	2.26497
2129	1.348e-05	2.50371	2.26911
2130	1.349e-05	2.49681	2.26635
2131	1.35e-05	2.49819	2.26911
2132	1.351e-05	2.49543	2.26773
2133	1.352e-05	2.49957	2.26773
2134	1.353e-05	2.49957	2.26773
2135	1.354e-05	2.49819	2.27049
2136	1.355e-05	2.49819	2.26773
2137	1.356e-05	2.50233	2.27463
2138	1.357e-05	2.49957	2.27049
2139	1.358e-05	2.49543	2.27049
2140	1.359e-05	2.49819	2.27187
2141	1.36e-05	2.49819	2.26911
2142	1.361e-05	2.49681	2.27049
2143	1.362e-05	2.49681	2.27187
2144	1.363e-05	2.49543	2.25945
2145	1.364e-05	2.49405	2.27049
2146	1.365e-05	2.50371	2.29809
2147	1.366e-05	2.49681	2.27325
2148	1.367e-05	2.49819	2.27049
2149	1.368e-05	2.50785	2.28429
2150	1.369e-05	2.49405	2.26635
2151	1.37e-05	2.49819	2.27877
2152	1.371e-05	2.49957	2.27325
2153	1.372e-05	2.49681	2.26635
2154	1.373e-05	2.49543	2.28153
2155	1.374e-05	2.49819	2.28153
2156	1.375e-05	2.49957	2.27463
2157	1.376e-05	2.50233	2.28843
2158	1.377e-05	2.49819	2.28567
2159	1.378e-05	2.49957	2.26359
2160	1.379e-05	2.50233	2.27463
2161	1.38e-05	2.49957	2.28429
2162	1.381e-05	2.49543	2.27739
2163	1.382e-05	2.49819	2.28291
2164	1.383e-05	2.49543	2.28153
2165	1.384e-05	2.49957	2.28705
2166	1.385e-05	2.49957	2.28705
2167	1.386e-05	2.50233	2.28015
2168	1.387e-05	2.50371	2.28015
2169	1.388e-05	2.50371	2.28153
2170	1.389e-05	2.49681	2.28153
2171	1.39e-05	2.49957	2.28705
2172	1.391e-05	2.49681	2.28567
2173	1.392e-05	2.49681	2.28429
2174	1.393e-05	2.50233	2.28153
2175	1.394e-05	2.50233	2.28153
2176	1.395e-05	2.50233	2.28429
2177	1.396e-05	2.50233	2.28843
2178	1.397e-05	2.49681	2.28429
2179	1.398e-05	2.49819	2.28291
2180	1.399e-05	2.49543	2.28567
2181	1.4e-05	2.50233	2.28705
2182	1.401e-05	2.49819	2.28843
2183	1.402e-05	2.50233	2.28567
2184	1.403e-05	2.50233	2.28843
2185	1.404e-05	2.50371	2.28567
2186	1.405e-05	2.49681	2.28705
2187	1.406e-05	2.50371	2.28843
2188	1.407e-05	2.49957	2.29119
2189	1.408e-05	2.50371	2.30361
2190	1.409e-05	2.49543	2.27187
2191	1.41e-05	2.49681	2.28705
2192	1.411e-05	2.50371	2.29809
2193	1.412e-05	2.49129	2.28153
2194	1.413e-05	2.50371	2.29809
2195	1.414e-05	2.49819	2.29395
2196	1.415e-05	2.49543	2.28843
2197	1.416e-05	2.49819	2.30361
2198	1.417e-05	2.49405	2.28705
2199	1.418e-05	2.49543	2.28015
2200	1.419e-05	2.50509	2.30913
2201	1.42e-05	2.49957	2.29119
2202	1.421e-05	2.49543	2.28981
2203	1.422e-05	2.50923	2.30775
2204	1.423e-05	2.49405	2.28567
2205	1.424e-05	2.50509	2.30223
2206	1.425e-05	2.49957	2.29947
2207	1.426e-05	2.49681	2.28567
2208	1.427e-05	2.50371	2.30361
2209	1.428e-05	2.49819	2.29809
2210	1.429e-05	2.49957	2.29257
2211	1.43e-05	2.50233	2.30361
2212	1.431e-05	2.49681	2.29257
2213	1.432e-05	2.49819	2.29809
2214	1.433e-05	2.49681	2.30361
2215	1.434e-05	2.49681	2.29809
2216	1.435e-05	2.49819	2.29947
2217	1.436e-05	2.49957	2.30361
2218	1.437e-05	2.49957	2.29395
2219	1.438e-05	2.50233	2.29947
2220	1.439e-05	2.50371	2.30085
2221	1.44e-05	2.50371	2.29947
2222	1.441e-05	2.50233	2.30361
2223	1.442e-05	2.50233	2.29947
2224	1.443e-05	2.49681	2.30085
2225	1.444e-05	2.49957	2.30361
2226	1.445e-05	2.49957	2.29947
2227	1.446e-05	2.50233	2.30361
2228	1.447e-05	2.49681	2.30499
2229	1.448e-05	2.49819	2.30085
2230	1.449e-05	2.49681	2.30361
2231	1.45e-05	2.50371	2.30223
2232	1.451e-05	2.49819	2.29947
2233	1.452e-05	2.50233	2.30637
2234	1.453e-05	2.49957	2.30223
2235	1.454e-05	2.49819	2.30499
2236	1.455e-05	2.49957	2.30499
2237	1.456e-05	2.49819	2.30361
2238	1.457e-05	2.49957	2.30499
2239	1.458e-05	2.49957	2.30361
2240	1.459e-05	2.49819	2.30637
2241	1.46e-05	2.50233	2.30775
2242	1.461e-05	2.49957	2.30637
2243	1.462e-05	2.50509	2.30637
2244	1.463e-05	2.49957	2.30913
2245	1.464e-05	2.49957	2.30637
2246	1.465e-05	2.49819	2.30775
2247	1.466e-05	2.50233	2.30913
2248	1.467e-05	2.49819	2.30637
2249	1.468e-05	2.49819	2.30775
2250	1.469e-05	2.49957	2.31051
2251	1.47e-05	2.49819	2.31051
2252	1.471e-05	2.49543	2.31051
2253	1.472e-05	2.49957	2.31189
2254	1.473e-05	2.49819	2.30775
2255	1.474e-05	2.49957	2.31051
2256	1.475e-05	2.50371	2.30913
2257	1.476e-05	2.50371	2.31189
2258	1.477e-05	2.49957	2.31051
2259	1.478e-05	2.49819	2.31327
2260	1.479e-05	2.49819	2.31051
2261	1.48e-05	2.49819	2.31327
2262	1.481e-05	2.49681	2.31189
2263	1.482e-05	2.49681	2.31465
2264	1.483e-05	2.49819	2.31741
2265	1.484e-05	2.49957	2.31741
2266	1.485e-05	2.49681	2.31879
2267	1.486e-05	2.50371	2.31327
2268	1.487e-05	2.49957	2.31189
2269	1.488e-05	2.50371	2.31741
2270	1.489e-05	2.49957	2.31189
2271	1.49e-05	2.49957	2.31741
2272	1.491e-05	2.49819	2.31879
2273	1.492e-05	2.50233	2.31879
2274	1.493e-05	2.49819	2.32017
2275	1.494e-05	2.49957	2.31741
2276	1.495e-05	2.50233	2.31465
2277	1.496e-05	2.49819	2.31879
2278	1.497e-05	2.50371	2.31741
2279	1.498e-05	2.49957	2.31741
2280	1.499e-05	2.49681	2.32155
2281	1.5e-05	2.49819	2.31879
2282	1.501e-05	2.49957	2.32155
2283	1.502e-05	2.50233	2.32155
2284	1.503e-05	2.50233	2.32017
2285	1.504e-05	2.50233	2.31879
2286	1.505e-05	2.49819	2.32155
2287	1.506e-05	2.50233	2.31879
2288	1.507e-05	2.49957	2.32017
2289	1.508e-05	2.49819	2.32155
2290	1.509e-05	2.50233	2.31879
2291	1.51e-05	2.50233	2.32155
2292	1.511e-05	2.49819	2.32155
2293	1.512e-05	2.49681	2.32431
2294	1.513e-05	2.49957	2.32017
2295	1.514e-05	2.49819	2.32155
2296	1.515e-05	2.50233	2.32155
2297	1.516e-05	2.49957	2.32293
2298	1.517e-05	2.49957	2.32155
2299	1.518e-05	2.50233	2.32293
2300	1.519e-05	2.49819	2.32293
2301	1.52e-05	2.49957	2.32293
2302	1.521e-05	2.50233	2.32293
2303	1.522e-05	2.49819	2.32431
2304	1.523e-05	2.49681	2.32293
2305	1.524e-05	2.49681	2.32707
2306	1.525e-05	2.49819	2.32569
2307	1.526e-05	2.49819	2.32293
2308	1.527e-05	2.49819	2.32707
2309	1.528e-05	2.49681	2.32569
2310	1.529e-05	2.50233	2.32155
2311	1.53e-05	2.49957	2.32845
2312	1.531e-05	2.50371	2.32707
2313	1.532e-05	2.49819	2.32569
2314	1.533e-05	2.50371	2.32569
2315	1.534e-05	2.49957	2.32845
2316	1.535e-05	2.50233	2.32431
2317	1.536e-05	2.49957	2.32569
2318	1.537e-05	2.49543	2.32707
2319	1.538e-05	2.50233	2.32707
2320	1.539e-05	2.49819	2.32707
2321	1.54e-05	2.50371	2.32983
2322	1.541e-05	2.49819	2.32569
2323	1.542e-05	2.49957	2.32845
2324	1.543e-05	2.50233	2.32845
2325	1.544e-05	2.49957	2.32983
2326	1.545e-05	2.49681	2.32845
2327	1.546e-05	2.49957	2.32983
2328	1.547e-05	2.49681	2.32983
2329	1.548e-05	2.49681	2.32983
2330	1.549e-05	2.49681	2.32845
2331	1.55e-05	2.50233	2.32845
2332	1.551e-05	2.50233	2.32845
2333	1.552e-05	2.49819	2.33259
2334	1.553e-05	2.49543	2.33121
2335	1.554e-05	2.50371	2.33397
2336	1.555e-05	2.49819	2.32845
2337	1.556e-05	2.50371	2.33121
2338	1.557e-05	2.50371	2.32983
2339	1.558e-05	2.49819	2.32845
2340	1.559e-05	2.49819	2.33259
2341	1.56e-05	2.49957	2.33259
2342	1.561e-05	2.49957	2.33121
2343	1.562e-05	2.49543	2.33259
2344	1.563e-05	2.49957	2.33259
2345	1.564e-05	2.50233	2.33259
2346	1.565e-05	2.49543	2.33121
2347	1.566e-05	2.49819	2.33397
2348	1.567e-05	2.49957	2.33259
2349	1.568e-05	2.49957	2.33397
2350	1.569e-05	2.49957	2.33259
2351	1.57e-05	2.49681	2.33121
2352	1.571e-05	2.49957	2.33673
2353	1.572e-05	2.50509	2.33397
2354	1.573e-05	2.49819	2.33259
2355	1.574e-05	2.50371	2.33811
2356	1.575e-05	2.49819	2.33397
2357	1.576e-05	2.50233	2.33673
2358	1.577e-05	2.49681	2.33259
2359	1.578e-05	2.49957	2.33397
2360	1.579e-05	2.50647	2.33673
2361	1.58e-05	2.49957	2.33811
2362	1.581e-05	2.49957	2.33811
2363	1.582e-05	2.50233	2.33949
2364	1.583e-05	2.49681	2.33397
2365	1.584e-05	2.49819	2.33673
2366	1.585e-05	2.49819	2.33811
2367	1.586e-05	2.50233	2.33673
2368	1.587e-05	2.50233	2.33811
2369	1.588e-05	2.49819	2.33949
2370	1.589e-05	2.49819	2.33673
2371	1.59e-05	2.49957	2.33811
2372	1.591e-05	2.49681	2.33811
2373	1.592e-05	2.50233	2.33949
2374	1.593e-05	2.49957	2.33673
2375	1.594e-05	2.50509	2.34087
2376	1.595e-05	2.49543	2.33811
2377	1.596e-05	2.49681	2.33949
2378	1.597e-05	2.49957	2.34225
2379	1.598e-05	2.50233	2.33811
2380	1.599e-05	2.50371	2.34087
2381	1.6e-05	2.50509	2.34225
2382	1.601e-05	2.49819	2.33949
2383	1.602e-05	2.50233	2.34087
2384	1.603e-05	2.49819	2.33949
2385	1.604e-05	2.49957	2.34363
2386	1.605e-05	2.50233	2.34087
2387	1.606e-05	2.49819	2.33811
2388	1.607e-05	2.49681	2.34363
2389	1.608e-05	2.50233	2.34501
2390	1.609e-05	2.49957	2.33949
2391	1.61e-05	2.49957	2.34501
2392	1.611e-05	2.49957	2.33811
2393	1.612e-05	2.49681	2.34225
2394	1.613e-05	2.50233	2.34363
2395	1.614e-05	2.49681	2.34087
2396	1.615e-05	2.50233	2.34501
2397	1.616e-05	2.49819	2.34639
2398	1.617e-05	2.49681	2.34087
2399	1.618e-05	2.50233	2.34363
2400	1.619e-05	2.49819	2.34225
2401	1.62e-05	2.49819	2.34363
2402	1.621e-05	2.49819	2.34363
2403	1.622e-05	2.49957	2.34087
2404	1.623e-05	2.49819	2.34501
2405	1.624e-05	2.50233	2.34501
2406	1.625e-05	2.49681	2.34087
2407	1.626e-05	2.49957	2.34501
2408	1.627e-05	2.50371	2.34501
2409	1.628e-05	2.50509	2.34777
2410	1.629e-05	2.50233	2.34639
2411	1.63e-05	2.49957	2.34363
2412	1.631e-05	2.49819	2.34501
2413	1.632e-05	2.50509	2.34639
2414	1.633e-05	2.50233	2.34363
2415	1.634e-05	2.49957	2.34225
2416	1.635e-05	2.49543	2.34501
2417	1.636e-05	2.49405	2.34777
2418	1.637e-05	2.49957	2.34363
2419	1.638e-05	2.49819	2.34501
2420	1.639e-05	2.49819	2.34363
2421	1.64e-05	2.50233	2.34777
2422	1.641e-05	2.50233	2.34777
2423	1.642e-05	2.49819	2.34639
2424	1.643e-05	2.49957	2.34501
2425	1.644e-05	2.49819	2.34777
2426	1.645e-05	2.50371	2.34363
2427	1.646e-05	2.50233	2.34777
2428	1.647e-05	2.49681	2.34639
2429	1.648e-05	2.50233	2.34915
2430	1.649e-05	2.50233	2.34777
2431	1.65e-05	2.49819	2.34777
2432	1.651e-05	2.49957	2.34639
2433	1.652e-05	2.49957	2.34777
2434	1.653e-05	2.49957	2.34915
2435	1.654e-05	2.49819	2.35053
2436	1.655e-05	2.49681	2.34915
2437	1.656e-05	2.49957	2.35053
2438	1.657e-05	2.49819	2.35053
2439	1.658e-05	2.50371	2.34915
2440	1.659e-05	2.49681	2.35053
2441	1.66e-05	2.50233	2.35053
2442	1.661e-05	2.49681	2.34915
2443	1.662e-05	2.49957	2.34915
2444	1.663e-05	2.49543	2.35053
2445	1.664e-05	2.49681	2.34915
2446	1.665e-05	2.49819	2.34777
2447	1.666e-05	2.49957	2.34777
2448	1.667e-05	2.49819	2.34915
2449	1.668e-05	2.50233	2.35329
2450	1.669e-05	2.49819	2.35053
2451	1.67e-05	2.50233	2.35053
2452	1.671e-05	2.49819	2.34915
2453	1.672e-05	2.50233	2.35053
2454	1.673e-05	2.49957	2.34777
2455	1.674e-05	2.49819	2.34915
2456	1.675e-05	2.50233	2.35053
2457	1.676e-05	2.49543	2.35329
2458	1.677e-05	2.49681	2.35191
2459	1.678e-05	2.49819	2.35191
2460	1.679e-05	2.49957	2.35191
2461	1.68e-05	2.50233	2.35329
2462	1.681e-05	2.49819	2.35329
2463	1.682e-05	2.49543	2.35053
2464	1.683e-05	2.49681	2.35329
2465	1.684e-05	2.50371	2.35605
2466	1.685e-05	2.50233	2.35329
2467	1.686e-05	2.49957	2.35743
2468	1.687e-05	2.49957	2.35329
2469	1.688e-05	2.49819	2.35881
2470	1.689e-05	2.50233	2.35329
2471	1.69e-05	2.50371	2.35881
2472	1.691e-05	2.50233	2.35605
2473	1.692e-05	2.49819	2.35605
2474	1.693e-05	2.50371	2.35605
2475	1.694e-05	2.50509	2.35191
2476	1.695e-05	2.49819	2.35605
2477	1.696e-05	2.49957	2.35881
2478	1.697e-05	2.49957	2.35605
2479	1.698e-05	2.49957	2.35743
2480	1.699e-05	2.49819	2.35743
2481	1.7e-05	2.50233	2.35743
2482	1.701e-05	2.49957	2.35743
2483	1.702e-05	2.50371	2.35329
2484	1.703e-05	2.49405	2.35329
2485	1.704e-05	2.49957	2.35881
2486	1.705e-05	2.49681	2.35329
2487	1.706e-05	2.49819	2.36019
2488	1.707e-05	2.49681	2.35743
2489	1.708e-05	2.49819	2.36019
2490	1.709e-05	2.49819	2.35743
2491	1.71e-05	2.49957	2.35743
2492	1.711e-05	2.50233	2.35605
2493	1.712e-05	2.50233	2.36157
2494	1.713e-05	2.50233	2.35881
2495	1.714e-05	2.50233	2.35743
2496	1.715e-05	2.50233	2.35881
2497	1.716e-05	2.50371	2.35881
2498	1.717e-05	2.49543	2.35743
2499	1.718e-05	2.50509	2.35881
2500	1.719e-05	2.49957	2.35881
2501	1.72e-05	2.49681	2.35743
2502	1.721e-05	2.50233	2.36295
2503	1.722e-05	2.50371	2.36019
2504	1.723e-05	2.49819	2.35881
2505	1.724e-05	2.49819	2.36019
2506	1.725e-05	2.49405	2.35743
2507	1.726e-05	2.49681	2.36019
2508	1.727e-05	2.49957	2.35881
2509	1.728e-05	2.49819	2.36019
2510	1.729e-05	2.50371	2.36019
2511	1.73e-05	2.49681	2.35881
2512	1.731e-05	2.49681	2.35881
2513	1.732e-05	2.49957	2.36157
2514	1.733e-05	2.50233	2.36019
2515	1.734e-05	2.49681	2.36295
2516	1.735e-05	2.49543	2.36295
2517	1.736e-05	2.49681	2.35881
2518	1.737e-05	2.50233	2.36157
2519	1.738e-05	2.49819	2.36157
2520	1.739e-05	2.49681	2.36433
2521	1.74e-05	2.50233	2.36433
2522	1.741e-05	2.49681	2.36019
2523	1.742e-05	2.49819	2.36295
2524	1.743e-05	2.49957	2.36157
2525	1.744e-05	2.49957	2.36157
2526	1.745e-05	2.49819	2.36433
2527	1.746e-05	2.49543	2.36433
2528	1.747e-05	2.49819	2.36295
2529	1.748e-05	2.49957	2.36295
2530	1.749e-05	2.49819	2.36019
2531	1.75e-05	2.49543	2.36157
2532	1.751e-05	2.49819	2.36433
2533	1.752e-05	2.49957	2.36295
2534	1.753e-05	2.49681	2.36295
2535	1.754e-05	2.49957	2.36571
2536	1.755e-05	2.49681	2.36295
2537	1.756e-05	2.49681	2.36571
2538	1.757e-05	2.50371	2.36295
2539	1.758e-05	2.49681	2.35881
2540	1.759e-05	2.49681	2.36571
2541	1.76e-05	2.49957	2.36295
2542	1.761e-05	2.49819	2.36295
2543	1.762e-05	2.50233	2.36571
2544	1.763e-05	2.49819	2.36433
2545	1.764e-05	2.49957	2.36433
2546	1.765e-05	2.49819	2.36571
2547	1.766e-05	2.49819	2.36433
2548	1.767e-05	2.50233	2.36433
2549	1.768e-05	2.49957	2.36571
2550	1.769e-05	2.50233	2.36295
2551	1.77e-05	2.49957	2.36433
2552	1.771e-05	2.50233	2.36571
2553	1.772e-05	2.49819	2.36709
2554	1.773e-05	2.49957	2.36709
2555	1.774e-05	2.50233	2.36571
2556	1.775e-05	2.49819	2.36571
2557	1.776e-05	2.49819	2.36985
2558	1.777e-05	2.49681	2.36433
2559	1.778e-05	2.49819	2.36709
2560	1.779e-05	2.49957	2.36847
2561	1.78e-05	2.49819	2.36571
2562	1.781e-05	2.49957	2.36571
2563	1.782e-05	2.50233	2.36709
2564	1.783e-05	2.49681	2.36571
2565	1.784e-05	2.49957	2.36709
2566	1.785e-05	2.49819	2.36709
2567	1.786e-05	2.49819	2.36571
2568	1.787e-05	2.49681	2.36847
2569	1.788e-05	2.49543	2.36985
2570	1.789e-05	2.49957	2.36709
2571	1.79e-05	2.50371	2.36847
2572	1.791e-05	2.49819	2.36847
2573	1.792e-05	2.49957	2.36985
2574	1.793e-05	2.50233	2.36847
2575	1.794e-05	2.49819	2.36847
2576	1.795e-05	2.49819	2.36985
2577	1.796e-05	2.50371	2.36985
2578	1.797e-05	2.49957	2.36571
2579	1.798e-05	2.50233	2.36571
2580	1.799e-05	2.49819	2.36709
2581	1.8e-05	2.50233	2.36985
2582	1.801e-05	2.49819	2.36847
2583	1.802e-05	2.49681	2.36847
2584	1.803e-05	2.49819	2.36847
2585	1.804e-05	2.49681	2.36985
2586	1.805e-05	2.49819	2.36985
2587	1.806e-05	2.50509	2.37261
2588	1.807e-05	2.49405	2.36157
2589	1.808e-05	2.49819	2.37951
2590	1.809e-05	2.50233	2.36847
2591	1.81e-05	2.49129	2.36295
2592	1.811e-05	2.49957	2.38089
2593	1.812e-05	2.49819	2.36847
2594	1.813e-05	2.49957	2.37261
2595	1.814e-05	2.50509	2.37261
2596	1.815e-05	2.49819	2.36571
2597	1.816e-05	2.50233	2.37399
2598	1.817e-05	2.49819	2.37123
2599	1.818e-05	2.49681	2.36571
2600	1.819e-05	2.50509	2.37399
2601	1.82e-05	2.49543	2.36847
2602	1.821e-05	2.50371	2.36985
2603	1.822e-05	2.50233	2.36985
2604	1.823e-05	2.49543	2.36709
2605	1.824e-05	2.49819	2.37261
2606	1.825e-05	2.50233	2.37123
2607	1.826e-05	2.50233	2.36985
2608	1.827e-05	2.49681	2.37813
2609	1.828e-05	2.49957	2.37261
2610	1.829e-05	2.49819	2.36847
2611	1.83e-05	2.49957	2.37261
2612	1.831e-05	2.50233	2.36985
2613	1.832e-05	2.49819	2.37399
2614	1.833e-05	2.49681	2.37675
2615	1.834e-05	2.49957	2.36985
2616	1.835e-05	2.50233	2.37261
2617	1.836e-05	2.49681	2.37675
2618	1.837e-05	2.49405	2.37123
2619	1.838e-05	2.50233	2.37261
2620	1.839e-05	2.49819	2.37123
2621	1.84e-05	2.50233	2.37399
2622	1.841e-05	2.49957	2.37399
2623	1.842e-05	2.49957	2.37123
2624	1.843e-05	2.49543	2.37675
2625	1.844e-05	2.50371	2.37675
2626	1.845e-05	2.49819	2.36709
2627	1.846e-05	2.50371	2.37675
2628	1.847e-05	2.49819	2.37399
2629	1.848e-05	2.49819	2.37813
2630	1.849e-05	2.50509	2.37675
2631	1.85e-05	2.49819	2.37261
2632	1.851e-05	2.50233	2.37675
2633	1.852e-05	2.49957	2.37399
2634	1.853e-05	2.49819	2.36985
2635	1.854e-05	2.50233	2.37951
2636	1.855e-05	2.49819	2.37951
2637	1.856e-05	2.49957	2.37813
2638	1.857e-05	2.50233	2.37123
2639	1.858e-05	2.50233	2.37813
2640	1.859e-05	2.50509	2.37123
2641	1.86e-05	2.49819	2.37399
2642	1.861e-05	2.49957	2.37399
2643	1.862e-05	2.49543	2.36985
2644	1.863e-05	2.50371	2.37951
2645	1.864e-05	2.49819	2.37399
2646	1.865e-05	2.50371	2.37399
2647	1.866e-05	2.50371	2.37813
2648	1.867e-05	2.49819	2.37399
2649	1.868e-05	2.49819	2.37675
2650	1.869e-05	2.49957	2.37675
2651	1.87e-05	2.50371	2.37813
2652	1.871e-05	2.49957	2.37399
2653	1.872e-05	2.49681	2.37813
2654	1.873e-05	2.49681	2.37675
2655	1.874e-05	2.49957	2.37675
2656	1.875e-05	2.49819	2.37813
2657	1.876e-05	2.50371	2.37951
2658	1.877e-05	2.49681	2.37261
2659	1.878e-05	2.49681	2.37813
2660	1.879e-05	2.49957	2.37399
2661	1.88e-05	2.49957	2.37399
2662	1.881e-05	2.50371	2.37813
2663	1.882e-05	2.49819	2.37399
2664	1.883e-05	2.49681	2.37399
2665	1.884e-05	2.50233	2.38227
2666	1.885e-05	2.49681	2.37399
2667	1.886e-05	2.49957	2.37675
2668	1.887e-05	2.49957	2.37951
2669	1.888e-05	2.49681	2.37675
2670	1.889e-05	2.50233	2.38089
2671	1.89e-05	2.49957	2.37675
2672	1.891e-05	2.49957	2.37813
2673	1.892e-05	2.50371	2.38227
2674	1.893e-05	2.49819	2.37813
2675	1.894e-05	2.50371	2.38089
2676	1.895e-05	2.49957	2.37951
2677	1.896e-05	2.49543	2.37813
2678	1.897e-05	2.50233	2.38227
2679	1.898e-05	2.49957	2.37399
2680	1.899e-05	2.49957	2.38089
2681	1.9e-05	2.50233	2.38089
2682	1.901e-05	2.49543	2.37261
2683	1.902e-05	2.49819	2.38227
2684	1.903e-05	2.49819	2.37813
2685	1.904e-05	2.49681	2.37951
2686	1.905e-05	2.50233	2.38089
2687	1.906e-05	2.49957	2.37675
2688	1.907e-05	2.50233	2.38089
2689	1.908e-05	2.49957	2.38227
2690	1.909e-05	2.49957	2.37399
2691	1.91e-05	2.50371	2.38089
2692	1.911e-05	2.49819	2.37951
2693	1.912e-05	2.50233	2.38089
2694	1.913e-05	2.50233	2.37951
2695	1.914e-05	2.49819	2.37675
2696	1.915e-05	2.49819	2.38089
2697	1.916e-05	2.50509	2.38227
2698	1.917e-05	2.50509	2.38227
2699	1.918e-05	2.50233	2.37951
2700	1.919e-05	2.50233	2.38227
2701	1.92e-05	2.50233	2.38365
2702	1.921e-05	2.49405	2.37813
2703	1.922e-05	2.50233	2.38227
2704	1.923e-05	2.50233	2.38089
2705	1.924e-05	2.49681	2.37951
2706	1.925e-05	2.50233	2.38089
2707	1.926e-05	2.49957	2.38089
2708	1.927e-05	2.49957	2.37675
2709	1.928e-05	2.50233	2.38503
2710	1.929e-05	2.49819	2.37951
2711	1.93e-05	2.49957	2.38089
2712	1.931e-05	2.49681	2.38503
2713	1.932e-05	2.49681	2.37951
2714	1.933e-05	2.49681	2.38227
2715	1.934e-05	2.50371	2.37951
2716	1.935e-05	2.49957	2.37951
2717	1.936e-05	2.49819	2.38503
2718	1.937e-05	2.49819	2.38089
2719	1.938e-05	2.49819	2.38089
2720	1.939e-05	2.49819	2.38641
2721	1.94e-05	2.49957	2.37951
2722	1.941e-05	2.49819	2.38227
2723	1.942e-05	2.49957	2.38503
2724	1.943e-05	2.49819	2.37951
2725	1.944e-05	2.49819	2.38503
2726	1.945e-05	2.49681	2.38503
2727	1.946e-05	2.49543	2.38227
2728	1.947e-05	2.49819	2.38227
2729	1.948e-05	2.49819	2.38227
2730	1.949e-05	2.49819	2.38089
2731	1.95e-05	2.50371	2.38227
2732	1.951e-05	2.49681	2.37951
2733	1.952e-05	2.50233	2.38227
2734	1.953e-05	2.49819	2.38227
2735	1.954e-05	2.49681	2.38227
2736	1.955e-05	2.49819	2.38503
2737	1.956e-05	2.49681	2.38227
2738	1.957e-05	2.49819	2.38227
2739	1.958e-05	2.49819	2.38227
2740	1.959e-05	2.49819	2.38089
2741	1.96e-05	2.50233	2.38641
2742	1.961e-05	2.49957	2.38641
2743	1.962e-05	2.49819	2.38089
2744	1.963e-05	2.50233	2.38365
2745	1.964e-05	2.49819	2.38503
2746	1.965e-05	2.49957	2.38227
2747	1.966e-05	2.49681	2.38227
2748	1.967e-05	2.49957	2.38503
2749	1.968e-05	2.50509	2.38503
2750	1.969e-05	2.49819	2.38227
2751	1.97e-05	2.49957	2.38503
2752	1.971e-05	2.49819	2.38365
2753	1.972e-05	2.49957	2.38365
2754	1.973e-05	2.49681	2.38227
2755	1.974e-05	2.49681	2.38227
2756	1.975e-05	2.49543	2.38365
2757	1.976e-05	2.49957	2.38779
2758	1.977e-05	2.49957	2.38365
2759	1.978e-05	2.50233	2.38503
2760	1.979e-05	2.50233	2.38365
2761	1.98e-05	2.49681	2.38365
2762	1.981e-05	2.50233	2.38503
2763	1.982e-05	2.49957	2.38365
2764	1.983e-05	2.49819	2.38503
2765	1.984e-05	2.49957	2.38779
2766	1.985e-05	2.49681	2.38365
2767	1.986e-05	2.49819	2.38503
2768	1.987e-05	2.49543	2.38503
2769	1.988e-05	2.49819	2.38503
2770	1.989e-05	2.49819	2.38641
2771	1.99e-05	2.49957	2.38503
2772	1.991e-05	2.49957	2.38503
2773	1.992e-05	2.49819	2.38779
2774	1.993e-05	2.49681	2.38503
2775	1.994e-05	2.49957	2.38641
2776	1.995e-05	2.49819	2.38641
2777	1.996e-05	2.49819	2.38503
2778	1.997e-05	2.50233	2.38503
2779	1.998e-05	2.50371	2.38917
2780	1.999e-05	2.49681	2.38365
2781	2e-05	2.49681	2.38779
2782	2.001e-05	2.49543	2.38365
2783	2.002e-05	2.49681	2.38503
2784	2.003e-05	2.49681	2.38365
2785	2.004e-05	2.50233	2.38503
2786	2.005e-05	2.49957	2.38641
2787	2.006e-05	2.50233	2.38641
2788	2.007e-05	2.49957	2.38503
2789	2.008e-05	2.49957	2.39055
2790	2.009e-05	2.49819	2.38779
2791	2.01e-05	2.50233	2.38641
2792	2.011e-05	2.49819	2.38779
2793	2.012e-05	2.49543	2.38641
2794	2.013e-05	2.49957	2.38365
2795	2.014e-05	2.49681	2.38779
2796	2.015e-05	2.49819	2.38779
2797	2.016e-05	2.50233	2.38641
2798	2.017e-05	2.49957	2.38641
2799	2.018e-05	2.50233	2.38641
2800	2.019e-05	2.49681	2.38503
2801	2.02e-05	2.49957	2.38641
2802	2.021e-05	2.50233	2.38641
2803	2.022e-05	2.50233	2.38503
2804	2.023e-05	2.49957	2.39193
2805	2.024e-05	2.50509	2.38917
2806	2.025e-05	2.49681	2.38779
2807	2.026e-05	2.49819	2.38779
2808	2.027e-05	2.49681	2.38503
2809	2.028e-05	2.50233	2.38917
2810	2.029e-05	2.49957	2.38917
2811	2.03e-05	2.49957	2.38641
2812	2.031e-05	2.50371	2.38779
2813	2.032e-05	2.50233	2.39055
2814	2.033e-05	2.49819	2.38503
2815	2.034e-05	2.49819	2.38917
2816	2.035e-05	2.49957	2.38503
2817	2.036e-05	2.49681	2.39055
2818	2.037e-05	2.49957	2.38779
2819	2.038e-05	2.49819	2.38779
2820	2.039e-05	2.49681	2.38779
2821	2.04e-05	2.50509	2.39055
2822	2.041e-05	2.50233	2.38503
2823	2.042e-05	2.49957	2.38779
2824	2.043e-05	2.50233	2.38917
2825	2.044e-05	2.49957	2.38779
2826	2.045e-05	2.49957	2.38917
2827	2.046e-05	2.49819	2.38917
2828	2.047e-05	2.49957	2.38779
2829	2.048e-05	2.49957	2.38917
2830	2.049e-05	2.49819	2.38779
2831	2.05e-05	2.49957	2.39055
2832	2.051e-05	2.49957	2.38917
2833	2.052e-05	2.49819	2.39055
2834	2.053e-05	2.50233	2.39055
2835	2.054e-05	2.49819	2.38917
2836	2.055e-05	2.49957	2.38917
2837	2.056e-05	2.49819	2.38917
2838	2.057e-05	2.49681	2.38779
2839	2.058e-05	2.49957	2.38917
2840	2.059e-05	2.49819	2.38917
2841	2.06e-05	2.49957	2.38917
2842	2.061e-05	2.49819	2.38917
2843	2.062e-05	2.49681	2.38779
2844	2.063e-05	2.49819	2.38779
2845	2.064e-05	2.50233	2.39055
2846	2.065e-05	2.50509	2.38917
2847	2.066e-05	2.49543	2.38917
2848	2.067e-05	2.50233	2.38917
2849	2.068e-05	2.50371	2.38917
2850	2.069e-05	2.49819	2.39055
2851	2.07e-05	2.49957	2.38917
2852	2.071e-05	2.50371	2.39055
2853	2.072e-05	2.50371	2.39193
2854	2.073e-05	2.49681	2.38779
2855	2.074e-05	2.49957	2.38779
2856	2.075e-05	2.49819	2.39331
2857	2.076e-05	2.49681	2.39055
2858	2.077e-05	2.49405	2.39055
2859	2.078e-05	2.50233	2.38917
2860	2.079e-05	2.49957	2.38779
2861	2.08e-05	2.49819	2.39193
2862	2.081e-05	2.50371	2.38917
2863	2.082e-05	2.50233	2.39331
2864	2.083e-05	2.49819	2.39193
2865	2.084e-05	2.49819	2.39055
2866	2.085e-05	2.49957	2.39055
2867	2.086e-05	2.49819	2.39055
2868	2.087e-05	2.50371	2.39055
2869	2.088e-05	2.49957	2.39193
2870	2.089e-05	2.49819	2.39055
2871	2.09e-05	2.49957	2.39055
2872	2.091e-05	2.49819	2.39193
2873	2.092e-05	2.50371	2.39331
2874	2.093e-05	2.49819	2.39331
2875	2.094e-05	2.49957	2.39055
2876	2.095e-05	2.49543	2.39055
2877	2.096e-05	2.49819	2.39607
2878	2.097e-05	2.49957	2.39193
2879	2.098e-05	2.49819	2.39055
2880	2.099e-05	2.49957	2.39055
2881	2.1e-05	2.50233	2.39193
2882	2.101e-05	2.49681	2.39331
2883	2.102e-05	2.49681	2.39331
2884	2.103e-05	2.50371	2.39331
2885	2.104e-05	2.50233	2.39331
2886	2.105e-05	2.50233	2.39607
2887	2.106e-05	2.50233	2.39331
2888	2.107e-05	2.50233	2.39055
2889	2.108e-05	2.50371	2.39607
2890	2.109e-05	2.49681	2.39193
2891	2.11e-05	2.49957	2.39331
2892	2.111e-05	2.50371	2.39607
2893	2.112e-05	2.50371	2.39193
2894	2.113e-05	2.49819	2.39607
2895	2.114e-05	2.49819	2.39607
2896	2.115e-05	2.49819	2.39607
2897	2.116e-05	2.49957	2.39193
2898	2.117e-05	2.50371	2.39331
2899	2.118e-05	2.49957	2.39745
2900	2.119e-05	2.49819	2.39055
2901	2.12e-05	2.50647	2.39331
2902	2.121e-05	2.49819	2.39055
2903	2.122e-05	2.49957	2.39607
2904	2.123e-05	2.50233	2.39331
2905	2.124e-05	2.50371	2.39193
2906	2.125e-05	2.50371	2.39331
2907	2.126e-05	2.49819	2.39607
2908	2.127e-05	2.49819	2.39745
2909	2.128e-05	2.49957	2.39883
2910	2.129e-05	2.50233	2.39193
2911	2.13e-05	2.49819	2.39331
2912	2.131e-05	2.49957	2.39331
2913	2.132e-05	2.49819	2.39607
2914	2.133e-05	2.50371	2.39331
2915	2.134e-05	2.49957	2.39331
2916	2.135e-05	2.49957	2.39607
2917	2.136e-05	2.49819	2.39193
2918	2.137e-05	2.50233	2.39055
2919	2.138e-05	2.50233	2.39193
2920	2.139e-05	2.49819	2.39331
2921	2.14e-05	2.49957	2.39607
2922	2.141e-05	2.50233	2.39193
2923	2.142e-05	2.49957	2.39331
2924	2.143e-05	2.49957	2.39745
2925	2.144e-05	2.49819	2.39607
2926	2.145e-05	2.50371	2.39331
2927	2.146e-05	2.50233	2.39193
2928	2.147e-05	2.49957	2.39745
2929	2.148e-05	2.50647	2.39883
2930	2.149e-05	2.49681	2.39607
2931	2.15e-05	2.49957	2.39745
2932	2.151e-05	2.49819	2.39745
2933	2.152e-05	2.50371	2.39331
2934	2.153e-05	2.49819	2.39607
2935	2.154e-05	2.50371	2.39745
2936	2.155e-05	2.50233	2.39607
2937	2.156e-05	2.50371	2.40021
2938	2.157e-05	2.49957	2.39331
2939	2.158e-05	2.49957	2.39745
2940	2.159e-05	2.49957	2.39883
2941	2.16e-05	2.50233	2.40021
2942	2.161e-05	2.50371	2.39745
2943	2.162e-05	2.49819	2.39745
2944	2.163e-05	2.49819	2.39745
2945	2.164e-05	2.49819	2.39745
2946	2.165e-05	2.49819	2.39745
2947	2.166e-05	2.50233	2.39607
2948	2.167e-05	2.49681	2.39745
2949	2.168e-05	2.49819	2.40021
2950	2.169e-05	2.50233	2.39745
2951	2.17e-05	2.49957	2.39331
2952	2.171e-05	2.49681	2.39745
2953	2.172e-05	2.50233	2.39883
2954	2.173e-05	2.49819	2.39193
2955	2.174e-05	2.49957	2.39745
2956	2.175e-05	2.49681	2.39883
2957	2.176e-05	2.50233	2.39607
2958	2.177e-05	2.49957	2.39607
2959	2.178e-05	2.49957	2.39607
2960	2.179e-05	2.49681	2.39745
2961	2.18e-05	2.50233	2.39883
2962	2.181e-05	2.50371	2.39607
2963	2.182e-05	2.49957	2.39331
2964	2.183e-05	2.49957	2.39883
2965	2.184e-05	2.49957	2.39745
2966	2.185e-05	2.49819	2.39607
2967	2.186e-05	2.49957	2.39607
2968	2.187e-05	2.49957	2.39331
2969	2.188e-05	2.50371	2.40159
2970	2.189e-05	2.49957	2.39745
2971	2.19e-05	2.50371	2.39331
2972	2.191e-05	2.50233	2.39883
2973	2.192e-05	2.49819	2.39883
2974	2.193e-05	2.50233	2.40021
2975	2.194e-05	2.50371	2.39883
2976	2.195e-05	2.49819	2.39607
2977	2.196e-05	2.50509	2.39883
2978	2.197e-05	2.49957	2.39883
2979	2.198e-05	2.50233	2.39745
2980	2.199e-05	2.49819	2.39883
2981	2.2e-05	2.49957	2.39607
2982	2.201e-05	2.50371	2.39745
2983	2.202e-05	2.50371	2.39607
2984	2.203e-05	2.49681	2.39607
2985	2.204e-05	2.50371	2.40021
2986	2.205e-05	2.49957	2.39331
2987	2.206e-05	2.50233	2.39883
2988	2.207e-05	2.50233	2.39745
2989	2.208e-05	2.50233	2.39883
2990	2.209e-05	2.50371	2.39883
2991	2.21e-05	2.49957	2.39745
2992	2.211e-05	2.50233	2.39745
2993	2.212e-05	2.50233	2.39883
2994	2.213e-05	2.49819	2.39883
2995	2.214e-05	2.49681	2.40021
2996	2.215e-05	2.49957	2.39745
2997	2.216e-05	2.49957	2.40159
2998	2.217e-05	2.49681	2.39883
2999	2.218e-05	2.50233	2.39745
3000	2.219e-05	2.49819	2.39745
3001	2.22e-05	2.49957	2.40021
3002	2.221e-05	2.49957	2.39883
3003	2.222e-05	2.49543	2.39607
3004	2.223e-05	2.49543	2.39745
3005	2.224e-05	2.49681	2.39607
3006	2.225e-05	2.50233	2.39745
3007	2.226e-05	2.49819	2.40159
3008	2.227e-05	2.49681	2.40435
3009	2.228e-05	2.49819	2.40711
3010	2.229e-05	2.49957	2.40297
3011	2.23e-05	2.49957	2.39607
3012	2.231e-05	2.49819	2.39193
3013	2.232e-05	2.49819	2.39331
3014	2.233e-05	2.49819	2.39607
3015	2.234e-05	2.49819	2.39607
3016	2.235e-05	2.49543	2.40021
3017	2.236e-05	2.49819	2.40297
3018	2.237e-05	2.49267	2.40021
3019	2.238e-05	2.49819	2.40297
3020	2.239e-05	2.49819	2.40297
3021	2.24e-05	2.50233	2.40573
3022	2.241e-05	2.50233	2.40021
3023	2.242e-05	2.50371	2.39883
3024	2.243e-05	2.49819	2.40021
3025	2.244e-05	2.49957	2.40711
3026	2.245e-05	2.49819	2.40021
3027	2.246e-05	2.49819	2.39607
3028	2.247e-05	2.49819	2.39193
3029	2.248e-05	2.49543	2.38917
3030	2.249e-05	2.49681	2.39607
3031	2.25e-05	2.49957	2.39745
3032	2.251e-05	2.49819	2.40435
3033	2.252e-05	2.49819	2.40849
3034	2.253e-05	2.49681	2.40021
3035	2.254e-05	2.49819	2.39883
3036	2.255e-05	2.49819	2.40021
3037	2.256e-05	2.49819	2.40021
3038	2.257e-05	2.49819	2.39883
3039	2.258e-05	2.50233	2.40021
3040	2.259e-05	2.49957	2.39745
3041	2.26e-05	2.50233	2.39883
3042	2.261e-05	2.49957	2.40159
3043	2.262e-05	2.49957	2.40297
3044	2.263e-05	2.49957	2.40159
3045	2.264e-05	2.50233	2.40021
3046	2.265e-05	2.49957	2.39607
3047	2.266e-05	2.49681	2.40021
3048	2.267e-05	2.49957	2.40435
3049	2.268e-05	2.50371	2.40573
3050	2.269e-05	2.49957	2.40159
3051	2.27e-05	2.49819	2.40021
3052	2.271e-05	2.49543	2.39745
3053	2.272e-05	2.49957	2.40021
3054	2.273e-05	2.50371	2.39745
3055	2.274e-05	2.49957	2.40021
3056	2.275e-05	2.50233	2.40297
3057	2.276e-05	2.49819	2.40021
3058	2.277e-05	2.49957	2.40297
3059	2.278e-05	2.49681	2.40297
3060	2.279e-05	2.49957	2.40021
3061	2.28e-05	2.49957	2.40435
3062	2.281e-05	2.49957	2.40021
3063	2.282e-05	2.50371	2.40021
3064	2.283e-05	2.49819	2.40435
3065	2.284e-05	2.49819	2.40297
3066	2.285e-05	2.49543	2.39883
3067	2.286e-05	2.49957	2.40021
3068	2.287e-05	2.50233	2.39745
3069	2.288e-05	2.49819	2.40021
3070	2.289e-05	2.50233	2.40297
3071	2.29e-05	2.49681	2.40021
3072	2.291e-05	2.50371	2.40159
3073	2.292e-05	2.49957	2.40159
3074	2.293e-05	2.50233	2.40297
3075	2.294e-05	2.50371	2.40297
3076	2.295e-05	2.49957	2.40021
3077	2.296e-05	2.50233	2.40297
3078	2.297e-05	2.49681	2.40159
3079	2.298e-05	2.49957	2.40159
3080	2.299e-05	2.49681	2.40021
3081	2.3e-05	2.50647	2.40297
3082	2.301e-05	2.49267	2.40159
3083	2.302e-05	2.49957	2.40159
3084	2.303e-05	2.50233	2.39745
3085	2.304e-05	2.49957	2.40297
3086	2.305e-05	2.49819	2.40297
3087	2.306e-05	2.50371	2.39883
3088	2.307e-05	2.49957	2.40159
3089	2.308e-05	2.49681	2.40297
3090	2.309e-05	2.49681	2.40021
3091	2.31e-05	2.49543	2.40021
3092	2.311e-05	2.49819	2.40297
3093	2.312e-05	2.49957	2.40297
3094	2.313e-05	2.50371	2.40159
3095	2.314e-05	2.49957	2.40435
3096	2.315e-05	2.49819	2.40435
3097	2.316e-05	2.50233	2.40573
3098	2.317e-05	2.49681	2.40021
3099	2.318e-05	2.49681	2.40159
3100	2.319e-05	2.49819	2.40297
3101	2.32e-05	2.49957	2.40159
3102	2.321e-05	2.49957	2.40159
3103	2.322e-05	2.49819	2.40435
3104	2.323e-05	2.50233	2.40159
3105	2.324e-05	2.50371	2.40297
3106	2.325e-05	2.49543	2.39883
3107	2.326e-05	2.49681	2.40159
3108	2.327e-05	2.50233	2.40021
3109	2.328e-05	2.49543	2.40021
3110	2.329e-05	2.49957	2.40297
3111	2.33e-05	2.50233	2.40159
3112	2.331e-05	2.49957	2.40021
3113	2.332e-05	2.50371	2.40435
3114	2.333e-05	2.49681	2.40021
3115	2.334e-05	2.49681	2.40297
3116	2.335e-05	2.50233	2.40297
3117	2.336e-05	2.49819	2.40021
3118	2.337e-05	2.49957	2.40297
3119	2.338e-05	2.50371	2.39883
3120	2.339e-05	2.49681	2.40297
3121	2.34e-05	2.49957	2.40573
3122	2.341e-05	2.49819	2.40159
3123	2.342e-05	2.50371	2.40159
3124	2.343e-05	2.49819	2.40159
3125	2.344e-05	2.49957	2.40435
3126	2.345e-05	2.49681	2.40435
3127	2.346e-05	2.50371	2.40297
3128	2.347e-05	2.49957	2.40297
3129	2.348e-05	2.50371	2.40573
3130	2.349e-05	2.50371	2.40435
3131	2.35e-05	2.50509	2.40435
3132	2.351e-05	2.50371	2.40297
3133	2.352e-05	2.49957	2.40573
3134	2.353e-05	2.49957	2.40021
3135	2.354e-05	2.50233	2.40159
3136	2.355e-05	2.50233	2.40573
3137	2.356e-05	2.49819	2.40159
3138	2.357e-05	2.50509	2.40297
3139	2.358e-05	2.50233	2.40297
3140	2.359e-05	2.50233	2.40573
3141	2.36e-05	2.50371	2.40573
3142	2.361e-05	2.49957	2.40435
3143	2.362e-05	2.50371	2.40159
3144	2.363e-05	2.49957	2.40159
3145	2.364e-05	2.49819	2.40297
3146	2.365e-05	2.50233	2.40435
3147	2.366e-05	2.49957	2.40297
3148	2.367e-05	2.49957	2.40435
3149	2.368e-05	2.50509	2.40573
3150	2.369e-05	2.49957	2.40159
3151	2.37e-05	2.50371	2.40435
3152	2.371e-05	2.49819	2.40297
3153	2.372e-05	2.49543	2.40435
3154	2.373e-05	2.49957	2.40435
3155	2.374e-05	2.50233	2.40159
3156	2.375e-05	2.50233	2.40435
3157	2.376e-05	2.50233	2.40297
3158	2.377e-05	2.49819	2.40297
3159	2.378e-05	2.50233	2.40435
3160	2.379e-05	2.49819	2.40297
3161	2.38e-05	2.50233	2.40435
3162	2.381e-05	2.50371	2.40159
3163	2.382e-05	2.50371	2.40573
3164	2.383e-05	2.49957	2.40435
3165	2.384e-05	2.50233	2.40711
3166	2.385e-05	2.49957	2.40297
3167	2.386e-05	2.50233	2.40435
3168	2.387e-05	2.49681	2.40159
3169	2.388e-05	2.50233	2.40711
3170	2.389e-05	2.49819	2.40159
3171	2.39e-05	2.49681	2.40297
3172	2.391e-05	2.49819	2.40573
3173	2.392e-05	2.50233	2.40297
3174	2.393e-05	2.50233	2.40297
3175	2.394e-05	2.49957	2.40435
3176	2.395e-05	2.49819	2.40297
3177	2.396e-05	2.50233	2.40573
3178	2.397e-05	2.49957	2.40435
3179	2.398e-05	2.50509	2.40711
3180	2.399e-05	2.50233	2.40435
3181	2.4e-05	2.49819	2.40435
3182	2.401e-05	2.49957	2.40435
3183	2.402e-05	2.49681	2.40159
3184	2.403e-05	2.49957	2.40711
3185	2.404e-05	2.49819	2.40573
3186	2.405e-05	2.49819	2.40435
3187	2.406e-05	2.50233	2.40573
3188	2.407e-05	2.50371	2.40297
3189	2.408e-05	2.50233	2.40711
3190	2.409e-05	2.49819	2.40435
3191	2.41e-05	2.49957	2.40435
3192	2.411e-05	2.49957	2.40711
3193	2.412e-05	2.50371	2.40573
3194	2.413e-05	2.50371	2.40435
3195	2.414e-05	2.49819	2.40573
3196	2.415e-05	2.49957	2.40573
3197	2.416e-05	2.49681	2.40711
3198	2.417e-05	2.49819	2.40711
3199	2.418e-05	2.50509	2.40297
