Sample	Time(S)	CH1(V)	CH2(V)
0	-0.0016	1.42064	1.44554
1	-0.001599	1.41305	1.43643
2	-0.001598	1.40697	1.4334
3	-0.001597	1.40394	1.42884
4	-0.001596	1.39938	1.42429
5	-0.001595	1.39028	1.4167
6	-0.001594	1.38724	1.41063
7	-0.001593	1.3842	1.40759
8	-0.001592	1.37813	1.40304
9	-0.001591	1.37206	1.39545
10	-0.00159	1.36902	1.39241
11	-0.001589	1.36295	1.38482
12	-0.001588	1.35536	1.38178
13	-0.001587	1.35384	1.37571
14	-0.001586	1.34777	1.37116
15	-0.001585	1.34322	1.3666
16	-0.001584	1.33866	1.36205
17	-0.001583	1.33411	1.35749
18	-0.001582	1.32804	1.35142
19	-0.001581	1.32348	1.34839
20	-0.00158	1.32045	1.34383
21	-0.001579	1.31437	1.33776
22	-0.001578	1.3083	1.33169
23	-0.001577	1.30223	1.32865
24	-0.001576	1.29919	1.32106
25	-0.001575	1.29312	1.31803
26	-0.001574	1.28857	1.31499
27	-0.001573	1.28249	1.30588
28	-0.001572	1.27946	1.30436
29	-0.001571	1.27187	1.29829
30	-0.00157	1.26731	1.29374
31	-0.001569	1.26428	1.28766
32	-0.001568	1.26124	1.28311
33	-0.001567	1.25213	1.27856
34	-0.001566	1.25062	1.27248
35	-0.001565	1.24454	1.26945
36	-0.001564	1.23847	1.26338
37	-0.001563	1.2324	1.2573
38	-0.001562	1.23088	1.25427
39	-0.001561	1.22481	1.24971
40	-0.00156	1.21722	1.24668
41	-0.001559	1.21722	1.23757
42	-0.001558	1.20811	1.23453
43	-0.001557	1.20507	1.22998
44	-0.001556	1.199	1.22239
45	-0.001555	1.19597	1.21935
46	-0.001554	1.18989	1.2148
47	-0.001553	1.1823	1.20873
48	-0.001552	1.18079	1.20417
49	-0.001551	1.17471	1.19962
50	-0.00155	1.16864	1.19355
51	-0.001549	1.16105	1.18747
52	-0.001548	1.15953	1.18444
53	-0.001547	1.15194	1.17837
54	-0.001546	1.14891	1.17381
55	-0.001545	1.14587	1.17078
56	-0.001544	1.14283	1.1647
57	-0.001543	1.13221	1.15863
58	-0.001542	1.12765	1.15408
59	-0.001541	1.12614	1.15104
60	-0.00154	1.12006	1.14345
61	-0.001539	1.11247	1.14193
62	-0.001538	1.10944	1.13434
63	-0.001537	1.10488	1.13131
64	-0.001536	1.09729	1.12523
65	-0.001535	1.09274	1.11916
66	-0.001534	1.0897	1.11764
67	-0.001533	1.08363	1.11005
68	-0.001532	1.07756	1.10398
69	-0.001531	1.07452	1.10095
70	-0.00153	1.06693	1.09639
71	-0.001529	1.0639	1.09032
72	-0.001528	1.05782	1.08425
73	-0.001527	1.05631	1.08121
74	-0.001526	1.05023	1.07817
75	-0.001525	1.04264	1.0721
76	-0.001524	1.03961	1.06451
77	-0.001523	1.03354	1.06148
78	-0.001522	1.0305	1.05692
79	-0.001521	1.02594	1.05237
80	-0.00152	1.02139	1.0463
81	-0.001519	1.0138	1.04174
82	-0.001518	1.00773	1.03719
83	-0.001517	1.00469	1.03263
84	-0.001516	1.00014	1.02504
85	-0.001515	0.992548	1.02201
86	-0.001514	0.989512	1.01745
87	-0.001513	0.986476	1.01442
88	-0.001512	0.977368	1.00834
89	-0.001511	0.972813	1.00075
90	-0.00151	0.969777	0.997718
91	-0.001509	0.963705	0.993164
92	-0.001508	0.960669	0.98861
93	-0.001507	0.953079	0.98102
94	-0.001506	0.948525	0.977984
95	-0.001505	0.945489	0.97343
96	-0.001504	0.939416	0.970393
97	-0.001503	0.93638	0.967357
98	-0.001502	0.92879	0.958249
99	-0.001501	0.922718	0.956731
100	-0.0015	0.916646	0.949141
101	-0.001499	0.915128	0.947623
102	-0.001498	0.910574	0.941551
103	-0.001497	0.902983	0.935478
104	-0.001496	0.901465	0.932442
105	-0.001495	0.895393	0.92637
106	-0.001494	0.889321	0.923334
107	-0.001493	0.881731	0.91878
108	-0.001492	0.880213	0.912708
109	-0.001491	0.874141	0.906636
110	-0.00149	0.868068	0.9036
111	-0.001489	0.86655	0.900563
112	-0.001488	0.85896	0.896009
113	-0.001487	0.854406	0.888419
114	-0.001486	0.85137	0.886901
115	-0.001485	0.846816	0.880829
116	-0.001484	0.840744	0.876275
117	-0.001483	0.833153	0.873239
118	-0.001482	0.831635	0.868684
119	-0.001481	0.825563	0.862612
120	-0.00148	0.821009	0.859576
121	-0.001479	0.813419	0.85654
122	-0.001478	0.810383	0.84895
123	-0.001477	0.804311	0.845914
124	-0.001476	0.798238	0.84136
125	-0.001475	0.795202	0.836806
126	-0.001474	0.790648	0.835288
127	-0.001473	0.784576	0.829215
128	-0.001472	0.780022	0.824661
129	-0.001471	0.776986	0.820107
130	-0.00147	0.770914	0.815553
131	-0.001469	0.763323	0.814035
132	-0.001468	0.763323	0.807963
133	-0.001467	0.757251	0.804927
134	-0.001466	0.751179	0.798854
135	-0.001465	0.743589	0.795818
136	-0.001464	0.742071	0.791264
137	-0.001463	0.735999	0.788228
138	-0.001462	0.731444	0.783674
139	-0.001461	0.72689	0.77912
140	-0.00146	0.720818	0.776084
141	-0.001459	0.713228	0.773048
142	-0.001458	0.710192	0.770012
143	-0.001457	0.707156	0.765458
144	-0.001456	0.701083	0.760903
145	-0.001455	0.695011	0.757867
146	-0.001454	0.691975	0.754831
147	-0.001453	0.685903	0.751795
148	-0.001452	0.679831	0.747241
149	-0.001451	0.673759	0.744205
150	-0.00145	0.672241	0.739651
151	-0.001449	0.663132	0.738133
152	-0.001448	0.660096	0.733579
153	-0.001447	0.658578	0.73206
154	-0.001446	0.64947	0.729024
155	-0.001445	0.644916	0.725988
156	-0.001444	0.64188	0.72447
157	-0.001443	0.635808	0.719916
158	-0.001442	0.632771	0.71688
159	-0.001441	0.623663	0.713844
160	-0.00144	0.622145	0.710808
161	-0.001439	0.616073	0.70929
162	-0.001438	0.610001	0.706254
163	-0.001437	0.605447	0.704736
164	-0.001436	0.602411	0.7017
165	-0.001435	0.59482	0.698664
166	-0.001434	0.588748	0.694109
167	-0.001433	0.58723	0.694109
168	-0.001432	0.57964	0.691073
169	-0.001431	0.573568	0.689555
170	-0.00143	0.570532	0.688037
171	-0.001429	0.567496	0.686519
172	-0.001428	0.561423	0.683483
173	-0.001427	0.553833	0.681965
174	-0.001426	0.550797	0.680447
175	-0.001425	0.544725	0.678929
176	-0.001424	0.540171	0.677411
177	-0.001423	0.535617	0.675893
178	-0.001422	0.531063	0.672857
179	-0.001421	0.52499	0.671339
180	-0.00142	0.518918	0.669821
181	-0.001419	0.5174	0.668303
182	-0.001418	0.50981	0.668303
183	-0.001417	0.503738	0.663749
184	-0.001416	0.499184	0.665267
185	-0.001415	0.496148	0.66223
186	-0.001414	0.490075	0.660712
187	-0.001413	0.484003	0.659194
188	-0.001412	0.480967	0.659194
189	-0.001411	0.474895	0.657676
190	-0.00141	0.470341	0.657676
191	-0.001409	0.465787	0.65464
192	-0.001408	0.459714	0.656158
193	-0.001407	0.45516	0.651604
194	-0.001406	0.449088	0.651604
195	-0.001405	0.44757	0.650086
196	-0.001404	0.43998	0.650086
197	-0.001403	0.43239	0.64705
198	-0.001402	0.429354	0.648568
199	-0.001401	0.426317	0.645532
200	-0.0014	0.420245	0.644014
201	-0.001399	0.415691	0.644014
202	-0.001398	0.412655	0.642496
203	-0.001397	0.406583	0.644014
204	-0.001396	0.400511	0.640978
205	-0.001395	0.395957	0.642496
206	-0.001394	0.389884	0.63946
207	-0.001393	0.38533	0.63946
208	-0.001392	0.37774	0.637942
209	-0.001391	0.37774	0.636424
210	-0.00139	0.368632	0.637942
211	-0.001389	0.365596	0.634906
212	-0.001388	0.36256	0.634906
213	-0.001387	0.354969	0.633388
214	-0.001386	0.350415	0.633388
215	-0.001385	0.345861	0.63187
216	-0.001384	0.342825	0.63187
217	-0.001383	0.336753	0.63187
218	-0.001382	0.330681	0.628833
219	-0.001381	0.326127	0.628833
220	-0.00138	0.321572	0.627315
221	-0.001379	0.317018	0.628833
222	-0.001378	0.310946	0.625797
223	-0.001377	0.309428	0.627315
224	-0.001376	0.301838	0.624279
225	-0.001375	0.295766	0.625797
226	-0.001374	0.29273	0.622761
227	-0.001373	0.288175	0.622761
228	-0.001372	0.280585	0.622761
229	-0.001371	0.277549	0.624279
230	-0.00137	0.274513	0.621243
231	-0.001369	0.266923	0.621243
232	-0.001368	0.260851	0.619725
233	-0.001367	0.257815	0.619725
234	-0.001366	0.251742	0.619725
235	-0.001365	0.24567	0.618207
236	-0.001364	0.242634	0.619725
237	-0.001363	0.239598	0.616689
238	-0.001362	0.232008	0.616689
239	-0.001361	0.224418	0.616689
240	-0.00136	0.224418	0.615171
241	-0.001359	0.216827	0.615171
242	-0.001358	0.209237	0.615171
243	-0.001357	0.206201	0.615171
244	-0.001356	0.203165	0.613653
245	-0.001355	0.197093	0.615171
246	-0.001354	0.192539	0.612135
247	-0.001353	0.187985	0.612135
248	-0.001352	0.181912	0.612135
249	-0.001351	0.177358	0.612135
250	-0.00135	0.172804	0.610617
251	-0.001349	0.169768	0.610617
252	-0.001348	0.162178	0.610617
253	-0.001347	0.154588	0.610617
254	-0.001346	0.154588	0.610617
255	-0.001345	0.148515	0.607581
256	-0.001344	0.140925	0.606063
257	-0.001343	0.136371	0.606063
258	-0.001342	0.133335	0.606063
259	-0.001341	0.127263	0.607581
260	-0.00134	0.122709	0.604545
261	-0.001339	0.116636	0.604545
262	-0.001338	0.110564	0.604545
263	-0.001337	0.107528	0.604545
264	-0.001336	0.102974	0.603027
265	-0.001335	0.0999379	0.603027
266	-0.001334	0.0923477	0.603027
267	-0.001333	0.0862755	0.603027
268	-0.001332	0.0832395	0.601509
269	-0.001331	0.0786853	0.601509
270	-0.00133	0.0695771	0.601509
271	-0.001329	0.066541	0.601509
272	-0.001328	0.0635049	0.599991
273	-0.001327	0.0559147	0.599991
274	-0.001326	0.0528786	0.599991
275	-0.001325	0.0483244	0.599991
276	-0.001324	0.0422523	0.599991
277	-0.001323	0.0361801	0.598473
278	-0.001322	0.033144	0.598473
279	-0.001321	0.0285899	0.598473
280	-0.00132	0.0209996	0.598473
281	-0.001319	0.0149275	0.596955
282	-0.001318	0.0134094	0.596955
283	-0.001317	0.00733724	0.596955
284	-0.001316	-0.000252978	0.596955
285	-0.001315	-0.00632516	0.596955
286	-0.001314	0.00126507	0.596955
287	-0.001313	0.00733724	0.595437
288	-0.001312	0.0149275	0.595437
289	-0.001311	0.0149275	0.595437
290	-0.00131	0.0225177	0.593919
291	-0.001309	0.0301079	0.593919
292	-0.001308	0.033144	0.593919
293	-0.001307	0.0361801	0.593919
294	-0.001306	0.0422523	0.593919
295	-0.001305	0.0483244	0.5924
296	-0.001304	0.0528786	0.5924
297	-0.001303	0.0589507	0.5924
298	-0.001302	0.0635049	0.5924
299	-0.001301	0.0650229	0.5924
300	-0.0013	0.0756492	0.5924
301	-0.001299	0.0802034	0.5924
302	-0.001298	0.0862755	0.5924
303	-0.001297	0.0862755	0.5924
304	-0.001296	0.0923477	0.590882
305	-0.001295	0.0999379	0.590882
306	-0.001294	0.104492	0.590882
307	-0.001293	0.107528	0.590882
308	-0.001292	0.1136	0.590882
309	-0.001291	0.121191	0.590882
310	-0.00129	0.122709	0.589364
311	-0.001289	0.128781	0.589364
312	-0.001288	0.133335	0.589364
313	-0.001287	0.136371	0.589364
314	-0.001286	0.143961	0.589364
315	-0.001285	0.148515	0.589364
316	-0.001284	0.154588	0.587846
317	-0.001283	0.156106	0.587846
318	-0.001282	0.163696	0.587846
319	-0.001281	0.169768	0.587846
320	-0.00128	0.172804	0.58481
321	-0.001279	0.177358	0.58481
322	-0.001278	0.18343	0.58481
323	-0.001277	0.187985	0.58481
324	-0.001276	0.192539	0.58481
325	-0.001275	0.198611	0.58481
326	-0.001274	0.204683	0.583292
327	-0.001273	0.206201	0.583292
328	-0.001272	0.210755	0.581774
329	-0.001271	0.218345	0.583292
330	-0.00127	0.224418	0.583292
331	-0.001269	0.225936	0.581774
332	-0.001268	0.233526	0.581774
333	-0.001267	0.23808	0.581774
334	-0.001266	0.242634	0.581774
335	-0.001265	0.24567	0.580256
336	-0.001264	0.251742	0.580256
337	-0.001263	0.256297	0.581774
338	-0.001262	0.260851	0.578738
339	-0.001261	0.266923	0.578738
340	-0.00126	0.274513	0.580256
341	-0.001259	0.277549	0.580256
342	-0.001258	0.280585	0.578738
343	-0.001257	0.288175	0.578738
344	-0.001256	0.294248	0.578738
345	-0.001255	0.294248	0.578738
346	-0.001254	0.30032	0.578738
347	-0.001253	0.30791	0.578738
348	-0.001252	0.310946	0.578738
349	-0.001251	0.3155	0.578738
350	-0.00125	0.321572	0.57722
351	-0.001249	0.326127	0.57722
352	-0.001248	0.330681	0.57722
353	-0.001247	0.336753	0.57722
354	-0.001246	0.342825	0.57722
355	-0.001245	0.345861	0.57722
356	-0.001244	0.348897	0.575702
357	-0.001243	0.356487	0.575702
358	-0.001242	0.36256	0.57722
359	-0.001241	0.364078	0.574184
360	-0.00124	0.37015	0.575702
361	-0.001239	0.37774	0.575702
362	-0.001238	0.380776	0.575702
363	-0.001237	0.383812	0.574184
364	-0.001236	0.389884	0.574184
365	-0.001235	0.395957	0.574184
366	-0.001234	0.400511	0.574184
367	-0.001233	0.406583	0.574184
368	-0.001232	0.411137	0.574184
369	-0.001231	0.414173	0.572666
370	-0.00123	0.420245	0.572666
371	-0.001229	0.427836	0.572666
372	-0.001228	0.429354	0.572666
373	-0.001227	0.435426	0.575702
374	-0.001226	0.438462	0.572666
375	-0.001225	0.44757	0.572666
376	-0.001224	0.449088	0.571148
377	-0.001223	0.45516	0.571148
378	-0.001222	0.459714	0.571148
379	-0.001221	0.465787	0.571148
380	-0.00122	0.470341	0.571148
381	-0.001219	0.476413	0.571148
382	-0.001218	0.482485	0.568112
383	-0.001217	0.485521	0.571148
384	-0.001216	0.490075	0.571148
385	-0.001215	0.496148	0.571148
386	-0.001214	0.50222	0.56963
387	-0.001213	0.505256	0.56963
388	-0.001212	0.50981	0.56963
389	-0.001211	0.5174	0.56963
390	-0.00121	0.520436	0.56963
391	-0.001209	0.526508	0.56963
392	-0.001208	0.531063	0.56963
393	-0.001207	0.535617	0.56963
394	-0.001206	0.540171	0.56963
395	-0.001205	0.546243	0.56963
396	-0.001204	0.552315	0.56963
397	-0.001203	0.553833	0.56963
398	-0.001202	0.558387	0.56963
399	-0.001201	0.565978	0.56963
400	-0.0012	0.570532	0.56963
401	-0.001199	0.576604	0.56963
402	-0.001198	0.57964	0.56963
403	-0.001197	0.588748	0.56963
404	-0.001196	0.588748	0.56963
405	-0.001195	0.59482	0.56963
406	-0.001194	0.600893	0.56963
407	-0.001193	0.605447	0.56963
408	-0.001192	0.610001	0.571148
409	-0.001191	0.614555	0.571148
410	-0.00119	0.620627	0.571148
411	-0.001189	0.623663	0.572666
412	-0.001188	0.631253	0.572666
413	-0.001187	0.63429	0.572666
414	-0.001186	0.640362	0.574184
415	-0.001185	0.643398	0.574184
416	-0.001184	0.64947	0.57722
417	-0.001183	0.65706	0.57722
418	-0.001182	0.660096	0.578738
419	-0.001181	0.66465	0.580256
420	-0.00118	0.670723	0.580256
421	-0.001179	0.673759	0.583292
422	-0.001178	0.678313	0.58481
423	-0.001177	0.684385	0.589364
424	-0.001176	0.691975	0.590882
425	-0.001175	0.691975	0.590882
426	-0.001174	0.698047	0.595437
427	-0.001173	0.705638	0.598473
428	-0.001172	0.710192	0.601509
429	-0.001171	0.71171	0.604545
430	-0.00117	0.7193	0.607581
431	-0.001169	0.72689	0.612135
432	-0.001168	0.729926	0.615171
433	-0.001167	0.732962	0.621243
434	-0.001166	0.740553	0.625797
435	-0.001165	0.742071	0.63187
436	-0.001164	0.749661	0.636424
437	-0.001163	0.755733	0.642496
438	-0.001162	0.761805	0.64705
439	-0.001161	0.763323	0.65464
440	-0.00116	0.767877	0.660712
441	-0.001159	0.775468	0.666785
442	-0.001158	0.78154	0.672857
443	-0.001157	0.783058	0.683483
444	-0.001156	0.78913	0.689555
445	-0.001155	0.79672	0.695627
446	-0.001154	0.798238	0.704736
447	-0.001153	0.804311	0.710808
448	-0.001152	0.810383	0.721434
449	-0.001151	0.811901	0.727506
450	-0.00115	0.819491	0.736615
451	-0.001149	0.822527	0.747241
452	-0.001148	0.830117	0.753313
453	-0.001147	0.831635	0.760903
454	-0.001146	0.837707	0.770012
455	-0.001145	0.846816	0.777602
456	-0.001144	0.85137	0.788228
457	-0.001143	0.852888	0.795818
458	-0.001142	0.85896	0.800372
459	-0.001141	0.865032	0.812517
460	-0.00114	0.868068	0.818589
461	-0.001139	0.874141	0.824661
462	-0.001138	0.880213	0.832251
463	-0.001137	0.881731	0.84136
464	-0.001136	0.889321	0.847432
465	-0.001135	0.893875	0.855022
466	-0.001134	0.899947	0.862612
467	-0.001133	0.902983	0.868684
468	-0.001132	0.907538	0.874757
469	-0.001131	0.915128	0.880829
470	-0.00113	0.916646	0.885383
471	-0.001129	0.922718	0.892973
472	-0.001128	0.930308	0.900563
473	-0.001127	0.934862	0.906636
474	-0.001126	0.937898	0.91119
475	-0.001125	0.945489	0.91878
476	-0.001124	0.948525	0.923334
477	-0.001123	0.951561	0.929406
478	-0.001122	0.960669	0.93396
479	-0.001121	0.963705	0.941551
480	-0.00112	0.969777	0.947623
481	-0.001119	0.972813	0.952177
482	-0.001118	0.977368	0.956731
483	-0.001117	0.986476	0.964321
484	-0.001116	0.986476	0.967357
485	-0.001115	0.994066	0.97343
486	-0.001114	0.997102	0.977984
487	-0.001113	1.00469	0.985574
488	-0.001112	1.00621	0.98861
489	-0.001111	1.0138	0.9962
490	-0.00111	1.01835	0.999236
491	-0.001109	1.02291	1.00531
492	-0.001108	1.02746	1.00986
493	-0.001107	1.03505	1.01593
494	-0.001106	1.03809	1.02201
495	-0.001105	1.04264	1.02504
496	-0.001104	1.05023	1.03112
497	-0.001103	1.05479	1.03719
498	-0.001102	1.05782	1.04174
499	-0.001101	1.06238	1.0463
500	-0.0011	1.06845	1.05237
501	-0.001099	1.07452	1.05844
502	-0.001098	1.07756	1.06148
503	-0.001097	1.08363	1.06755
504	-0.001096	1.0897	1.0721
505	-0.001095	1.09122	1.07817
506	-0.001094	1.09881	1.08273
507	-0.001093	1.10488	1.08728
508	-0.001092	1.10792	1.09336
509	-0.001091	1.11247	1.09943
510	-0.00109	1.11551	1.10398
511	-0.001089	1.12462	1.10854
512	-0.001088	1.12765	1.11461
513	-0.001087	1.13221	1.11764
514	-0.001086	1.13828	1.12523
515	-0.001085	1.14587	1.12979
516	-0.001084	1.14739	1.13434
517	-0.001083	1.15346	1.14041
518	-0.001082	1.15953	1.14497
519	-0.001081	1.16105	1.14952
520	-0.00108	1.16864	1.15408
521	-0.001079	1.17471	1.16015
522	-0.001078	1.17775	1.1647
523	-0.001077	1.18079	1.16926
524	-0.001076	1.18838	1.17229
525	-0.001075	1.19445	1.17837
526	-0.001074	1.19748	1.18444
527	-0.001073	1.20356	1.18899
528	-0.001072	1.20811	1.19355
529	-0.001071	1.2157	1.19962
530	-0.00107	1.21874	1.20569
531	-0.001069	1.22481	1.20873
532	-0.001068	1.22784	1.2148
533	-0.001067	1.23088	1.21935
534	-0.001066	1.23847	1.22542
535	-0.001065	1.24454	1.22998
536	-0.001064	1.2491	1.23605
537	-0.001063	1.25213	1.24061
538	-0.001062	1.25972	1.2482
539	-0.001061	1.2658	1.25123
540	-0.00106	1.2658	1.25579
541	-0.001059	1.27187	1.25882
542	-0.001058	1.27946	1.26489
543	-0.001057	1.27946	1.27097
544	-0.001056	1.28705	1.27552
545	-0.001055	1.29312	1.28007
546	-0.001054	1.29767	1.28463
547	-0.001053	1.30071	1.2907
548	-0.001052	1.30982	1.29374
549	-0.001051	1.31286	1.30133
550	-0.00105	1.31893	1.30436
551	-0.001049	1.32348	1.30892
552	-0.001048	1.32804	1.31347
553	-0.001047	1.33563	1.32106
554	-0.001046	1.33563	1.3241
555	-0.001045	1.34322	1.32865
556	-0.001044	1.35081	1.33472
557	-0.001043	1.35384	1.33776
558	-0.001042	1.35536	1.34383
559	-0.001041	1.36143	1.3499
560	-0.00104	1.36902	1.35142
561	-0.001039	1.36902	1.35901
562	-0.001038	1.37813	1.36357
563	-0.001037	1.38117	1.36812
564	-0.001036	1.38572	1.37419
565	-0.001035	1.38876	1.37571
566	-0.001034	1.39787	1.3833
567	-0.001033	1.4009	1.38937
568	-0.001032	1.40697	1.39241
569	-0.001031	1.41305	1.4
570	-0.00103	1.4176	1.40455
571	-0.001029	1.42215	1.40911
572	-0.001028	1.42671	1.41518
573	-0.001027	1.4343	1.41822
574	-0.001026	1.43885	1.42581
575	-0.001025	1.44189	1.43036
576	-0.001024	1.44796	1.43492
577	-0.001023	1.45403	1.43947
578	-0.001022	1.45859	1.44554
579	-0.001021	1.46162	1.4501
580	-0.00102	1.46921	1.45465
581	-0.001019	1.47225	1.46072
582	-0.001018	1.4768	1.46376
583	-0.001017	1.48288	1.46831
584	-0.001016	1.48743	1.4759
585	-0.001015	1.4935	1.48046
586	-0.001014	1.49806	1.48349
587	-0.001013	1.50261	1.48956
588	-0.001012	1.50868	1.49564
589	-0.001011	1.51172	1.49867
590	-0.00101	1.51931	1.50475
591	-0.001009	1.52386	1.51082
592	-0.001008	1.52386	1.51537
593	-0.001007	1.53297	1.52144
594	-0.001006	1.53904	1.52448
595	-0.001005	1.54512	1.52903
596	-0.001004	1.54512	1.53511
597	-0.001003	1.55271	1.53814
598	-0.001002	1.5603	1.54421
599	-0.001001	1.56181	1.55029
600	-0.001	1.56789	1.55484
601	-0.000999	1.57244	1.55939
602	-0.000998	1.58003	1.56547
603	-0.000997	1.58307	1.57002
604	-0.000996	1.58762	1.57306
605	-0.000995	1.59369	1.58065
606	-0.000994	1.59673	1.5852
607	-0.000993	1.60128	1.58976
608	-0.000992	1.61039	1.59431
609	-0.000991	1.61343	1.6019
610	-0.00099	1.61646	1.60494
611	-0.000989	1.62102	1.60949
612	-0.000988	1.62709	1.61556
613	-0.000987	1.63316	1.62163
614	-0.000986	1.63923	1.62619
615	-0.000985	1.64227	1.63074
616	-0.000984	1.64683	1.6353
617	-0.000983	1.64986	1.63833
618	-0.000982	1.65745	1.64441
619	-0.000981	1.66352	1.64896
620	-0.00098	1.66656	1.65503
621	-0.000979	1.67263	1.65807
622	-0.000978	1.68022	1.66566
623	-0.000977	1.68326	1.67173
624	-0.000976	1.68781	1.67325
625	-0.000975	1.69388	1.67932
626	-0.000974	1.69996	1.68691
627	-0.000973	1.70299	1.68995
628	-0.000972	1.70755	1.69602
629	-0.000971	1.71362	1.70057
630	-0.00097	1.71666	1.70361
631	-0.000969	1.71969	1.70968
632	-0.000968	1.7288	1.71424
633	-0.000967	1.73487	1.71879
634	-0.000966	1.73639	1.72334
635	-0.000965	1.73943	1.72942
636	-0.000964	1.74853	1.73549
637	-0.000963	1.75461	1.73852
638	-0.000962	1.75461	1.74308
639	-0.000961	1.7622	1.74763
640	-0.00096	1.76979	1.75522
641	-0.000959	1.76979	1.75826
642	-0.000958	1.77738	1.76281
643	-0.000957	1.78345	1.76888
644	-0.000956	1.78649	1.77496
645	-0.000955	1.78952	1.77799
646	-0.000954	1.79711	1.78407
647	-0.000953	1.80318	1.78862
648	-0.000952	1.80622	1.79317
649	-0.000951	1.81077	1.79925
650	-0.00095	1.81836	1.80532
651	-0.000949	1.82444	1.80987
652	-0.000948	1.82595	1.81291
653	-0.000947	1.83203	1.81898
654	-0.000946	1.83506	1.82505
655	-0.000945	1.84113	1.82809
656	-0.000944	1.84721	1.83264
657	-0.000943	1.85328	1.84023
658	-0.000942	1.85632	1.84327
659	-0.000941	1.85935	1.84782
660	-0.00094	1.86694	1.8539
661	-0.000939	1.8715	1.85693
662	-0.000938	1.87453	1.863
663	-0.000937	1.8806	1.86908
664	-0.000936	1.88819	1.87211
665	-0.000935	1.88971	1.87818
666	-0.000934	1.89578	1.88426
667	-0.000933	1.90337	1.88881
668	-0.000932	1.90641	1.89336
669	-0.000931	1.91096	1.89792
670	-0.00093	1.91704	1.90247
671	-0.000929	1.92311	1.90854
672	-0.000928	1.92615	1.91462
673	-0.000927	1.92918	1.91614
674	-0.000926	1.93677	1.92221
675	-0.000925	1.94436	1.92828
676	-0.000924	1.94436	1.93435
677	-0.000923	1.94892	1.93739
678	-0.000922	1.95651	1.94346
679	-0.000921	1.96106	1.94953
680	-0.00092	1.96713	1.95257
681	-0.000919	1.9732	1.95864
682	-0.000918	1.97624	1.96319
683	-0.000917	1.98079	1.96927
684	-0.000916	1.98535	1.97382
685	-0.000915	1.99142	1.97837
686	-0.000914	1.99901	1.98445
687	-0.000913	1.99901	1.98748
688	-0.000912	2.00812	1.99356
689	-0.000911	2.01116	1.99963
690	-0.00091	2.01419	2.00266
691	-0.000909	2.02026	2.00874
692	-0.000908	2.02785	2.01177
693	-0.000907	2.03241	2.01936
694	-0.000906	2.03544	2.0224
695	-0.000905	2.04152	2.02695
696	-0.000904	2.04759	2.03302
697	-0.000903	2.05062	2.0391
698	-0.000902	2.0567	2.04213
699	-0.000901	2.06125	2.04972
700	-0.0009	2.06732	2.05276
701	-0.000899	2.07188	2.05883
702	-0.000898	2.07795	2.06339
703	-0.000897	2.08099	2.06794
704	-0.000896	2.08402	2.07401
705	-0.000895	2.09161	2.07857
706	-0.000894	2.0992	2.08464
707	-0.000893	2.10072	2.08919
708	-0.000892	2.10679	2.09223
709	-0.000891	2.10983	2.09678
710	-0.00089	2.11894	2.10437
711	-0.000889	2.12046	2.10741
712	-0.000888	2.12653	2.11196
713	-0.000887	2.13108	2.11803
714	-0.000886	2.13412	2.12107
715	-0.000885	2.13867	2.12563
716	-0.000884	2.14626	2.13322
717	-0.000883	2.15233	2.13625
718	-0.000882	2.15233	2.14081
719	-0.000881	2.15992	2.14688
720	-0.00088	2.16751	2.15295
721	-0.000879	2.17055	2.1575
722	-0.000878	2.17662	2.16054
723	-0.000877	2.18118	2.16661
724	-0.000876	2.18725	2.17268
725	-0.000875	2.19028	2.17724
726	-0.000874	2.19636	2.18331
727	-0.000873	2.20243	2.18483
728	-0.000872	2.20395	2.19394
729	-0.000871	2.21154	2.19697
730	-0.00087	2.21609	2.20001
731	-0.000869	2.22216	2.20608
732	-0.000868	2.22216	2.21367
733	-0.000867	2.22975	2.21671
734	-0.000866	2.23734	2.22126
735	-0.000865	2.24038	2.22733
736	-0.000864	2.24342	2.23037
737	-0.000863	2.24949	2.23644
738	-0.000862	2.25404	2.24251
739	-0.000861	2.2586	2.24555
740	-0.00086	2.26467	2.2501
741	-0.000859	2.27226	2.25466
742	-0.000858	2.27378	2.26073
743	-0.000857	2.28289	2.26529
744	-0.000856	2.28592	2.26984
745	-0.000855	2.29048	2.27439
746	-0.000854	2.29351	2.28047
747	-0.000853	2.29958	2.2835
748	-0.000852	2.30566	2.28957
749	-0.000851	2.31021	2.29413
750	-0.00085	2.31476	2.29716
751	-0.000849	2.31932	2.30172
752	-0.000848	2.32691	2.30779
753	-0.000847	2.32843	2.31083
754	-0.000846	2.3345	2.31386
755	-0.000845	2.34057	2.31993
756	-0.000844	2.34209	2.32297
757	-0.000843	2.3512	2.32904
758	-0.000842	2.35727	2.33208
759	-0.000841	2.36031	2.33663
760	-0.00084	2.36334	2.34119
761	-0.000839	2.37093	2.34574
762	-0.000838	2.37549	2.3503
763	-0.000837	2.377	2.35333
764	-0.000836	2.38611	2.35789
765	-0.000835	2.39067	2.36092
766	-0.000834	2.39674	2.36699
767	-0.000833	2.39826	2.37003
768	-0.000832	2.40585	2.37307
769	-0.000831	2.41192	2.37914
770	-0.00083	2.41496	2.37914
771	-0.000829	2.41951	2.38217
772	-0.000828	2.4271	2.38521
773	-0.000827	2.43165	2.38976
774	-0.000826	2.43317	2.3928
775	-0.000825	2.44228	2.39584
776	-0.000824	2.44683	2.39736
777	-0.000823	2.44835	2.40039
778	-0.000822	2.45442	2.40191
779	-0.000821	2.4605	2.40343
780	-0.00082	2.46809	2.40646
781	-0.000819	2.47112	2.40798
782	-0.000818	2.47568	2.41254
783	-0.000817	2.48023	2.41405
784	-0.000816	2.48327	2.41557
785	-0.000815	2.4863	2.41557
786	-0.000814	2.48327	2.41861
787	-0.000813	2.48023	2.41861
788	-0.000812	2.47568	2.42164
789	-0.000811	2.46961	2.42164
790	-0.00081	2.46353	2.42164
791	-0.000809	2.4605	2.42316
792	-0.000808	2.45442	2.42316
793	-0.000807	2.44835	2.42316
794	-0.000806	2.44835	2.42468
795	-0.000805	2.43924	2.42468
796	-0.000804	2.43317	2.42468
797	-0.000803	2.43317	2.42468
798	-0.000802	2.42558	2.42316
799	-0.000801	2.42103	2.42316
800	-0.0008	2.41344	2.42316
801	-0.000799	2.4104	2.42164
802	-0.000798	2.40585	2.42164
803	-0.000797	2.39826	2.42164
804	-0.000796	2.39674	2.42013
805	-0.000795	2.38915	2.42013
806	-0.000794	2.38459	2.41861
807	-0.000793	2.37852	2.41709
808	-0.000792	2.377	2.41405
809	-0.000791	2.36941	2.41405
810	-0.00079	2.36486	2.41102
811	-0.000789	2.36182	2.40798
812	-0.000788	2.35575	2.40495
813	-0.000787	2.34968	2.40495
814	-0.000786	2.34513	2.39887
815	-0.000785	2.34209	2.39584
816	-0.000784	2.33602	2.39128
817	-0.000783	2.32995	2.38825
818	-0.000782	2.32691	2.38066
819	-0.000781	2.32235	2.37458
820	-0.00078	2.31476	2.37003
821	-0.000779	2.31173	2.36244
822	-0.000778	2.30869	2.35637
823	-0.000777	2.29958	2.3503
824	-0.000776	2.29503	2.34422
825	-0.000775	2.29199	2.3336
826	-0.000774	2.28592	2.32753
827	-0.000773	2.28137	2.31993
828	-0.000772	2.27378	2.31386
829	-0.000771	2.27226	2.30779
830	-0.00077	2.26619	2.30172
831	-0.000769	2.26011	2.29565
832	-0.000768	2.25708	2.28654
833	-0.000767	2.25101	2.28198
834	-0.000766	2.24493	2.27439
835	-0.000765	2.24038	2.26984
836	-0.000764	2.23734	2.26529
837	-0.000763	2.22975	2.25921
838	-0.000762	2.2252	2.25466
839	-0.000761	2.22216	2.24859
840	-0.00076	2.21609	2.24251
841	-0.000759	2.21002	2.23796
842	-0.000758	2.20547	2.23189
843	-0.000757	2.20243	2.22582
844	-0.000756	2.19636	2.22126
845	-0.000755	2.1918	2.21671
846	-0.000754	2.18725	2.20912
847	-0.000753	2.18118	2.20608
848	-0.000752	2.1751	2.20153
849	-0.000751	2.17359	2.19697
850	-0.00075	2.16751	2.19242
851	-0.000749	2.16144	2.18483
852	-0.000748	2.15233	2.18027
853	-0.000747	2.15233	2.17572
854	-0.000746	2.14778	2.16965
855	-0.000745	2.14171	2.16509
856	-0.000744	2.13412	2.16054
857	-0.000743	2.1326	2.15599
858	-0.000742	2.12653	2.14991
859	-0.000741	2.12046	2.14232
860	-0.00074	2.11894	2.14081
861	-0.000739	2.10983	2.13473
862	-0.000738	2.10679	2.13018
863	-0.000737	2.10376	2.12563
864	-0.000736	2.09768	2.12107
865	-0.000735	2.09009	2.115
866	-0.000734	2.08554	2.11196
867	-0.000733	2.0825	2.10589
868	-0.000732	2.07795	2.09982
869	-0.000731	2.07188	2.09375
870	-0.00073	2.06732	2.09071
871	-0.000729	2.06125	2.08616
872	-0.000728	2.05822	2.08312
873	-0.000727	2.05214	2.07553
874	-0.000726	2.04911	2.07098
875	-0.000725	2.04152	2.0649
876	-0.000724	2.03544	2.06035
877	-0.000723	2.03241	2.05428
878	-0.000722	2.02937	2.05124
879	-0.000721	2.02178	2.04517
880	-0.00072	2.01419	2.04061
881	-0.000719	2.01419	2.03454
882	-0.000718	2.0066	2.02999
883	-0.000717	2.00205	2.02543
884	-0.000716	1.99749	2.02088
885	-0.000715	1.99294	2.01481
886	-0.000714	1.98687	2.01177
887	-0.000713	1.98231	2.0057
888	-0.000712	1.97624	1.99963
889	-0.000711	1.9732	1.99811
890	-0.00071	1.96561	1.99052
891	-0.000709	1.96258	1.98597
892	-0.000708	1.95802	1.98141
893	-0.000707	1.95043	1.97686
894	-0.000706	1.9474	1.9723
895	-0.000705	1.94436	1.96623
896	-0.000704	1.93677	1.96016
897	-0.000703	1.92918	1.95712
898	-0.000702	1.92766	1.94953
899	-0.000701	1.92159	1.94498
900	-0.0007	1.91704	1.94042
901	-0.000699	1.91096	1.93587
902	-0.000698	1.90641	1.93132
903	-0.000697	1.90337	1.92373
904	-0.000696	1.89578	1.92069
905	-0.000695	1.88971	1.91462
906	-0.000694	1.88668	1.91006
907	-0.000693	1.87909	1.90551
908	-0.000692	1.87757	1.90095
909	-0.000691	1.8715	1.89488
910	-0.00069	1.86694	1.89185
911	-0.000689	1.85783	1.88426
912	-0.000688	1.85783	1.8797
913	-0.000687	1.85328	1.87515
914	-0.000686	1.84721	1.87059
915	-0.000685	1.83962	1.86452
916	-0.000684	1.83962	1.85845
917	-0.000683	1.83051	1.85541
918	-0.000682	1.82595	1.84782
919	-0.000681	1.82292	1.84479
920	-0.00068	1.81836	1.84175
921	-0.000679	1.81077	1.83416
922	-0.000678	1.80622	1.82961
923	-0.000677	1.80318	1.82505
924	-0.000676	1.79711	1.8205
925	-0.000675	1.78952	1.81443
926	-0.000674	1.78649	1.80835
927	-0.000673	1.78345	1.80684
928	-0.000672	1.77738	1.79925
929	-0.000671	1.76979	1.79621
930	-0.00067	1.76979	1.79166
931	-0.000669	1.7622	1.78558
932	-0.000668	1.75612	1.77951
933	-0.000667	1.75309	1.77647
934	-0.000666	1.74853	1.7704
935	-0.000665	1.73943	1.76433
936	-0.000664	1.73639	1.75978
937	-0.000663	1.73335	1.75522
938	-0.000662	1.7288	1.74915
939	-0.000661	1.71969	1.7446
940	-0.00066	1.71666	1.74156
941	-0.000659	1.71058	1.73549
942	-0.000658	1.70755	1.73093
943	-0.000657	1.70299	1.72486
944	-0.000656	1.69996	1.72031
945	-0.000655	1.69237	1.71575
946	-0.000654	1.68629	1.7112
947	-0.000653	1.68478	1.70513
948	-0.000652	1.67719	1.70057
949	-0.000651	1.67263	1.69754
950	-0.00065	1.66656	1.69146
951	-0.000649	1.66352	1.68691
952	-0.000648	1.65745	1.68084
953	-0.000647	1.64986	1.67477
954	-0.000646	1.64683	1.67021
955	-0.000645	1.64227	1.66718
956	-0.000644	1.63923	1.65959
957	-0.000643	1.63316	1.65503
958	-0.000642	1.63013	1.652
959	-0.000641	1.62254	1.64592
960	-0.00064	1.61646	1.63985
961	-0.000639	1.61343	1.63681
962	-0.000638	1.61039	1.63226
963	-0.000637	1.60128	1.62771
964	-0.000636	1.59825	1.62163
965	-0.000635	1.59369	1.61556
966	-0.000634	1.58762	1.61101
967	-0.000633	1.58459	1.60797
968	-0.000632	1.57851	1.6019
969	-0.000631	1.57548	1.59886
970	-0.00063	1.56637	1.59127
971	-0.000629	1.56181	1.58672
972	-0.000628	1.5603	1.58368
973	-0.000627	1.55271	1.57761
974	-0.000626	1.54815	1.57154
975	-0.000625	1.54208	1.56698
976	-0.000624	1.53904	1.56091
977	-0.000623	1.53145	1.55636
978	-0.000622	1.52842	1.55029
979	-0.000621	1.52538	1.54573
980	-0.00062	1.51931	1.54118
981	-0.000619	1.51172	1.53814
982	-0.000618	1.50868	1.53359
983	-0.000617	1.50261	1.526
984	-0.000616	1.49806	1.52296
985	-0.000615	1.4935	1.51689
986	-0.000614	1.49047	1.51234
987	-0.000613	1.48288	1.50778
988	-0.000612	1.47529	1.50171
989	-0.000611	1.47529	1.49715
990	-0.00061	1.4677	1.49412
991	-0.000609	1.46314	1.48956
992	-0.000608	1.46011	1.48197
993	-0.000607	1.45403	1.47742
994	-0.000606	1.44796	1.47135
995	-0.000605	1.44189	1.46831
996	-0.000604	1.43885	1.46376
997	-0.000603	1.4343	1.45769
998	-0.000602	1.42671	1.45161
999	-0.000601	1.42367	1.44858
1000	-0.0006	1.42064	1.44402
1001	-0.000599	1.41305	1.43795
1002	-0.000598	1.40697	1.4334
1003	-0.000597	1.40394	1.42732
1004	-0.000596	1.39787	1.42277
1005	-0.000595	1.39028	1.4167
1006	-0.000594	1.38876	1.41214
1007	-0.000593	1.3842	1.40759
1008	-0.000592	1.37813	1.40304
1009	-0.000591	1.37054	1.39545
1010	-0.00059	1.3675	1.39089
1011	-0.000589	1.36143	1.38786
1012	-0.000588	1.35536	1.38178
1013	-0.000587	1.35232	1.37419
1014	-0.000586	1.35081	1.37116
1015	-0.000585	1.34322	1.3666
1016	-0.000584	1.33563	1.36205
1017	-0.000583	1.33563	1.35749
1018	-0.000582	1.32804	1.35142
1019	-0.000581	1.32348	1.34687
1020	-0.00058	1.31893	1.34231
1021	-0.000579	1.31589	1.33928
1022	-0.000578	1.3083	1.33169
1023	-0.000577	1.30071	1.32865
1024	-0.000576	1.30071	1.32106
1025	-0.000575	1.29312	1.31803
1026	-0.000574	1.28705	1.31347
1027	-0.000573	1.28401	1.3074
1028	-0.000572	1.27946	1.30436
1029	-0.000571	1.27339	1.29829
1030	-0.00057	1.26731	1.29374
1031	-0.000569	1.2658	1.28766
1032	-0.000568	1.25821	1.28159
1033	-0.000567	1.25213	1.28007
1034	-0.000566	1.2491	1.274
1035	-0.000565	1.24454	1.26641
1036	-0.000564	1.23847	1.26338
1037	-0.000563	1.2324	1.25882
1038	-0.000562	1.23088	1.25427
1039	-0.000561	1.22481	1.24971
1040	-0.00056	1.21722	1.24668
1041	-0.000559	1.21722	1.23909
1042	-0.000558	1.20963	1.23302
1043	-0.000557	1.20356	1.22998
1044	-0.000556	1.20052	1.22239
1045	-0.000555	1.19597	1.21935
1046	-0.000554	1.18989	1.2148
1047	-0.000553	1.1823	1.21024
1048	-0.000552	1.17927	1.20417
1049	-0.000551	1.17471	1.19962
1050	-0.00055	1.17016	1.19355
1051	-0.000549	1.16257	1.18747
1052	-0.000548	1.15953	1.18444
1053	-0.000547	1.15194	1.1814
1054	-0.000546	1.14891	1.17229
1055	-0.000545	1.14739	1.17078
1056	-0.000544	1.1398	1.1647
1057	-0.000543	1.13373	1.16015
1058	-0.000542	1.12917	1.15408
1059	-0.000541	1.12614	1.148
1060	-0.00054	1.12006	1.14497
1061	-0.000539	1.11247	1.14041
1062	-0.000538	1.10792	1.13738
1063	-0.000537	1.10488	1.12979
1064	-0.000536	1.09881	1.12523
1065	-0.000535	1.09578	1.12068
1066	-0.000534	1.0897	1.11613
1067	-0.000533	1.08363	1.10854
1068	-0.000532	1.07908	1.1055
1069	-0.000531	1.07604	1.10095
1070	-0.00053	1.06845	1.09639
1071	-0.000529	1.06238	1.09032
1072	-0.000528	1.05631	1.08576
1073	-0.000527	1.05631	1.08273
1074	-0.000526	1.05175	1.07666
1075	-0.000525	1.04264	1.06907
1076	-0.000524	1.03961	1.06603
1077	-0.000523	1.03354	1.05996
1078	-0.000522	1.0305	1.05692
1079	-0.000521	1.02594	1.05085
1080	-0.00052	1.01835	1.04478
1081	-0.000519	1.01532	1.04022
1082	-0.000518	1.00773	1.03567
1083	-0.000517	1.00773	1.03112
1084	-0.000516	0.99862	1.02504
1085	-0.000515	0.995584	1.02201
1086	-0.000514	0.986476	1.01593
1087	-0.000513	0.986476	1.01138
1088	-0.000512	0.977368	1.00834
1089	-0.000511	0.972813	1.00075
1090	-0.00051	0.969777	0.9962
1091	-0.000509	0.963705	0.993164
1092	-0.000508	0.959151	0.987092
1093	-0.000507	0.953079	0.984056
1094	-0.000506	0.950043	0.977984
1095	-0.000505	0.943971	0.97343
1096	-0.000504	0.937898	0.970393
1097	-0.000503	0.93638	0.965839
1098	-0.000502	0.92879	0.961285
1099	-0.000501	0.922718	0.955213
1100	-0.0005	0.916646	0.950659
1101	-0.000499	0.915128	0.944587
1102	-0.000498	0.907538	0.941551
1103	-0.000497	0.901465	0.935478
1104	-0.000496	0.901465	0.930924
1105	-0.000495	0.895393	0.92637
1106	-0.000494	0.889321	0.921816
1107	-0.000493	0.884767	0.91878
1108	-0.000492	0.880213	0.912708
1109	-0.000491	0.874141	0.908154
1110	-0.00049	0.86655	0.902081
1111	-0.000489	0.86655	0.900563
1112	-0.000488	0.85896	0.892973
1113	-0.000487	0.852888	0.888419
1114	-0.000486	0.85137	0.885383
1115	-0.000485	0.845298	0.880829
1116	-0.000484	0.840744	0.877793
1117	-0.000483	0.833153	0.870203
1118	-0.000482	0.830117	0.868684
1119	-0.000481	0.825563	0.862612
1120	-0.00048	0.821009	0.859576
1121	-0.000479	0.817973	0.855022
1122	-0.000478	0.811901	0.851986
1123	-0.000477	0.804311	0.844396
1124	-0.000476	0.798238	0.839842
1125	-0.000475	0.795202	0.836806
1126	-0.000474	0.790648	0.832251
1127	-0.000473	0.784576	0.829215
1128	-0.000472	0.780022	0.824661
1129	-0.000471	0.776986	0.818589
1130	-0.00047	0.770914	0.815553
1131	-0.000469	0.763323	0.810999
1132	-0.000468	0.761805	0.809481
1133	-0.000467	0.757251	0.801891
1134	-0.000466	0.751179	0.800372
1135	-0.000465	0.743589	0.7943
1136	-0.000464	0.742071	0.791264
1137	-0.000463	0.735999	0.788228
1138	-0.000462	0.731444	0.782156
1139	-0.000461	0.725372	0.77912
1140	-0.00046	0.720818	0.776084
1141	-0.000459	0.713228	0.773048
1142	-0.000458	0.710192	0.768494
1143	-0.000457	0.705638	0.765458
1144	-0.000456	0.702602	0.760903
1145	-0.000455	0.693493	0.757867
1146	-0.000454	0.690457	0.754831
1147	-0.000453	0.685903	0.750277
1148	-0.000452	0.679831	0.747241
1149	-0.000451	0.673759	0.744205
1150	-0.00045	0.672241	0.739651
1151	-0.000449	0.666168	0.736615
1152	-0.000448	0.660096	0.733579
1153	-0.000447	0.65706	0.730542
1154	-0.000446	0.64947	0.729024
1155	-0.000445	0.643398	0.725988
1156	-0.000444	0.64188	0.722952
1157	-0.000443	0.635808	0.719916
1158	-0.000442	0.628217	0.71688
1159	-0.000441	0.623663	0.713844
1160	-0.00044	0.620627	0.710808
1161	-0.000439	0.617591	0.707772
1162	-0.000438	0.610001	0.706254
1163	-0.000437	0.605447	0.703218
1164	-0.000436	0.600893	0.7017
1165	-0.000435	0.59482	0.698664
1166	-0.000434	0.588748	0.695627
1167	-0.000433	0.58723	0.694109
1168	-0.000432	0.57964	0.691073
1169	-0.000431	0.573568	0.689555
1170	-0.00043	0.569014	0.686519
1171	-0.000429	0.565978	0.685001
1172	-0.000428	0.558387	0.683483
1173	-0.000427	0.553833	0.683483
1174	-0.000426	0.550797	0.680447
1175	-0.000425	0.544725	0.677411
1176	-0.000424	0.538653	0.677411
1177	-0.000423	0.534099	0.672857
1178	-0.000422	0.531063	0.672857
1179	-0.000421	0.52499	0.672857
1180	-0.00042	0.518918	0.668303
1181	-0.000419	0.5174	0.668303
1182	-0.000418	0.50981	0.666785
1183	-0.000417	0.503738	0.665267
1184	-0.000416	0.499184	0.663749
1185	-0.000415	0.496148	0.663749
1186	-0.000414	0.490075	0.660712
1187	-0.000413	0.485521	0.660712
1188	-0.000412	0.480967	0.659194
1189	-0.000411	0.474895	0.657676
1190	-0.00041	0.470341	0.656158
1191	-0.000409	0.464269	0.65464
1192	-0.000408	0.461232	0.656158
1193	-0.000407	0.45516	0.650086
1194	-0.000406	0.449088	0.650086
1195	-0.000405	0.44757	0.650086
1196	-0.000404	0.43998	0.650086
1197	-0.000403	0.43239	0.64705
1198	-0.000402	0.429354	0.64705
1199	-0.000401	0.427836	0.645532
1200	-0.0004	0.420245	0.644014
1201	-0.000399	0.414173	0.645532
1202	-0.000398	0.411137	0.642496
1203	-0.000397	0.406583	0.642496
1204	-0.000396	0.400511	0.642496
1205	-0.000395	0.395957	0.63946
1206	-0.000394	0.391402	0.640978
1207	-0.000393	0.383812	0.637942
1208	-0.000392	0.379258	0.63946
1209	-0.000391	0.37774	0.636424
1210	-0.00039	0.37015	0.636424
1211	-0.000389	0.36256	0.634906
1212	-0.000388	0.364078	0.636424
1213	-0.000387	0.356487	0.633388
1214	-0.000386	0.348897	0.634906
1215	-0.000385	0.345861	0.63187
1216	-0.000384	0.342825	0.63187
1217	-0.000383	0.336753	0.63187
1218	-0.000382	0.332199	0.63187
1219	-0.000381	0.326127	0.627315
1220	-0.00038	0.321572	0.627315
1221	-0.000379	0.3155	0.628833
1222	-0.000378	0.310946	0.625797
1223	-0.000377	0.309428	0.627315
1224	-0.000376	0.30032	0.624279
1225	-0.000375	0.295766	0.624279
1226	-0.000374	0.29273	0.625797
1227	-0.000373	0.289693	0.622761
1228	-0.000372	0.280585	0.624279
1229	-0.000371	0.277549	0.621243
1230	-0.00037	0.274513	0.621243
1231	-0.000369	0.266923	0.619725
1232	-0.000368	0.260851	0.619725
1233	-0.000367	0.257815	0.619725
1234	-0.000366	0.251742	0.618207
1235	-0.000365	0.24567	0.618207
1236	-0.000364	0.242634	0.618207
1237	-0.000363	0.23808	0.616689
1238	-0.000362	0.23049	0.618207
1239	-0.000361	0.225936	0.615171
1240	-0.00036	0.224418	0.615171
1241	-0.000359	0.216827	0.615171
1242	-0.000358	0.210755	0.615171
1243	-0.000357	0.206201	0.613653
1244	-0.000356	0.203165	0.615171
1245	-0.000355	0.197093	0.612135
1246	-0.000354	0.191021	0.613653
1247	-0.000353	0.187985	0.612135
1248	-0.000352	0.181912	0.613653
1249	-0.000351	0.17584	0.610617
1250	-0.00035	0.172804	0.610617
1251	-0.000349	0.169768	0.610617
1252	-0.000348	0.16066	0.610617
1253	-0.000347	0.156106	0.610617
1254	-0.000346	0.153069	0.607581
1255	-0.000345	0.148515	0.607581
1256	-0.000344	0.140925	0.610617
1257	-0.000343	0.136371	0.606063
1258	-0.000342	0.133335	0.606063
1259	-0.000341	0.127263	0.606063
1260	-0.00034	0.121191	0.606063
1261	-0.000339	0.118154	0.604545
1262	-0.000338	0.112082	0.604545
1263	-0.000337	0.10601	0.604545
1264	-0.000336	0.104492	0.604545
1265	-0.000335	0.0984199	0.604545
1266	-0.000334	0.0908297	0.603027
1267	-0.000333	0.0847575	0.603027
1268	-0.000332	0.0847575	0.603027
1269	-0.000331	0.0786853	0.601509
1270	-0.00033	0.0710951	0.601509
1271	-0.000329	0.066541	0.601509
1272	-0.000328	0.0635049	0.601509
1273	-0.000327	0.0589507	0.599991
1274	-0.000326	0.0528786	0.599991
1275	-0.000325	0.0483244	0.599991
1276	-0.000324	0.0422523	0.599991
1277	-0.000323	0.0361801	0.598473
1278	-0.000322	0.033144	0.598473
1279	-0.000321	0.0301079	0.598473
1280	-0.00032	0.0225177	0.598473
1281	-0.000319	0.0164455	0.598473
1282	-0.000318	0.0134094	0.596955
1283	-0.000317	0.00885529	0.596955
1284	-0.000316	0.00430115	0.596955
1285	-0.000315	-0.00480711	0.596955
1286	-0.000314	0.00430115	0.596955
1287	-0.000313	0.00885529	0.596955
1288	-0.000312	0.0134094	0.595437
1289	-0.000311	0.0179636	0.595437
1290	-0.00031	0.0225177	0.595437
1291	-0.000309	0.0285899	0.593919
1292	-0.000308	0.033144	0.596955
1293	-0.000307	0.0376981	0.593919
1294	-0.000306	0.0437703	0.593919
1295	-0.000305	0.0483244	0.593919
1296	-0.000304	0.0528786	0.593919
1297	-0.000303	0.0589507	0.593919
1298	-0.000302	0.0650229	0.5924
1299	-0.000301	0.066541	0.5924
1300	-0.0003	0.0756492	0.5924
1301	-0.000299	0.0786853	0.5924
1302	-0.000298	0.0862755	0.590882
1303	-0.000297	0.0862755	0.590882
1304	-0.000296	0.0908297	0.590882
1305	-0.000295	0.0999379	0.590882
1306	-0.000294	0.10601	0.590882
1307	-0.000293	0.107528	0.590882
1308	-0.000292	0.1136	0.589364
1309	-0.000291	0.121191	0.589364
1310	-0.00029	0.122709	0.589364
1311	-0.000289	0.128781	0.589364
1312	-0.000288	0.133335	0.589364
1313	-0.000287	0.136371	0.589364
1314	-0.000286	0.140925	0.589364
1315	-0.000285	0.148515	0.589364
1316	-0.000284	0.154588	0.587846
1317	-0.000283	0.156106	0.587846
1318	-0.000282	0.162178	0.587846
1319	-0.000281	0.16825	0.58481
1320	-0.00028	0.174322	0.58481
1321	-0.000279	0.177358	0.58481
1322	-0.000278	0.181912	0.58481
1323	-0.000277	0.187985	0.58481
1324	-0.000276	0.192539	0.583292
1325	-0.000275	0.198611	0.583292
1326	-0.000274	0.203165	0.583292
1327	-0.000273	0.204683	0.583292
1328	-0.000272	0.210755	0.581774
1329	-0.000271	0.218345	0.581774
1330	-0.00027	0.224418	0.581774
1331	-0.000269	0.225936	0.581774
1332	-0.000268	0.23049	0.581774
1333	-0.000267	0.23808	0.581774
1334	-0.000266	0.244152	0.581774
1335	-0.000265	0.247188	0.580256
1336	-0.000264	0.251742	0.580256
1337	-0.000263	0.257815	0.580256
1338	-0.000262	0.260851	0.580256
1339	-0.000261	0.266923	0.578738
1340	-0.00026	0.272995	0.578738
1341	-0.000259	0.276031	0.578738
1342	-0.000258	0.280585	0.578738
1343	-0.000257	0.288175	0.578738
1344	-0.000256	0.29273	0.578738
1345	-0.000255	0.295766	0.575702
1346	-0.000254	0.30032	0.580256
1347	-0.000253	0.30791	0.57722
1348	-0.000252	0.310946	0.57722
1349	-0.000251	0.317018	0.57722
1350	-0.00025	0.32309	0.57722
1351	-0.000249	0.326127	0.57722
1352	-0.000248	0.332199	0.57722
1353	-0.000247	0.335235	0.57722
1354	-0.000246	0.342825	0.57722
1355	-0.000245	0.345861	0.57722
1356	-0.000244	0.348897	0.575702
1357	-0.000243	0.356487	0.575702
1358	-0.000242	0.364078	0.575702
1359	-0.000241	0.364078	0.574184
1360	-0.00024	0.371668	0.574184
1361	-0.000239	0.376222	0.574184
1362	-0.000238	0.380776	0.574184
1363	-0.000237	0.383812	0.574184
1364	-0.000236	0.389884	0.574184
1365	-0.000235	0.395957	0.574184
1366	-0.000234	0.400511	0.574184
1367	-0.000233	0.406583	0.574184
1368	-0.000232	0.411137	0.574184
1369	-0.000231	0.415691	0.574184
1370	-0.00023	0.420245	0.572666
1371	-0.000229	0.424799	0.572666
1372	-0.000228	0.430872	0.572666
1373	-0.000227	0.435426	0.572666
1374	-0.000226	0.441498	0.572666
1375	-0.000225	0.446052	0.572666
1376	-0.000224	0.449088	0.571148
1377	-0.000223	0.45516	0.571148
1378	-0.000222	0.461232	0.571148
1379	-0.000221	0.468823	0.571148
1380	-0.00022	0.471859	0.571148
1381	-0.000219	0.476413	0.571148
1382	-0.000218	0.482485	0.571148
1383	-0.000217	0.485521	0.571148
1384	-0.000216	0.490075	0.56963
1385	-0.000215	0.497666	0.56963
1386	-0.000214	0.500702	0.56963
1387	-0.000213	0.505256	0.56963
1388	-0.000212	0.50981	0.56963
1389	-0.000211	0.5174	0.56963
1390	-0.00021	0.520436	0.56963
1391	-0.000209	0.528026	0.56963
1392	-0.000208	0.531063	0.56963
1393	-0.000207	0.538653	0.56963
1394	-0.000206	0.540171	0.56963
1395	-0.000205	0.546243	0.56963
1396	-0.000204	0.552315	0.56963
1397	-0.000203	0.555351	0.56963
1398	-0.000202	0.561423	0.56963
1399	-0.000201	0.565978	0.56963
1400	-0.0002	0.570532	0.56963
1401	-0.000199	0.576604	0.56963
1402	-0.000198	0.581158	0.56963
1403	-0.000197	0.58723	0.56963
1404	-0.000196	0.588748	0.56963
1405	-0.000195	0.59482	0.56963
1406	-0.000194	0.600893	0.56963
1407	-0.000193	0.605447	0.56963
1408	-0.000192	0.610001	0.56963
1409	-0.000191	0.616073	0.56963
1410	-0.00019	0.620627	0.571148
1411	-0.000189	0.623663	0.571148
1412	-0.000188	0.628217	0.571148
1413	-0.000187	0.637326	0.574184
1414	-0.000186	0.64188	0.574184
1415	-0.000185	0.643398	0.574184
1416	-0.000184	0.64947	0.57722
1417	-0.000183	0.65706	0.57722
1418	-0.000182	0.660096	0.578738
1419	-0.000181	0.666168	0.580256
1420	-0.00018	0.672241	0.580256
1421	-0.000179	0.673759	0.583292
1422	-0.000178	0.679831	0.58481
1423	-0.000177	0.685903	0.58481
1424	-0.000176	0.690457	0.589364
1425	-0.000175	0.693493	0.5924
1426	-0.000174	0.701083	0.595437
1427	-0.000173	0.707156	0.598473
1428	-0.000172	0.710192	0.601509
1429	-0.000171	0.713228	0.604545
1430	-0.00017	0.7193	0.606063
1431	-0.000169	0.72689	0.613653
1432	-0.000168	0.729926	0.615171
1433	-0.000167	0.73448	0.621243
1434	-0.000166	0.740553	0.625797
1435	-0.000165	0.743589	0.63187
1436	-0.000164	0.751179	0.637942
1437	-0.000163	0.754215	0.640978
1438	-0.000162	0.761805	0.64705
1439	-0.000161	0.763323	0.65464
1440	-0.00016	0.767877	0.660712
1441	-0.000159	0.776986	0.666785
1442	-0.000158	0.780022	0.672857
1443	-0.000157	0.784576	0.683483
1444	-0.000156	0.790648	0.689555
1445	-0.000155	0.795202	0.695627
1446	-0.000154	0.798238	0.704736
1447	-0.000153	0.804311	0.712326
1448	-0.000152	0.810383	0.721434
1449	-0.000151	0.813419	0.729024
1450	-0.00015	0.819491	0.736615
1451	-0.000149	0.824045	0.747241
1452	-0.000148	0.830117	0.753313
1453	-0.000147	0.833153	0.760903
1454	-0.000146	0.840744	0.77153
1455	-0.000145	0.846816	0.77912
1456	-0.000144	0.849852	0.788228
1457	-0.000143	0.852888	0.795818
1458	-0.000142	0.85896	0.800372
1459	-0.000141	0.86655	0.810999
1460	-0.00014	0.869586	0.818589
1461	-0.000139	0.874141	0.824661
1462	-0.000138	0.880213	0.83377
1463	-0.000137	0.881731	0.84136
1464	-0.000136	0.889321	0.847432
1465	-0.000135	0.896911	0.855022
1466	-0.000134	0.901465	0.861094
1467	-0.000133	0.902983	0.868684
1468	-0.000132	0.907538	0.874757
1469	-0.000131	0.915128	0.880829
1470	-0.00013	0.916646	0.886901
1471	-0.000129	0.922718	0.891455
1472	-0.000128	0.930308	0.900563
1473	-0.000127	0.934862	0.905118
1474	-0.000126	0.937898	0.91119
1475	-0.000125	0.945489	0.91878
1476	-0.000124	0.948525	0.923334
1477	-0.000123	0.951561	0.927888
1478	-0.000122	0.959151	0.93396
1479	-0.000121	0.963705	0.940033
1480	-0.00012	0.969777	0.946105
1481	-0.000119	0.972813	0.952177
1482	-0.000118	0.977368	0.955213
1483	-0.000117	0.984958	0.964321
1484	-0.000116	0.987994	0.967357
1485	-0.000115	0.99103	0.971911
1486	-0.000114	0.997102	0.976466
1487	-0.000113	1.00469	0.984056
1488	-0.000112	1.00773	0.990128
1489	-0.000111	1.0138	0.993164
1490	-0.00011	1.01987	0.999236
1491	-0.000109	1.02291	1.00683
1492	-0.000108	1.02898	1.00986
1493	-0.000107	1.03505	1.01593
1494	-0.000106	1.03809	1.02201
1495	-0.000105	1.04113	1.02504
1496	-0.000104	1.0472	1.03112
1497	-0.000103	1.05479	1.03719
1498	-0.000102	1.05782	1.04326
1499	-0.000101	1.06086	1.0463
1500	-0.0001	1.06845	1.05237
1501	-9.9e-05	1.07604	1.05692
1502	-9.8e-05	1.07604	1.06299
1503	-9.7e-05	1.08363	1.06603
1504	-9.6e-05	1.0897	1.07362
1505	-9.5e-05	1.09274	1.07817
1506	-9.4e-05	1.09729	1.08121
1507	-9.3e-05	1.10337	1.0888
1508	-9.2e-05	1.10944	1.09336
1509	-9.1e-05	1.11247	1.09791
1510	-9e-05	1.12006	1.10398
1511	-8.9e-05	1.12462	1.10854
1512	-8.8e-05	1.12614	1.11461
1513	-8.7e-05	1.13069	1.11764
1514	-8.6e-05	1.13828	1.12372
1515	-8.5e-05	1.14587	1.12827
1516	-8.4e-05	1.14739	1.13282
1517	-8.3e-05	1.15346	1.14041
1518	-8.2e-05	1.15953	1.14497
1519	-8.1e-05	1.16105	1.14952
1520	-8e-05	1.16864	1.15256
1521	-7.9e-05	1.17471	1.16015
1522	-7.8e-05	1.17775	1.1647
1523	-7.7e-05	1.18079	1.16926
1524	-7.6e-05	1.18838	1.17381
1525	-7.5e-05	1.19445	1.17837
1526	-7.4e-05	1.19597	1.18444
1527	-7.3e-05	1.20204	1.18899
1528	-7.2e-05	1.20811	1.19203
1529	-7.1e-05	1.2157	1.19962
1530	-7e-05	1.21722	1.20417
1531	-6.9e-05	1.22329	1.21024
1532	-6.8e-05	1.22936	1.2148
1533	-6.7e-05	1.23088	1.21935
1534	-6.6e-05	1.23847	1.22542
1535	-6.5e-05	1.24303	1.22998
1536	-6.4e-05	1.2491	1.23453
1537	-6.3e-05	1.25213	1.23909
1538	-6.2e-05	1.25821	1.24364
1539	-6.1e-05	1.26428	1.25123
1540	-6e-05	1.26731	1.25275
1541	-5.9e-05	1.27035	1.26034
1542	-5.8e-05	1.27794	1.26338
1543	-5.7e-05	1.28249	1.26945
1544	-5.6e-05	1.28553	1.27248
1545	-5.5e-05	1.2916	1.28007
1546	-5.4e-05	1.29767	1.28159
1547	-5.3e-05	1.30071	1.28766
1548	-5.2e-05	1.3083	1.29525
1549	-5.1e-05	1.31286	1.29829
1550	-5e-05	1.31893	1.30436
1551	-4.9e-05	1.32045	1.31044
1552	-4.8e-05	1.32804	1.31499
1553	-4.7e-05	1.33411	1.31954
1554	-4.6e-05	1.33714	1.3241
1555	-4.5e-05	1.3417	1.32865
1556	-4.4e-05	1.34777	1.33472
1557	-4.3e-05	1.35384	1.33928
1558	-4.2e-05	1.35536	1.34383
1559	-4.1e-05	1.36143	1.34687
1560	-4e-05	1.3675	1.35294
1561	-3.9e-05	1.37054	1.35901
1562	-3.8e-05	1.37813	1.36357
1563	-3.7e-05	1.38117	1.36964
1564	-3.6e-05	1.38724	1.37268
1565	-3.5e-05	1.38876	1.37875
1566	-3.4e-05	1.39787	1.38178
1567	-3.3e-05	1.40242	1.38786
1568	-3.2e-05	1.40546	1.39241
1569	-3.1e-05	1.41153	1.39696
1570	-3e-05	1.4176	1.40455
1571	-2.9e-05	1.42215	1.40911
1572	-2.8e-05	1.42519	1.41366
1573	-2.7e-05	1.43278	1.41822
1574	-2.6e-05	1.43885	1.42581
1575	-2.5e-05	1.44189	1.43036
1576	-2.4e-05	1.44796	1.4334
1577	-2.3e-05	1.45403	1.43947
1578	-2.2e-05	1.45859	1.44554
1579	-2.1e-05	1.46162	1.4501
1580	-2e-05	1.46921	1.45465
1581	-1.9e-05	1.47225	1.4592
1582	-1.8e-05	1.47529	1.46679
1583	-1.7e-05	1.48288	1.46831
1584	-1.6e-05	1.49047	1.4759
1585	-1.5e-05	1.49198	1.47894
1586	-1.4e-05	1.49806	1.48501
1587	-1.3e-05	1.50261	1.48956
1588	-1.2e-05	1.50868	1.49564
1589	-1.1e-05	1.51172	1.50019
1590	-1e-05	1.51931	1.50323
1591	-9e-06	1.52386	1.51082
1592	-8e-06	1.52538	1.51689
1593	-7e-06	1.53145	1.51993
1594	-6e-06	1.53904	1.52448
1595	-5e-06	1.5436	1.52903
1596	-4e-06	1.54663	1.53511
1597	-3e-06	1.55271	1.53966
1598	-2e-06	1.5603	1.54421
1599	-1e-06	1.56181	1.54877
1600	0	1.56789	1.55484
1601	1e-06	1.57244	1.55939
1602	2e-06	1.58003	1.56395
1603	3e-06	1.58003	1.57002
1604	4e-06	1.58762	1.57306
1605	5e-06	1.59369	1.58065
1606	6e-06	1.59825	1.58368
1607	7e-06	1.60128	1.59127
1608	8e-06	1.60432	1.59431
1609	9e-06	1.61646	1.60038
1610	1e-05	1.61646	1.60645
1611	1.1e-05	1.62254	1.60949
1612	1.2e-05	1.63013	1.61404
1613	1.3e-05	1.63164	1.62163
1614	1.4e-05	1.63772	1.62619
1615	1.5e-05	1.64227	1.63074
1616	1.6e-05	1.64834	1.6353
1617	1.7e-05	1.64986	1.63985
1618	1.8e-05	1.65897	1.64441
1619	1.9e-05	1.66201	1.65048
1620	2e-05	1.66656	1.65503
1621	2.1e-05	1.6696	1.65807
1622	2.2e-05	1.67719	1.66566
1623	2.3e-05	1.68326	1.67173
1624	2.4e-05	1.68781	1.67325
1625	2.5e-05	1.69085	1.67932
1626	2.6e-05	1.69996	1.68691
1627	2.7e-05	1.70299	1.68843
1628	2.8e-05	1.70755	1.6945
1629	2.9e-05	1.71362	1.70057
1630	3e-05	1.71666	1.70361
1631	3.1e-05	1.71969	1.70816
1632	3.2e-05	1.72728	1.71424
1633	3.3e-05	1.73335	1.72031
1634	3.4e-05	1.73639	1.72334
1635	3.5e-05	1.74094	1.72942
1636	3.6e-05	1.74853	1.73397
1637	3.7e-05	1.75461	1.74004
1638	3.8e-05	1.75461	1.74308
1639	3.9e-05	1.75916	1.74763
1640	4e-05	1.76675	1.75522
1641	4.1e-05	1.7713	1.75826
1642	4.2e-05	1.77434	1.76433
1643	4.3e-05	1.78193	1.76888
1644	4.4e-05	1.788	1.77496
1645	4.5e-05	1.78952	1.77951
1646	4.6e-05	1.79711	1.78255
1647	4.7e-05	1.8047	1.78862
1648	4.8e-05	1.8047	1.79317
1649	4.9e-05	1.81229	1.79925
1650	5e-05	1.81685	1.8038
1651	5.1e-05	1.82444	1.80987
1652	5.2e-05	1.82747	1.81291
1653	5.3e-05	1.83051	1.81898
1654	5.4e-05	1.83658	1.82505
1655	5.5e-05	1.83962	1.82809
1656	5.6e-05	1.84569	1.83264
1657	5.7e-05	1.85176	1.8372
1658	5.8e-05	1.8548	1.84327
1659	5.9e-05	1.85783	1.84782
1660	6e-05	1.86694	1.85238
1661	6.1e-05	1.8715	1.85845
1662	6.2e-05	1.87453	1.863
1663	6.3e-05	1.8806	1.86908
1664	6.4e-05	1.88819	1.87211
1665	6.5e-05	1.89123	1.87818
1666	6.6e-05	1.89578	1.88426
1667	6.7e-05	1.90034	1.88881
1668	6.8e-05	1.90641	1.89336
1669	6.9e-05	1.91096	1.89944
1670	7e-05	1.91704	1.90247
1671	7.1e-05	1.92311	1.90854
1672	7.2e-05	1.92463	1.9131
1673	7.3e-05	1.93222	1.91917
1674	7.4e-05	1.93829	1.92373
1675	7.5e-05	1.94284	1.9298
1676	7.6e-05	1.94436	1.93435
1677	7.7e-05	1.95043	1.93739
1678	7.8e-05	1.95802	1.94346
1679	7.9e-05	1.95954	1.94953
1680	8e-05	1.96561	1.95409
1681	8.1e-05	1.9732	1.95864
1682	8.2e-05	1.97624	1.96319
1683	8.3e-05	1.98079	1.96775
1684	8.4e-05	1.98687	1.97534
1685	8.5e-05	1.99142	1.97837
1686	8.6e-05	1.99749	1.98445
1687	8.7e-05	2.00205	1.989
1688	8.8e-05	2.00508	1.99507
1689	8.9e-05	2.01116	1.99963
1690	9e-05	2.01419	2.00266
1691	9.1e-05	2.02026	2.00874
1692	9.2e-05	2.02785	2.01177
1693	9.3e-05	2.03089	2.01936
1694	9.4e-05	2.03544	2.0224
1695	9.5e-05	2.04152	2.02847
1696	9.6e-05	2.04759	2.03151
1697	9.7e-05	2.05062	2.0391
1698	9.8e-05	2.0567	2.04365
1699	9.9e-05	2.06125	2.0482
1700	0.0001	2.06884	2.05428
1701	0.000101	2.07188	2.0558
1702	0.000102	2.07643	2.06339
1703	0.000103	2.0825	2.06946
1704	0.000104	2.08554	2.07249
1705	0.000105	2.09009	2.07857
1706	0.000106	2.09768	2.08464
1707	0.000107	2.10072	2.08919
1708	0.000108	2.10376	2.09375
1709	0.000109	2.11135	2.09678
1710	0.00011	2.11894	2.10437
1711	0.000111	2.12046	2.11044
1712	0.000112	2.12653	2.11348
1713	0.000113	2.13108	2.11652
1714	0.000114	2.13412	2.12107
1715	0.000115	2.13867	2.12866
1716	0.000116	2.14626	2.13322
1717	0.000117	2.15233	2.13777
1718	0.000118	2.15233	2.14081
1719	0.000119	2.15992	2.14688
1720	0.00012	2.16751	2.15295
1721	0.000121	2.17207	2.1575
1722	0.000122	2.17662	2.16054
1723	0.000123	2.18118	2.16661
1724	0.000124	2.18725	2.1742
1725	0.000125	2.19028	2.17724
1726	0.000126	2.19636	2.18331
1727	0.000127	2.20243	2.18787
1728	0.000128	2.20395	2.19394
1729	0.000129	2.21154	2.19697
1730	0.00013	2.21609	2.20153
1731	0.000131	2.22216	2.20608
1732	0.000132	2.22368	2.21367
1733	0.000133	2.22975	2.21671
1734	0.000134	2.23734	2.22126
1735	0.000135	2.23886	2.22733
1736	0.000136	2.24493	2.23037
1737	0.000137	2.24949	2.23644
1738	0.000138	2.25404	2.241
1739	0.000139	2.26011	2.24707
1740	0.00014	2.26467	2.2501
1741	0.000141	2.27074	2.25466
1742	0.000142	2.27378	2.26073
1743	0.000143	2.27985	2.26529
1744	0.000144	2.28592	2.26984
1745	0.000145	2.29199	2.27591
1746	0.000146	2.29503	2.28047
1747	0.000147	2.29958	2.2835
1748	0.000148	2.30869	2.28957
1749	0.000149	2.31173	2.29261
1750	0.00015	2.31476	2.29716
1751	0.000151	2.32084	2.30324
1752	0.000152	2.32387	2.30627
1753	0.000153	2.32843	2.31234
1754	0.000154	2.3345	2.31386
1755	0.000155	2.34057	2.31993
1756	0.000156	2.34361	2.32449
1757	0.000157	2.3512	2.32904
1758	0.000158	2.35727	2.3336
1759	0.000159	2.36182	2.33663
1760	0.00016	2.36334	2.34119
1761	0.000161	2.36941	2.34574
1762	0.000162	2.377	2.3503
1763	0.000163	2.37852	2.35485
1764	0.000164	2.38459	2.35789
1765	0.000165	2.39067	2.36092
1766	0.000166	2.39674	2.36699
1767	0.000167	2.39978	2.37003
1768	0.000168	2.40585	2.37307
1769	0.000169	2.41192	2.3761
1770	0.00017	2.41496	2.37914
1771	0.000171	2.41951	2.38217
1772	0.000172	2.42558	2.38521
1773	0.000173	2.43317	2.38976
1774	0.000174	2.43317	2.3928
1775	0.000175	2.44228	2.39432
1776	0.000176	2.44532	2.39736
1777	0.000177	2.44835	2.39887
1778	0.000178	2.45442	2.40191
1779	0.000179	2.4605	2.40343
1780	0.00018	2.46657	2.40646
1781	0.000181	2.46961	2.40798
1782	0.000182	2.47416	2.41102
1783	0.000183	2.48023	2.41405
1784	0.000184	2.48175	2.41557
1785	0.000185	2.48934	2.41557
1786	0.000186	2.48327	2.41861
1787	0.000187	2.48175	2.41861
1788	0.000188	2.47568	2.42164
1789	0.000189	2.46961	2.42013
1790	0.00019	2.46657	2.42316
1791	0.000191	2.4605	2.42316
1792	0.000192	2.45291	2.42316
1793	0.000193	2.44835	2.42468
1794	0.000194	2.44835	2.42468
1795	0.000195	2.43924	2.42468
1796	0.000196	2.43317	2.42468
1797	0.000197	2.43165	2.42316
1798	0.000198	2.42558	2.42316
1799	0.000199	2.41951	2.42316
1800	0.0002	2.41344	2.42316
1801	0.000201	2.4104	2.42316
1802	0.000202	2.40585	2.42164
1803	0.000203	2.39826	2.42164
1804	0.000204	2.39674	2.41861
1805	0.000205	2.39067	2.41861
1806	0.000206	2.38459	2.41861
1807	0.000207	2.37852	2.41709
1808	0.000208	2.37852	2.41557
1809	0.000209	2.37093	2.41405
1810	0.00021	2.36486	2.41102
1811	0.000211	2.36182	2.40798
1812	0.000212	2.35575	2.40495
1813	0.000213	2.34968	2.40191
1814	0.000214	2.34209	2.39887
1815	0.000215	2.34209	2.39584
1816	0.000216	2.3345	2.38976
1817	0.000217	2.32995	2.38825
1818	0.000218	2.32387	2.38066
1819	0.000219	2.32235	2.3761
1820	0.00022	2.31476	2.36851
1821	0.000221	2.31173	2.36092
1822	0.000222	2.30717	2.35485
1823	0.000223	2.29958	2.3503
1824	0.000224	2.29503	2.33967
1825	0.000225	2.29199	2.3336
1826	0.000226	2.28592	2.32753
1827	0.000227	2.28137	2.31993
1828	0.000228	2.27378	2.31386
1829	0.000229	2.27074	2.30627
1830	0.00023	2.26771	2.30172
1831	0.000231	2.26011	2.29565
1832	0.000232	2.25708	2.28654
1833	0.000233	2.25101	2.28198
1834	0.000234	2.24493	2.27439
1835	0.000235	2.24038	2.26984
1836	0.000236	2.23583	2.26377
1837	0.000237	2.22975	2.26073
1838	0.000238	2.2252	2.25314
1839	0.000239	2.22216	2.24707
1840	0.00024	2.21609	2.24251
1841	0.000241	2.21154	2.23644
1842	0.000242	2.20395	2.23037
1843	0.000243	2.20243	2.22733
1844	0.000244	2.19636	2.21974
1845	0.000245	2.19028	2.21671
1846	0.000246	2.18877	2.20912
1847	0.000247	2.18118	2.20608
1848	0.000248	2.17814	2.20153
1849	0.000249	2.17207	2.19546
1850	0.00025	2.16903	2.19242
1851	0.000251	2.16144	2.18483
1852	0.000252	2.15537	2.18027
1853	0.000253	2.15233	2.1742
1854	0.000254	2.14626	2.17268
1855	0.000255	2.14171	2.16509
1856	0.000256	2.13715	2.15902
1857	0.000257	2.13108	2.15447
1858	0.000258	2.12501	2.1484
1859	0.000259	2.12046	2.14384
1860	0.00026	2.12046	2.14081
1861	0.000261	2.10983	2.13322
1862	0.000262	2.10527	2.13018
1863	0.000263	2.10224	2.12563
1864	0.000264	2.09768	2.12107
1865	0.000265	2.09009	2.11348
1866	0.000266	2.08554	2.11196
1867	0.000267	2.0825	2.10589
1868	0.000268	2.07795	2.09982
1869	0.000269	2.06884	2.09375
1870	0.00027	2.06581	2.09223
1871	0.000271	2.06277	2.08616
1872	0.000272	2.0567	2.0816
1873	0.000273	2.05214	2.07553
1874	0.000274	2.04911	2.06946
1875	0.000275	2.04303	2.0649
1876	0.000276	2.03544	2.06187
1877	0.000277	2.03089	2.05428
1878	0.000278	2.02937	2.0482
1879	0.000279	2.02178	2.04669
1880	0.00028	2.01419	2.0391
1881	0.000281	2.01116	2.03302
1882	0.000282	2.0066	2.02847
1883	0.000283	2.00205	2.02392
1884	0.000284	1.99749	2.02088
1885	0.000285	1.99142	2.01633
1886	0.000286	1.98839	2.01177
1887	0.000287	1.98231	2.0057
1888	0.000288	1.97928	2.00115
1889	0.000289	1.97169	1.99659
1890	0.00029	1.96561	1.989
1891	0.000291	1.96258	1.98445
1892	0.000292	1.95954	1.97989
1893	0.000293	1.95043	1.97534
1894	0.000294	1.9474	1.96927
1895	0.000295	1.94436	1.96471
1896	0.000296	1.93677	1.96168
1897	0.000297	1.93222	1.9556
1898	0.000298	1.92615	1.95105
1899	0.000299	1.92159	1.94498
1900	0.0003	1.91552	1.93891
1901	0.000301	1.91248	1.93587
1902	0.000302	1.90945	1.9298
1903	0.000303	1.90034	1.92373
1904	0.000304	1.89578	1.91917
1905	0.000305	1.88971	1.91462
1906	0.000306	1.88668	1.91006
1907	0.000307	1.8806	1.90551
1908	0.000308	1.87453	1.90095
1909	0.000309	1.8715	1.89488
1910	0.00031	1.86694	1.89033
1911	0.000311	1.85935	1.88577
1912	0.000312	1.85632	1.87818
1913	0.000313	1.85176	1.87363
1914	0.000314	1.84721	1.87059
1915	0.000315	1.83962	1.86452
1916	0.000316	1.83962	1.85845
1917	0.000317	1.83051	1.85541
1918	0.000318	1.82444	1.84934
1919	0.000319	1.82292	1.84479
1920	0.00032	1.81836	1.84023
1921	0.000321	1.80926	1.83416
1922	0.000322	1.80622	1.82809
1923	0.000323	1.80318	1.82657
1924	0.000324	1.79559	1.8205
1925	0.000325	1.79256	1.81443
1926	0.000326	1.788	1.80835
1927	0.000327	1.78041	1.80684
1928	0.000328	1.77738	1.80076
1929	0.000329	1.7713	1.79317
1930	0.00033	1.76979	1.79014
1931	0.000331	1.7622	1.78558
1932	0.000332	1.75612	1.78103
1933	0.000333	1.75309	1.77647
1934	0.000334	1.74853	1.7704
1935	0.000335	1.74094	1.76433
1936	0.000336	1.73335	1.75978
1937	0.000337	1.73335	1.75522
1938	0.000338	1.72576	1.75219
1939	0.000339	1.72273	1.7446
1940	0.00034	1.71817	1.74004
1941	0.000341	1.7121	1.73549
1942	0.000342	1.70603	1.73093
1943	0.000343	1.70299	1.72486
1944	0.000344	1.69996	1.72183
1945	0.000345	1.69085	1.71575
1946	0.000346	1.68781	1.7112
1947	0.000347	1.68326	1.70816
1948	0.000348	1.68022	1.70057
1949	0.000349	1.67263	1.69602
1950	0.00035	1.66656	1.69146
1951	0.000351	1.66352	1.68691
1952	0.000352	1.65745	1.68236
1953	0.000353	1.64986	1.67628
1954	0.000354	1.64683	1.67173
1955	0.000355	1.64379	1.66718
1956	0.000356	1.6362	1.6611
1957	0.000357	1.63468	1.65655
1958	0.000358	1.62709	1.652
1959	0.000359	1.62405	1.64744
1960	0.00036	1.61798	1.63985
1961	0.000361	1.61495	1.6353
1962	0.000362	1.60887	1.63226
1963	0.000363	1.60128	1.62922
1964	0.000364	1.59825	1.62315
1965	0.000365	1.59369	1.61708
1966	0.000366	1.58762	1.61253
1967	0.000367	1.58307	1.60797
1968	0.000368	1.58003	1.60342
1969	0.000369	1.57244	1.59583
1970	0.00037	1.56789	1.59127
1971	0.000371	1.56333	1.58672
1972	0.000372	1.55726	1.58217
1973	0.000373	1.55271	1.57913
1974	0.000374	1.54663	1.57154
1975	0.000375	1.5436	1.56698
1976	0.000376	1.54056	1.56091
1977	0.000377	1.53297	1.55636
1978	0.000378	1.5269	1.55029
1979	0.000379	1.52386	1.54725
1980	0.00038	1.51931	1.54118
1981	0.000381	1.51172	1.53814
1982	0.000382	1.50868	1.53359
1983	0.000383	1.50261	1.52752
1984	0.000384	1.49806	1.52144
1985	0.000385	1.4935	1.51841
1986	0.000386	1.49047	1.51385
1987	0.000387	1.48288	1.50626
1988	0.000388	1.4768	1.50171
1989	0.000389	1.47377	1.49715
1990	0.00039	1.46921	1.49412
1991	0.000391	1.46162	1.48805
1992	0.000392	1.46011	1.48197
1993	0.000393	1.45403	1.4759
1994	0.000394	1.44796	1.47287
1995	0.000395	1.44189	1.46831
1996	0.000396	1.44037	1.46224
1997	0.000397	1.4343	1.4592
1998	0.000398	1.42823	1.45161
1999	0.000399	1.42215	1.44858
2000	0.0004	1.42064	1.44402
2001	0.000401	1.41305	1.43795
2002	0.000402	1.40697	1.43188
2003	0.000403	1.40394	1.42732
2004	0.000404	1.39787	1.42429
2005	0.000405	1.39028	1.4167
2006	0.000406	1.38724	1.41214
2007	0.000407	1.38269	1.40759
2008	0.000408	1.37965	1.40304
2009	0.000409	1.37206	1.39696
2010	0.00041	1.36902	1.39089
2011	0.000411	1.36295	1.38634
2012	0.000412	1.35688	1.38027
2013	0.000413	1.35232	1.37571
2014	0.000414	1.35081	1.37116
2015	0.000415	1.3417	1.36509
2016	0.000416	1.33866	1.36205
2017	0.000417	1.33563	1.35749
2018	0.000418	1.32955	1.35294
2019	0.000419	1.32196	1.34839
2020	0.00042	1.32045	1.34383
2021	0.000421	1.31286	1.33776
2022	0.000422	1.30982	1.33472
2023	0.000423	1.30223	1.32713
2024	0.000424	1.29919	1.3241
2025	0.000425	1.29312	1.31803
2026	0.000426	1.28705	1.31347
2027	0.000427	1.28401	1.30892
2028	0.000428	1.27946	1.30133
2029	0.000429	1.27187	1.29829
2030	0.00043	1.26731	1.29222
2031	0.000431	1.26731	1.28766
2032	0.000432	1.25972	1.28463
2033	0.000433	1.25213	1.27856
2034	0.000434	1.2491	1.274
2035	0.000435	1.24303	1.26945
2036	0.000436	1.23695	1.26338
2037	0.000437	1.23544	1.25882
2038	0.000438	1.23088	1.25275
2039	0.000439	1.22481	1.24971
2040	0.00044	1.21874	1.24668
2041	0.000441	1.2157	1.23909
2042	0.000442	1.20963	1.23302
2043	0.000443	1.20356	1.22998
2044	0.000444	1.199	1.22239
2045	0.000445	1.19597	1.21935
2046	0.000446	1.18989	1.2148
2047	0.000447	1.1823	1.21024
2048	0.000448	1.17927	1.20417
2049	0.000449	1.17623	1.1981
2050	0.00045	1.17016	1.19203
2051	0.000451	1.16257	1.18899
2052	0.000452	1.15953	1.18444
2053	0.000453	1.15346	1.17837
2054	0.000454	1.14891	1.17533
2055	0.000455	1.14587	1.16926
2056	0.000456	1.1398	1.1647
2057	0.000457	1.13373	1.16015
2058	0.000458	1.12765	1.15408
2059	0.000459	1.12614	1.14952
2060	0.00046	1.11703	1.14497
2061	0.000461	1.11399	1.14041
2062	0.000462	1.11096	1.13282
2063	0.000463	1.1064	1.13131
2064	0.000464	1.09881	1.12372
2065	0.000465	1.09729	1.12068
2066	0.000466	1.08818	1.11613
2067	0.000467	1.08515	1.11157
2068	0.000468	1.07756	1.1055
2069	0.000469	1.07604	1.10095
2070	0.00047	1.06845	1.09487
2071	0.000471	1.06238	1.09336
2072	0.000472	1.05934	1.08576
2073	0.000473	1.05631	1.08121
2074	0.000474	1.05023	1.07666
2075	0.000475	1.04113	1.06907
2076	0.000476	1.03961	1.06603
2077	0.000477	1.03505	1.06148
2078	0.000478	1.0305	1.05692
2079	0.000479	1.02594	1.05085
2080	0.00048	1.01987	1.0463
2081	0.000481	1.0138	1.04174
2082	0.000482	1.00925	1.03567
2083	0.000483	1.00469	1.03263
2084	0.000484	1.00014	1.02808
2085	0.000485	0.992548	1.02201
2086	0.000486	0.987994	1.01745
2087	0.000487	0.986476	1.0129
2088	0.000488	0.977368	1.00834
2089	0.000489	0.971295	1.00075
2090	0.00049	0.971295	0.997718
2091	0.000491	0.963705	0.991646
2092	0.000492	0.960669	0.98861
2093	0.000493	0.951561	0.984056
2094	0.000494	0.948525	0.977984
2095	0.000495	0.945489	0.97343
2096	0.000496	0.939416	0.968875
2097	0.000497	0.93638	0.965839
2098	0.000498	0.92879	0.961285
2099	0.000499	0.922718	0.956731
2100	0.0005	0.916646	0.949141
2101	0.000501	0.915128	0.946105
2102	0.000502	0.907538	0.941551
2103	0.000503	0.901465	0.936996
2104	0.000504	0.899947	0.932442
2105	0.000505	0.896911	0.927888
2106	0.000506	0.889321	0.923334
2107	0.000507	0.883249	0.91878
2108	0.000508	0.880213	0.91119
2109	0.000509	0.874141	0.908154
2110	0.00051	0.868068	0.905118
2111	0.000511	0.86655	0.900563
2112	0.000512	0.85896	0.892973
2113	0.000513	0.854406	0.888419
2114	0.000514	0.85137	0.885383
2115	0.000515	0.846816	0.882347
2116	0.000516	0.840744	0.876275
2117	0.000517	0.833153	0.873239
2118	0.000518	0.830117	0.868684
2119	0.000519	0.825563	0.862612
2120	0.00052	0.821009	0.859576
2121	0.000521	0.813419	0.85654
2122	0.000522	0.811901	0.84895
2123	0.000523	0.805829	0.844396
2124	0.000524	0.798238	0.839842
2125	0.000525	0.795202	0.838324
2126	0.000526	0.790648	0.832251
2127	0.000527	0.784576	0.829215
2128	0.000528	0.780022	0.824661
2129	0.000529	0.776986	0.818589
2130	0.00053	0.770914	0.817071
2131	0.000531	0.763323	0.810999
2132	0.000532	0.761805	0.807963
2133	0.000533	0.755733	0.803409
2134	0.000534	0.751179	0.798854
2135	0.000535	0.743589	0.795818
2136	0.000536	0.740553	0.791264
2137	0.000537	0.73448	0.788228
2138	0.000538	0.731444	0.783674
2139	0.000539	0.728408	0.77912
2140	0.00054	0.720818	0.776084
2141	0.000541	0.713228	0.774566
2142	0.000542	0.710192	0.768494
2143	0.000543	0.705638	0.765458
2144	0.000544	0.702602	0.760903
2145	0.000545	0.695011	0.757867
2146	0.000546	0.691975	0.754831
2147	0.000547	0.685903	0.751795
2148	0.000548	0.679831	0.747241
2149	0.000549	0.675277	0.744205
2150	0.00055	0.672241	0.739651
2151	0.000551	0.666168	0.736615
2152	0.000552	0.660096	0.733579
2153	0.000553	0.655542	0.730542
2154	0.000554	0.64947	0.729024
2155	0.000555	0.644916	0.725988
2156	0.000556	0.64188	0.72447
2157	0.000557	0.638844	0.721434
2158	0.000558	0.628217	0.71688
2159	0.000559	0.623663	0.713844
2160	0.00056	0.620627	0.710808
2161	0.000561	0.616073	0.70929
2162	0.000562	0.608483	0.706254
2163	0.000563	0.608483	0.704736
2164	0.000564	0.602411	0.7017
2165	0.000565	0.59482	0.700182
2166	0.000566	0.588748	0.695627
2167	0.000567	0.58723	0.694109
2168	0.000568	0.57964	0.691073
2169	0.000569	0.573568	0.689555
2170	0.00057	0.570532	0.688037
2171	0.000571	0.567496	0.686519
2172	0.000572	0.561423	0.683483
2173	0.000573	0.553833	0.683483
2174	0.000574	0.552315	0.680447
2175	0.000575	0.544725	0.678929
2176	0.000576	0.538653	0.675893
2177	0.000577	0.534099	0.675893
2178	0.000578	0.531063	0.672857
2179	0.000579	0.52499	0.671339
2180	0.00058	0.518918	0.669821
2181	0.000581	0.515882	0.669821
2182	0.000582	0.511328	0.665267
2183	0.000583	0.505256	0.665267
2184	0.000584	0.499184	0.665267
2185	0.000585	0.497666	0.66223
2186	0.000586	0.490075	0.66223
2187	0.000587	0.487039	0.659194
2188	0.000588	0.480967	0.659194
2189	0.000589	0.476413	0.657676
2190	0.00059	0.470341	0.657676
2191	0.000591	0.464269	0.65464
2192	0.000592	0.461232	0.65464
2193	0.000593	0.45516	0.651604
2194	0.000594	0.449088	0.651604
2195	0.000595	0.44757	0.648568
2196	0.000596	0.43998	0.650086
2197	0.000597	0.433908	0.64705
2198	0.000598	0.430872	0.64705
2199	0.000599	0.426317	0.64705
2200	0.0006	0.418727	0.644014
2201	0.000601	0.415691	0.645532
2202	0.000602	0.409619	0.642496
2203	0.000603	0.406583	0.642496
2204	0.000604	0.400511	0.640978
2205	0.000605	0.395957	0.640978
2206	0.000606	0.391402	0.63946
2207	0.000607	0.38533	0.637942
2208	0.000608	0.379258	0.637942
2209	0.000609	0.376222	0.636424
2210	0.00061	0.371668	0.636424
2211	0.000611	0.365596	0.634906
2212	0.000612	0.36256	0.636424
2213	0.000613	0.356487	0.633388
2214	0.000614	0.348897	0.634906
2215	0.000615	0.345861	0.63187
2216	0.000616	0.342825	0.63187
2217	0.000617	0.335235	0.63187
2218	0.000618	0.332199	0.628833
2219	0.000619	0.326127	0.628833
2220	0.00062	0.321572	0.627315
2221	0.000621	0.3155	0.628833
2222	0.000622	0.310946	0.625797
2223	0.000623	0.30791	0.624279
2224	0.000624	0.30032	0.624279
2225	0.000625	0.295766	0.625797
2226	0.000626	0.29273	0.622761
2227	0.000627	0.289693	0.622761
2228	0.000628	0.280585	0.624279
2229	0.000629	0.277549	0.621243
2230	0.00063	0.271477	0.621243
2231	0.000631	0.266923	0.621243
2232	0.000632	0.260851	0.619725
2233	0.000633	0.257815	0.621243
2234	0.000634	0.251742	0.618207
2235	0.000635	0.24567	0.618207
2236	0.000636	0.244152	0.618207
2237	0.000637	0.23808	0.618207
2238	0.000638	0.23049	0.616689
2239	0.000639	0.225936	0.618207
2240	0.00064	0.2229	0.615171
2241	0.000641	0.218345	0.615171
2242	0.000642	0.210755	0.616689
2243	0.000643	0.204683	0.613653
2244	0.000644	0.204683	0.613653
2245	0.000645	0.197093	0.613653
2246	0.000646	0.191021	0.612135
2247	0.000647	0.187985	0.615171
2248	0.000648	0.181912	0.613653
2249	0.000649	0.177358	0.613653
2250	0.00065	0.172804	0.610617
2251	0.000651	0.169768	0.610617
2252	0.000652	0.162178	0.610617
2253	0.000653	0.156106	0.610617
2254	0.000654	0.153069	0.607581
2255	0.000655	0.146997	0.607581
2256	0.000656	0.139407	0.607581
2257	0.000657	0.134853	0.606063
2258	0.000658	0.133335	0.606063
2259	0.000659	0.127263	0.606063
2260	0.00066	0.121191	0.607581
2261	0.000661	0.118154	0.604545
2262	0.000662	0.112082	0.604545
2263	0.000663	0.10601	0.606063
2264	0.000664	0.104492	0.604545
2265	0.000665	0.0984199	0.603027
2266	0.000666	0.0923477	0.603027
2267	0.000667	0.0862755	0.603027
2268	0.000668	0.0832395	0.603027
2269	0.000669	0.0786853	0.601509
2270	0.00067	0.0695771	0.601509
2271	0.000671	0.066541	0.601509
2272	0.000672	0.0635049	0.599991
2273	0.000673	0.0559147	0.599991
2274	0.000674	0.0528786	0.599991
2275	0.000675	0.0483244	0.599991
2276	0.000676	0.0437703	0.599991
2277	0.000677	0.034662	0.598473
2278	0.000678	0.033144	0.598473
2279	0.000679	0.0301079	0.599991
2280	0.00068	0.0225177	0.596955
2281	0.000681	0.0164455	0.598473
2282	0.000682	0.0118914	0.596955
2283	0.000683	0.00885529	0.596955
2284	0.000684	-0.000252978	0.596955
2285	0.000685	-0.00328907	0.595437
2286	0.000686	0.00430115	0.596955
2287	0.000687	0.00733724	0.596955
2288	0.000688	0.0118914	0.595437
2289	0.000689	0.0149275	0.595437
2290	0.00069	0.0225177	0.595437
2291	0.000691	0.0285899	0.595437
2292	0.000692	0.034662	0.593919
2293	0.000693	0.0361801	0.593919
2294	0.000694	0.0422523	0.593919
2295	0.000695	0.0483244	0.593919
2296	0.000696	0.0528786	0.5924
2297	0.000697	0.0589507	0.593919
2298	0.000698	0.0650229	0.5924
2299	0.000699	0.068059	0.5924
2300	0.0007	0.0710951	0.5924
2301	0.000701	0.0802034	0.5924
2302	0.000702	0.0847575	0.5924
2303	0.000703	0.0877936	0.5924
2304	0.000704	0.0923477	0.590882
2305	0.000705	0.0999379	0.590882
2306	0.000706	0.10601	0.590882
2307	0.000707	0.107528	0.590882
2308	0.000708	0.1136	0.590882
2309	0.000709	0.121191	0.590882
2310	0.00071	0.122709	0.589364
2311	0.000711	0.128781	0.589364
2312	0.000712	0.133335	0.589364
2313	0.000713	0.136371	0.589364
2314	0.000714	0.143961	0.587846
2315	0.000715	0.150033	0.587846
2316	0.000716	0.154588	0.587846
2317	0.000717	0.156106	0.587846
2318	0.000718	0.162178	0.587846
2319	0.000719	0.169768	0.587846
2320	0.00072	0.17584	0.587846
2321	0.000721	0.177358	0.58481
2322	0.000722	0.18343	0.58481
2323	0.000723	0.187985	0.58481
2324	0.000724	0.192539	0.583292
2325	0.000725	0.198611	0.583292
2326	0.000726	0.204683	0.583292
2327	0.000727	0.207719	0.583292
2328	0.000728	0.210755	0.583292
2329	0.000729	0.218345	0.581774
2330	0.00073	0.224418	0.581774
2331	0.000731	0.227454	0.581774
2332	0.000732	0.232008	0.581774
2333	0.000733	0.239598	0.581774
2334	0.000734	0.244152	0.581774
2335	0.000735	0.247188	0.581774
2336	0.000736	0.251742	0.580256
2337	0.000737	0.257815	0.580256
2338	0.000738	0.260851	0.580256
2339	0.000739	0.266923	0.580256
2340	0.00074	0.274513	0.578738
2341	0.000741	0.277549	0.578738
2342	0.000742	0.280585	0.578738
2343	0.000743	0.289693	0.578738
2344	0.000744	0.29273	0.578738
2345	0.000745	0.295766	0.578738
2346	0.000746	0.30032	0.578738
2347	0.000747	0.30791	0.578738
2348	0.000748	0.310946	0.578738
2349	0.000749	0.318536	0.57722
2350	0.00075	0.321572	0.57722
2351	0.000751	0.326127	0.57722
2352	0.000752	0.332199	0.57722
2353	0.000753	0.336753	0.57722
2354	0.000754	0.342825	0.57722
2355	0.000755	0.345861	0.57722
2356	0.000756	0.350415	0.57722
2357	0.000757	0.356487	0.57722
2358	0.000758	0.36256	0.575702
2359	0.000759	0.365596	0.575702
2360	0.00076	0.371668	0.575702
2361	0.000761	0.37774	0.575702
2362	0.000762	0.380776	0.574184
2363	0.000763	0.383812	0.574184
2364	0.000764	0.389884	0.574184
2365	0.000765	0.395957	0.574184
2366	0.000766	0.402029	0.572666
2367	0.000767	0.405065	0.575702
2368	0.000768	0.411137	0.574184
2369	0.000769	0.414173	0.574184
2370	0.00077	0.420245	0.572666
2371	0.000771	0.426317	0.572666
2372	0.000772	0.430872	0.572666
2373	0.000773	0.435426	0.572666
2374	0.000774	0.43998	0.572666
2375	0.000775	0.446052	0.574184
2376	0.000776	0.452124	0.572666
2377	0.000777	0.45516	0.571148
2378	0.000778	0.461232	0.571148
2379	0.000779	0.464269	0.571148
2380	0.00078	0.470341	0.571148
2381	0.000781	0.476413	0.571148
2382	0.000782	0.482485	0.571148
2383	0.000783	0.485521	0.56963
2384	0.000784	0.490075	0.56963
2385	0.000785	0.499184	0.56963
2386	0.000786	0.499184	0.571148
2387	0.000787	0.505256	0.56963
2388	0.000788	0.511328	0.56963
2389	0.000789	0.5174	0.56963
2390	0.00079	0.518918	0.56963
2391	0.000791	0.52499	0.56963
2392	0.000792	0.534099	0.56963
2393	0.000793	0.538653	0.56963
2394	0.000794	0.541689	0.56963
2395	0.000795	0.546243	0.56963
2396	0.000796	0.550797	0.56963
2397	0.000797	0.553833	0.56963
2398	0.000798	0.561423	0.56963
2399	0.000799	0.565978	0.56963
2400	0.0008	0.570532	0.56963
2401	0.000801	0.576604	0.56963
2402	0.000802	0.57964	0.56963
2403	0.000803	0.58723	0.56963
2404	0.000804	0.590266	0.56963
2405	0.000805	0.593302	0.56963
2406	0.000806	0.600893	0.56963
2407	0.000807	0.605447	0.56963
2408	0.000808	0.610001	0.56963
2409	0.000809	0.616073	0.571148
2410	0.00081	0.620627	0.571148
2411	0.000811	0.623663	0.572666
2412	0.000812	0.628217	0.572666
2413	0.000813	0.635808	0.572666
2414	0.000814	0.640362	0.574184
2415	0.000815	0.644916	0.574184
2416	0.000816	0.64947	0.574184
2417	0.000817	0.65706	0.57722
2418	0.000818	0.660096	0.580256
2419	0.000819	0.66465	0.580256
2420	0.00082	0.670723	0.580256
2421	0.000821	0.673759	0.583292
2422	0.000822	0.679831	0.58481
2423	0.000823	0.684385	0.589364
2424	0.000824	0.690457	0.589364
2425	0.000825	0.693493	0.5924
2426	0.000826	0.701083	0.595437
2427	0.000827	0.705638	0.598473
2428	0.000828	0.710192	0.601509
2429	0.000829	0.713228	0.604545
2430	0.00083	0.7193	0.607581
2431	0.000831	0.72689	0.612135
2432	0.000832	0.729926	0.616689
2433	0.000833	0.735999	0.621243
2434	0.000834	0.740553	0.624279
2435	0.000835	0.740553	0.633388
2436	0.000836	0.749661	0.636424
2437	0.000837	0.755733	0.644014
2438	0.000838	0.761805	0.64705
2439	0.000839	0.763323	0.65464
2440	0.00084	0.770914	0.660712
2441	0.000841	0.77395	0.666785
2442	0.000842	0.78154	0.672857
2443	0.000843	0.784576	0.681965
2444	0.000844	0.790648	0.688037
2445	0.000845	0.795202	0.698664
2446	0.000846	0.798238	0.704736
2447	0.000847	0.804311	0.712326
2448	0.000848	0.810383	0.721434
2449	0.000849	0.813419	0.730542
2450	0.00085	0.819491	0.736615
2451	0.000851	0.824045	0.745723
2452	0.000852	0.830117	0.753313
2453	0.000853	0.833153	0.760903
2454	0.000854	0.840744	0.770012
2455	0.000855	0.846816	0.777602
2456	0.000856	0.849852	0.78671
2457	0.000857	0.852888	0.795818
2458	0.000858	0.860478	0.803409
2459	0.000859	0.865032	0.810999
2460	0.00086	0.868068	0.817071
2461	0.000861	0.874141	0.826179
2462	0.000862	0.880213	0.83377
2463	0.000863	0.881731	0.84136
2464	0.000864	0.889321	0.847432
2465	0.000865	0.895393	0.855022
2466	0.000866	0.901465	0.861094
2467	0.000867	0.902983	0.867166
2468	0.000868	0.910574	0.874757
2469	0.000869	0.915128	0.880829
2470	0.00087	0.916646	0.886901
2471	0.000871	0.922718	0.892973
2472	0.000872	0.930308	0.900563
2473	0.000873	0.934862	0.905118
2474	0.000874	0.937898	0.91119
2475	0.000875	0.943971	0.917262
2476	0.000876	0.950043	0.923334
2477	0.000877	0.953079	0.929406
2478	0.000878	0.960669	0.935478
2479	0.000879	0.963705	0.940033
2480	0.00088	0.969777	0.947623
2481	0.000881	0.972813	0.950659
2482	0.000882	0.977368	0.956731
2483	0.000883	0.984958	0.962803
2484	0.000884	0.987994	0.968875
2485	0.000885	0.994066	0.97343
2486	0.000886	1.00014	0.979502
2487	0.000887	1.00469	0.984056
2488	0.000888	1.00773	0.98861
2489	0.000889	1.0138	0.994682
2490	0.00089	1.01987	0.999236
2491	0.000891	1.02291	1.00683
2492	0.000892	1.02898	1.00986
2493	0.000893	1.03505	1.01593
2494	0.000894	1.03809	1.02049
2495	0.000895	1.04264	1.02504
2496	0.000896	1.0472	1.03112
2497	0.000897	1.05479	1.03719
2498	0.000898	1.05782	1.04174
2499	0.000899	1.06086	1.0463
2500	0.0009	1.06693	1.05389
2501	0.000901	1.07452	1.05692
2502	0.000902	1.07756	1.06148
2503	0.000903	1.08363	1.06603
2504	0.000904	1.0897	1.07362
2505	0.000905	1.09274	1.07817
2506	0.000906	1.09729	1.08273
2507	0.000907	1.10488	1.08728
2508	0.000908	1.10792	1.09487
2509	0.000909	1.11096	1.09943
2510	0.00091	1.11703	1.10246
2511	0.000911	1.12462	1.10854
2512	0.000912	1.12765	1.11613
2513	0.000913	1.13373	1.11916
2514	0.000914	1.13676	1.12523
2515	0.000915	1.14587	1.12827
2516	0.000916	1.14891	1.13434
2517	0.000917	1.15498	1.14193
2518	0.000918	1.15801	1.14497
2519	0.000919	1.16105	1.148
2520	0.00092	1.16864	1.15408
2521	0.000921	1.17471	1.16015
2522	0.000922	1.17775	1.1647
2523	0.000923	1.18079	1.16774
2524	0.000924	1.18838	1.17229
2525	0.000925	1.19445	1.17837
2526	0.000926	1.199	1.18292
2527	0.000927	1.20204	1.19051
2528	0.000928	1.20811	1.19355
2529	0.000929	1.2157	1.1981
2530	0.00093	1.21722	1.20569
2531	0.000931	1.22329	1.21024
2532	0.000932	1.23088	1.21328
2533	0.000933	1.2324	1.22087
2534	0.000934	1.23695	1.22542
2535	0.000935	1.24606	1.22998
2536	0.000936	1.2491	1.23453
2537	0.000937	1.25062	1.24061
2538	0.000938	1.26124	1.24364
2539	0.000939	1.2658	1.25123
2540	0.00094	1.26883	1.25427
2541	0.000941	1.27187	1.25882
2542	0.000942	1.27794	1.26338
2543	0.000943	1.27946	1.27097
2544	0.000944	1.28705	1.274
2545	0.000945	1.2916	1.27856
2546	0.000946	1.29767	1.28463
2547	0.000947	1.30071	1.28766
2548	0.000948	1.30982	1.29374
2549	0.000949	1.31286	1.29981
2550	0.00095	1.31741	1.30436
2551	0.000951	1.32196	1.30892
2552	0.000952	1.32955	1.31499
2553	0.000953	1.33259	1.31954
2554	0.000954	1.33714	1.32562
2555	0.000955	1.3417	1.32865
2556	0.000956	1.35081	1.33472
2557	0.000957	1.35232	1.33928
2558	0.000958	1.35536	1.34231
2559	0.000959	1.36143	1.34839
2560	0.00096	1.3675	1.35294
2561	0.000961	1.37054	1.35749
2562	0.000962	1.3751	1.36357
2563	0.000963	1.3842	1.36812
2564	0.000964	1.38572	1.37268
2565	0.000965	1.38876	1.37875
2566	0.000966	1.39483	1.3833
2567	0.000967	1.40242	1.38786
2568	0.000968	1.40546	1.39241
2569	0.000969	1.41001	1.4
2570	0.00097	1.42215	1.40304
2571	0.000971	1.42064	1.40911
2572	0.000972	1.42823	1.41366
2573	0.000973	1.43126	1.41822
2574	0.000974	1.44037	1.42581
2575	0.000975	1.44037	1.43036
2576	0.000976	1.44644	1.4334
2577	0.000977	1.45403	1.43947
2578	0.000978	1.45859	1.44554
2579	0.000979	1.46314	1.4501
2580	0.00098	1.46921	1.45465
2581	0.000981	1.47225	1.4592
2582	0.000982	1.47529	1.46679
2583	0.000983	1.48288	1.46831
2584	0.000984	1.48743	1.47438
2585	0.000985	1.49198	1.48046
2586	0.000986	1.49806	1.48501
2587	0.000987	1.50261	1.48956
2588	0.000988	1.50868	1.49564
2589	0.000989	1.5102	1.50019
2590	0.00099	1.51779	1.50475
2591	0.000991	1.52386	1.51082
2592	0.000992	1.5269	1.51537
2593	0.000993	1.53449	1.51841
2594	0.000994	1.53904	1.526
2595	0.000995	1.5436	1.52903
2596	0.000996	1.54663	1.53511
2597	0.000997	1.55271	1.53814
2598	0.000998	1.5603	1.54573
2599	0.000999	1.56181	1.54877
2600	0.001	1.56789	1.5518
2601	0.001001	1.57244	1.55939
2602	0.001002	1.58003	1.56395
2603	0.001003	1.58003	1.57002
2604	0.001004	1.58762	1.57609
2605	0.001005	1.59521	1.58065
2606	0.001006	1.59673	1.5852
2607	0.001007	1.60128	1.58976
2608	0.001008	1.60887	1.59431
2609	0.001009	1.61646	1.60038
2610	0.00101	1.61646	1.60645
2611	0.001011	1.62254	1.60949
2612	0.001012	1.63013	1.61556
2613	0.001013	1.63316	1.62315
2614	0.001014	1.6362	1.62467
2615	0.001015	1.64227	1.63074
2616	0.001016	1.64834	1.6353
2617	0.001017	1.64986	1.63833
2618	0.001018	1.65745	1.64441
2619	0.001019	1.66352	1.65048
2620	0.00102	1.66656	1.65503
2621	0.001021	1.67111	1.65807
2622	0.001022	1.6787	1.66566
2623	0.001023	1.68326	1.67173
2624	0.001024	1.68629	1.67477
2625	0.001025	1.69388	1.6778
2626	0.001026	1.69692	1.68387
2627	0.001027	1.70299	1.69146
2628	0.001028	1.70755	1.69602
2629	0.001029	1.71362	1.70057
2630	0.00103	1.71666	1.70361
2631	0.001031	1.71969	1.7112
2632	0.001032	1.72728	1.71575
2633	0.001033	1.73335	1.71879
2634	0.001034	1.73487	1.72334
2635	0.001035	1.74094	1.72942
2636	0.001036	1.74853	1.73549
2637	0.001037	1.75157	1.73852
2638	0.001038	1.75461	1.74308
2639	0.001039	1.7622	1.74915
2640	0.00104	1.76523	1.7537
2641	0.001041	1.7713	1.75826
2642	0.001042	1.77434	1.76281
2643	0.001043	1.78345	1.76737
2644	0.001044	1.78497	1.77496
2645	0.001045	1.79256	1.77951
2646	0.001046	1.79559	1.78255
2647	0.001047	1.80318	1.78862
2648	0.001048	1.8047	1.79317
2649	0.001049	1.81077	1.79925
2650	0.00105	1.81836	1.8038
2651	0.001051	1.82444	1.80987
2652	0.001052	1.82595	1.81291
2653	0.001053	1.83203	1.81898
2654	0.001054	1.83658	1.82505
2655	0.001055	1.84113	1.82809
2656	0.001056	1.84569	1.83264
2657	0.001057	1.85176	1.84023
2658	0.001058	1.85632	1.84479
2659	0.001059	1.85935	1.84631
2660	0.00106	1.86694	1.8539
2661	0.001061	1.8715	1.85845
2662	0.001062	1.87453	1.86452
2663	0.001063	1.8806	1.86756
2664	0.001064	1.88819	1.87363
2665	0.001065	1.88971	1.87667
2666	0.001066	1.89578	1.88426
2667	0.001067	1.90034	1.88881
2668	0.001068	1.90641	1.89488
2669	0.001069	1.91096	1.8964
2670	0.00107	1.91552	1.90247
2671	0.001071	1.92159	1.90854
2672	0.001072	1.92766	1.91462
2673	0.001073	1.92918	1.91765
2674	0.001074	1.93677	1.92221
2675	0.001075	1.94284	1.92828
2676	0.001076	1.94588	1.93435
2677	0.001077	1.95043	1.93891
2678	0.001078	1.95802	1.94346
2679	0.001079	1.95954	1.94953
2680	0.00108	1.96561	1.95409
2681	0.001081	1.97169	1.96016
2682	0.001082	1.97624	1.96319
2683	0.001083	1.98079	1.96775
2684	0.001084	1.98687	1.97382
2685	0.001085	1.99294	1.97837
2686	0.001086	1.99598	1.98445
2687	0.001087	2.00205	1.989
2688	0.001088	2.0066	1.99507
2689	0.001089	2.01116	1.99963
2690	0.00109	2.01267	2.00266
2691	0.001091	2.02026	2.00722
2692	0.001092	2.02785	2.01177
2693	0.001093	2.03089	2.01784
2694	0.001094	2.03393	2.0224
2695	0.001095	2.04	2.02695
2696	0.001096	2.04759	2.03151
2697	0.001097	2.05062	2.0391
2698	0.001098	2.0567	2.04213
2699	0.001099	2.06277	2.0482
2700	0.0011	2.06581	2.05428
2701	0.001101	2.06884	2.05883
2702	0.001102	2.07795	2.0649
2703	0.001103	2.08099	2.06794
2704	0.001104	2.08402	2.07401
2705	0.001105	2.09161	2.07857
2706	0.001106	2.0992	2.08312
2707	0.001107	2.10072	2.08767
2708	0.001108	2.10527	2.09223
2709	0.001109	2.11135	2.09678
2710	0.00111	2.11894	2.10437
2711	0.001111	2.12046	2.10741
2712	0.001112	2.12501	2.11196
2713	0.001113	2.13108	2.11652
2714	0.001114	2.13412	2.12107
2715	0.001115	2.13867	2.12714
2716	0.001116	2.14626	2.1317
2717	0.001117	2.15233	2.13625
2718	0.001118	2.15233	2.14081
2719	0.001119	2.15992	2.14688
2720	0.00112	2.16751	2.15295
2721	0.001121	2.17055	2.15902
2722	0.001122	2.17662	2.16206
2723	0.001123	2.18118	2.16509
2724	0.001124	2.18877	2.1742
2725	0.001125	2.19028	2.17724
2726	0.001126	2.19788	2.18179
2727	0.001127	2.20091	2.18635
2728	0.001128	2.20547	2.19242
2729	0.001129	2.21002	2.19849
2730	0.00113	2.21609	2.20153
2731	0.001131	2.22065	2.20608
2732	0.001132	2.22368	2.21367
2733	0.001133	2.23127	2.21671
2734	0.001134	2.23583	2.22126
2735	0.001135	2.23886	2.22582
2736	0.001136	2.24493	2.22885
2737	0.001137	2.24949	2.23644
2738	0.001138	2.25404	2.24251
2739	0.001139	2.26163	2.24555
2740	0.00114	2.26467	2.2501
2741	0.001141	2.27074	2.25466
2742	0.001142	2.2753	2.26225
2743	0.001143	2.27985	2.26529
2744	0.001144	2.28592	2.26832
2745	0.001145	2.29199	2.27439
2746	0.001146	2.29351	2.27895
2747	0.001147	2.29958	2.28502
2748	0.001148	2.30566	2.28957
2749	0.001149	2.31021	2.29261
2750	0.00115	2.31628	2.29716
2751	0.001151	2.31932	2.30324
2752	0.001152	2.32387	2.30779
2753	0.001153	2.32843	2.31083
2754	0.001154	2.33298	2.31386
2755	0.001155	2.34209	2.31993
2756	0.001156	2.34361	2.32449
2757	0.001157	2.3512	2.32904
2758	0.001158	2.35423	2.33208
2759	0.001159	2.36031	2.33512
2760	0.00116	2.36334	2.34119
2761	0.001161	2.37093	2.34574
2762	0.001162	2.37549	2.34878
2763	0.001163	2.37852	2.35485
2764	0.001164	2.38459	2.35789
2765	0.001165	2.39067	2.36092
2766	0.001166	2.39674	2.36699
2767	0.001167	2.39826	2.37003
2768	0.001168	2.40585	2.37307
2769	0.001169	2.41192	2.3761
2770	0.00117	2.41344	2.37914
2771	0.001171	2.42103	2.38217
2772	0.001172	2.4271	2.38369
2773	0.001173	2.43165	2.39128
2774	0.001174	2.43469	2.3928
2775	0.001175	2.44228	2.39584
2776	0.001176	2.44532	2.39736
2777	0.001177	2.44835	2.40039
2778	0.001178	2.45594	2.40191
2779	0.001179	2.4605	2.40343
2780	0.00118	2.46809	2.40646
2781	0.001181	2.46961	2.40798
2782	0.001182	2.47568	2.41102
2783	0.001183	2.48175	2.41254
2784	0.001184	2.48327	2.41557
2785	0.001185	2.4863	2.41709
2786	0.001186	2.48327	2.41861
2787	0.001187	2.48023	2.42013
2788	0.001188	2.47568	2.42164
2789	0.001189	2.46961	2.42316
2790	0.00119	2.46353	2.42316
2791	0.001191	2.4605	2.42164
2792	0.001192	2.45594	2.42468
2793	0.001193	2.44835	2.42468
2794	0.001194	2.44683	2.42468
2795	0.001195	2.43924	2.42468
2796	0.001196	2.43317	2.42468
2797	0.001197	2.43165	2.42468
2798	0.001198	2.42406	2.42468
2799	0.001199	2.42103	2.42164
2800	0.0012	2.41344	2.42316
2801	0.001201	2.4104	2.42164
2802	0.001202	2.40585	2.42164
2803	0.001203	2.39826	2.42164
2804	0.001204	2.3937	2.42013
2805	0.001205	2.39067	2.42013
2806	0.001206	2.38611	2.41861
2807	0.001207	2.37852	2.41557
2808	0.001208	2.377	2.41405
2809	0.001209	2.37093	2.41254
2810	0.00121	2.36486	2.41102
2811	0.001211	2.36182	2.40646
2812	0.001212	2.35575	2.40495
2813	0.001213	2.34968	2.40191
2814	0.001214	2.34361	2.39887
2815	0.001215	2.34057	2.39584
2816	0.001216	2.3345	2.39128
2817	0.001217	2.32995	2.38825
2818	0.001218	2.32691	2.37914
2819	0.001219	2.31932	2.3761
2820	0.00122	2.31476	2.36851
2821	0.001221	2.31173	2.36092
2822	0.001222	2.30869	2.35485
2823	0.001223	2.29958	2.34878
2824	0.001224	2.29351	2.33967
2825	0.001225	2.29351	2.3336
2826	0.001226	2.28592	2.32904
2827	0.001227	2.28289	2.31842
2828	0.001228	2.27378	2.31234
2829	0.001229	2.27226	2.30627
2830	0.00123	2.26467	2.3002
2831	0.001231	2.2586	2.29261
2832	0.001232	2.25708	2.28654
2833	0.001233	2.24949	2.28198
2834	0.001234	2.24342	2.27439
2835	0.001235	2.2419	2.26832
2836	0.001236	2.23734	2.26529
2837	0.001237	2.22975	2.25921
2838	0.001238	2.22216	2.25162
2839	0.001239	2.22216	2.24707
2840	0.00124	2.21609	2.24251
2841	0.001241	2.21154	2.23644
2842	0.001242	2.20395	2.23037
2843	0.001243	2.20395	2.22582
2844	0.001244	2.19636	2.22126
2845	0.001245	2.19028	2.21519
2846	0.001246	2.18877	2.20912
2847	0.001247	2.18118	2.20456
2848	0.001248	2.1751	2.20153
2849	0.001249	2.17359	2.19546
2850	0.00125	2.16751	2.19242
2851	0.001251	2.15992	2.18331
2852	0.001252	2.15537	2.18027
2853	0.001253	2.15233	2.17572
2854	0.001254	2.14474	2.17117
2855	0.001255	2.14171	2.16509
2856	0.001256	2.13412	2.15902
2857	0.001257	2.1326	2.15295
2858	0.001258	2.12653	2.14991
2859	0.001259	2.12046	2.14384
2860	0.00126	2.11894	2.14081
2861	0.001261	2.10983	2.13322
2862	0.001262	2.10679	2.1317
2863	0.001263	2.10224	2.12563
2864	0.001264	2.09768	2.11955
2865	0.001265	2.09009	2.115
2866	0.001266	2.08402	2.11044
2867	0.001267	2.08402	2.10437
2868	0.001268	2.07795	2.09982
2869	0.001269	2.06884	2.09375
2870	0.00127	2.06581	2.09071
2871	0.001271	2.06277	2.08464
2872	0.001272	2.05518	2.07857
2873	0.001273	2.05214	2.07553
2874	0.001274	2.04911	2.07098
2875	0.001275	2.04152	2.0649
2876	0.001276	2.03544	2.06187
2877	0.001277	2.03089	2.05276
2878	0.001278	2.02937	2.04972
2879	0.001279	2.01875	2.04365
2880	0.00128	2.01419	2.0391
2881	0.001281	2.01116	2.03302
2882	0.001282	2.00508	2.02999
2883	0.001283	2.00357	2.0224
2884	0.001284	1.99598	2.01936
2885	0.001285	1.99142	2.01481
2886	0.001286	1.98535	2.00874
2887	0.001287	1.98079	2.00418
2888	0.001288	1.97624	1.99963
2889	0.001289	1.97017	1.99507
2890	0.00129	1.96561	1.989
2891	0.001291	1.96258	1.98597
2892	0.001292	1.95651	1.97837
2893	0.001293	1.95043	1.97534
2894	0.001294	1.94436	1.96775
2895	0.001295	1.94133	1.96319
2896	0.001296	1.93677	1.96016
2897	0.001297	1.93374	1.95409
2898	0.001298	1.92615	1.94953
2899	0.001299	1.92159	1.94346
2900	0.0013	1.91552	1.93891
2901	0.001301	1.90945	1.93587
2902	0.001302	1.90641	1.92828
2903	0.001303	1.90034	1.92373
2904	0.001304	1.89427	1.91917
2905	0.001305	1.89123	1.91614
2906	0.001306	1.88668	1.90854
2907	0.001307	1.8806	1.90551
2908	0.001308	1.87453	1.89944
2909	0.001309	1.8715	1.89488
2910	0.00131	1.86542	1.89033
2911	0.001311	1.85935	1.88577
2912	0.001312	1.85632	1.8797
2913	0.001313	1.85176	1.87363
2914	0.001314	1.84569	1.87059
2915	0.001315	1.83962	1.86452
2916	0.001316	1.83658	1.85845
2917	0.001317	1.83051	1.8539
2918	0.001318	1.82444	1.84934
2919	0.001319	1.82292	1.84479
2920	0.00132	1.81836	1.84175
2921	0.001321	1.81077	1.83416
2922	0.001322	1.80622	1.82961
2923	0.001323	1.80318	1.82505
2924	0.001324	1.79711	1.8205
2925	0.001325	1.78952	1.81443
2926	0.001326	1.788	1.80987
2927	0.001327	1.78041	1.8038
2928	0.001328	1.77738	1.80076
2929	0.001329	1.7713	1.79621
2930	0.00133	1.76675	1.79014
2931	0.001331	1.7622	1.78558
2932	0.001332	1.75461	1.78103
2933	0.001333	1.75461	1.77496
2934	0.001334	1.74702	1.7704
2935	0.001335	1.74094	1.76433
2936	0.001336	1.73487	1.75978
2937	0.001337	1.73335	1.75522
2938	0.001338	1.72728	1.74915
2939	0.001339	1.71969	1.7446
2940	0.00134	1.71666	1.74004
2941	0.001341	1.71362	1.73549
2942	0.001342	1.70603	1.73093
2943	0.001343	1.70451	1.72638
2944	0.001344	1.69692	1.72183
2945	0.001345	1.69388	1.71575
2946	0.001346	1.68478	1.7112
2947	0.001347	1.68326	1.70513
2948	0.001348	1.6787	1.70057
2949	0.001349	1.67111	1.69602
2950	0.00135	1.66504	1.69146
2951	0.001351	1.66504	1.68843
2952	0.001352	1.65745	1.67932
2953	0.001353	1.64986	1.6778
2954	0.001354	1.64683	1.67021
2955	0.001355	1.64379	1.66718
2956	0.001356	1.63772	1.65959
2957	0.001357	1.63164	1.65655
2958	0.001358	1.62709	1.652
2959	0.001359	1.62254	1.64744
2960	0.00136	1.61646	1.64289
2961	0.001361	1.61495	1.6353
2962	0.001362	1.61039	1.63226
2963	0.001363	1.60128	1.62619
2964	0.001364	1.59825	1.62315
2965	0.001365	1.59369	1.61708
2966	0.001366	1.58762	1.61253
2967	0.001367	1.58307	1.60645
2968	0.001368	1.577	1.60342
2969	0.001369	1.57244	1.59886
2970	0.00137	1.56789	1.59127
2971	0.001371	1.56485	1.58672
2972	0.001372	1.55726	1.58217
2973	0.001373	1.55271	1.57761
2974	0.001374	1.54663	1.57154
2975	0.001375	1.5436	1.56698
2976	0.001376	1.53904	1.56091
2977	0.001377	1.53297	1.55636
2978	0.001378	1.5269	1.55029
2979	0.001379	1.52538	1.54573
2980	0.00138	1.51627	1.54118
2981	0.001381	1.51172	1.53814
2982	0.001382	1.50868	1.53359
2983	0.001383	1.50261	1.526
2984	0.001384	1.49806	1.52144
2985	0.001385	1.4935	1.51689
2986	0.001386	1.49047	1.51234
2987	0.001387	1.48591	1.50778
2988	0.001388	1.47529	1.50171
2989	0.001389	1.47225	1.49564
2990	0.00139	1.46921	1.49412
2991	0.001391	1.46314	1.48805
2992	0.001392	1.46011	1.48046
2993	0.001393	1.45403	1.47894
2994	0.001394	1.44796	1.47287
2995	0.001395	1.44037	1.46831
2996	0.001396	1.43885	1.46072
2997	0.001397	1.4343	1.45769
2998	0.001398	1.42671	1.45313
2999	0.001399	1.42367	1.44706
3000	0.0014	1.42064	1.44402
3001	0.001401	1.41305	1.43643
3002	0.001402	1.40546	1.43188
3003	0.001403	1.40546	1.42732
3004	0.001404	1.39938	1.42277
3005	0.001405	1.39028	1.4167
3006	0.001406	1.38724	1.41214
3007	0.001407	1.38269	1.40759
3008	0.001408	1.37965	1.40304
3009	0.001409	1.37054	1.39545
3010	0.00141	1.36902	1.39089
3011	0.001411	1.36295	1.38634
3012	0.001412	1.35688	1.38178
3013	0.001413	1.35384	1.37571
3014	0.001414	1.34777	1.37116
3015	0.001415	1.3417	1.36509
3016	0.001416	1.33866	1.36205
3017	0.001417	1.33563	1.35749
3018	0.001418	1.32804	1.35142
3019	0.001419	1.32348	1.34839
3020	0.00142	1.31893	1.3408
3021	0.001421	1.31589	1.33776
3022	0.001422	1.3083	1.33472
3023	0.001423	1.30223	1.32562
3024	0.001424	1.29919	1.32258
3025	0.001425	1.29312	1.31803
3026	0.001426	1.29008	1.31347
3027	0.001427	1.28249	1.30892
3028	0.001428	1.27946	1.30133
3029	0.001429	1.27339	1.29981
3030	0.00143	1.26731	1.29374
3031	0.001431	1.2658	1.28766
3032	0.001432	1.25972	1.28159
3033	0.001433	1.25213	1.28007
3034	0.001434	1.25062	1.27248
3035	0.001435	1.24454	1.26945
3036	0.001436	1.23999	1.26338
3037	0.001437	1.2324	1.2573
3038	0.001438	1.23088	1.25427
3039	0.001439	1.22481	1.24971
3040	0.00144	1.21874	1.24668
3041	0.001441	1.21722	1.23757
3042	0.001442	1.20963	1.23453
3043	0.001443	1.20356	1.22998
3044	0.001444	1.199	1.22542
3045	0.001445	1.19748	1.21935
3046	0.001446	1.18838	1.21328
3047	0.001447	1.18382	1.21024
3048	0.001448	1.17927	1.20569
3049	0.001449	1.17471	1.1981
3050	0.00145	1.16864	1.19203
3051	0.001451	1.16105	1.18899
3052	0.001452	1.15953	1.18444
3053	0.001453	1.15346	1.1814
3054	0.001454	1.14739	1.17229
3055	0.001455	1.14587	1.17078
3056	0.001456	1.1398	1.1647
3057	0.001457	1.13373	1.16015
3058	0.001458	1.12765	1.15256
3059	0.001459	1.12614	1.15104
3060	0.00146	1.11703	1.14345
3061	0.001461	1.11399	1.14041
3062	0.001462	1.11096	1.13738
3063	0.001463	1.10337	1.12979
3064	0.001464	1.10033	1.12372
3065	0.001465	1.09274	1.1222
3066	0.001466	1.0897	1.11461
3067	0.001467	1.08515	1.11005
3068	0.001468	1.07756	1.1055
3069	0.001469	1.07604	1.10095
3070	0.00147	1.06845	1.09639
3071	0.001471	1.06238	1.0888
3072	0.001472	1.05934	1.08425
3073	0.001473	1.05631	1.07969
3074	0.001474	1.05023	1.07666
3075	0.001475	1.04264	1.0721
3076	0.001476	1.03809	1.06603
3077	0.001477	1.03354	1.06148
3078	0.001478	1.0305	1.05692
3079	0.001479	1.02594	1.05237
3080	0.00148	1.02139	1.0463
3081	0.001481	1.0138	1.04174
3082	0.001482	1.00773	1.03719
3083	0.001483	1.00621	1.03112
3084	0.001484	1.00014	1.02808
3085	0.001485	0.994066	1.02352
3086	0.001486	0.987994	1.01745
3087	0.001487	0.984958	1.0129
3088	0.001488	0.977368	1.00683
3089	0.001489	0.972813	1.00075
3090	0.00149	0.969777	0.997718
3091	0.001491	0.963705	0.993164
3092	0.001492	0.959151	0.98861
3093	0.001493	0.956115	0.984056
3094	0.001494	0.951561	0.977984
3095	0.001495	0.943971	0.97343
3096	0.001496	0.939416	0.970393
3097	0.001497	0.93638	0.964321
3098	0.001498	0.92879	0.962803
3099	0.001499	0.922718	0.955213
3100	0.0015	0.916646	0.950659
3101	0.001501	0.915128	0.944587
3102	0.001502	0.912092	0.941551
3103	0.001503	0.902983	0.935478
3104	0.001504	0.901465	0.930924
3105	0.001505	0.895393	0.927888
3106	0.001506	0.889321	0.923334
3107	0.001507	0.884767	0.91878
3108	0.001508	0.880213	0.91119
3109	0.001509	0.875659	0.908154
3110	0.00151	0.869586	0.9036
3111	0.001511	0.86655	0.900563
3112	0.001512	0.860478	0.892973
3113	0.001513	0.854406	0.889937
3114	0.001514	0.85137	0.885383
3115	0.001515	0.846816	0.882347
3116	0.001516	0.842262	0.876275
3117	0.001517	0.831635	0.874757
3118	0.001518	0.833153	0.867166
3119	0.001519	0.825563	0.862612
3120	0.00152	0.821009	0.859576
3121	0.001521	0.813419	0.855022
3122	0.001522	0.810383	0.851986
3123	0.001523	0.805829	0.844396
3124	0.001524	0.799756	0.84136
3125	0.001525	0.79672	0.838324
3126	0.001526	0.795202	0.832251
3127	0.001527	0.784576	0.830733
3128	0.001528	0.783058	0.823143
3129	0.001529	0.776986	0.820107
3130	0.00153	0.767877	0.815553
3131	0.001531	0.763323	0.814035
3132	0.001532	0.763323	0.807963
3133	0.001533	0.757251	0.804927
3134	0.001534	0.751179	0.798854
3135	0.001535	0.743589	0.795818
3136	0.001536	0.742071	0.791264
3137	0.001537	0.735999	0.788228
3138	0.001538	0.729926	0.783674
3139	0.001539	0.728408	0.77912
3140	0.00154	0.720818	0.776084
3141	0.001541	0.713228	0.773048
3142	0.001542	0.71171	0.768494
3143	0.001543	0.707156	0.765458
3144	0.001544	0.702602	0.760903
3145	0.001545	0.695011	0.757867
3146	0.001546	0.691975	0.754831
3147	0.001547	0.685903	0.751795
3148	0.001548	0.681349	0.747241
3149	0.001549	0.672241	0.744205
3150	0.00155	0.672241	0.742687
3151	0.001551	0.66465	0.738133
3152	0.001552	0.661614	0.735097
3153	0.001553	0.658578	0.73206
3154	0.001554	0.650988	0.729024
3155	0.001555	0.644916	0.725988
3156	0.001556	0.64188	0.722952
3157	0.001557	0.637326	0.721434
3158	0.001558	0.631253	0.71688
3159	0.001559	0.623663	0.713844
3160	0.00156	0.622145	0.710808
3161	0.001561	0.616073	0.70929
3162	0.001562	0.610001	0.706254
3163	0.001563	0.610001	0.704736
3164	0.001564	0.600893	0.7017
3165	0.001565	0.59482	0.700182
3166	0.001566	0.588748	0.695627
3167	0.001567	0.58723	0.694109
3168	0.001568	0.57964	0.691073
3169	0.001569	0.573568	0.688037
3170	0.00157	0.57205	0.688037
3171	0.001571	0.565978	0.686519
3172	0.001572	0.561423	0.683483
3173	0.001573	0.553833	0.681965
3174	0.001574	0.550797	0.680447
3175	0.001575	0.546243	0.677411
3176	0.001576	0.540171	0.677411
3177	0.001577	0.535617	0.675893
3178	0.001578	0.531063	0.672857
3179	0.001579	0.526508	0.671339
3180	0.00158	0.520436	0.671339
3181	0.001581	0.5174	0.666785
3182	0.001582	0.50981	0.666785
3183	0.001583	0.506774	0.666785
3184	0.001584	0.499184	0.663749
3185	0.001585	0.496148	0.66223
3186	0.001586	0.490075	0.660712
3187	0.001587	0.485521	0.659194
3188	0.001588	0.480967	0.659194
3189	0.001589	0.476413	0.659194
3190	0.00159	0.470341	0.656158
3191	0.001591	0.465787	0.656158
3192	0.001592	0.462751	0.656158
3193	0.001593	0.453642	0.651604
3194	0.001594	0.449088	0.651604
3195	0.001595	0.44757	0.650086
3196	0.001596	0.438462	0.650086
3197	0.001597	0.435426	0.64705
3198	0.001598	0.43239	0.648568
3199	0.001599	0.424799	0.645532
